accession_code,ProtT5_64_dim_0,ProtT5_64_dim_1,ProtT5_64_dim_2,ProtT5_64_dim_3,ProtT5_64_dim_4,ProtT5_64_dim_5,ProtT5_64_dim_6,ProtT5_64_dim_7,ProtT5_64_dim_8,ProtT5_64_dim_9,ProtT5_64_dim_10,ProtT5_64_dim_11,ProtT5_64_dim_12,ProtT5_64_dim_13,ProtT5_64_dim_14,ProtT5_64_dim_15,ProtT5_64_dim_16,ProtT5_64_dim_17,ProtT5_64_dim_18,ProtT5_64_dim_19,ProtT5_64_dim_20,ProtT5_64_dim_21,ProtT5_64_dim_22,ProtT5_64_dim_23,ProtT5_64_dim_24,ProtT5_64_dim_25,ProtT5_64_dim_26,ProtT5_64_dim_27,ProtT5_64_dim_28,ProtT5_64_dim_29,ProtT5_64_dim_30,ProtT5_64_dim_31,ProtT5_64_dim_32,ProtT5_64_dim_33,ProtT5_64_dim_34,ProtT5_64_dim_35,ProtT5_64_dim_36,ProtT5_64_dim_37,ProtT5_64_dim_38,ProtT5_64_dim_39,ProtT5_64_dim_40,ProtT5_64_dim_41,ProtT5_64_dim_42,ProtT5_64_dim_43,ProtT5_64_dim_44,ProtT5_64_dim_45,ProtT5_64_dim_46,ProtT5_64_dim_47,ProtT5_64_dim_48,ProtT5_64_dim_49,ProtT5_64_dim_50,ProtT5_64_dim_51,ProtT5_64_dim_52,ProtT5_64_dim_53,ProtT5_64_dim_54,ProtT5_64_dim_55,ProtT5_64_dim_56,ProtT5_64_dim_57,ProtT5_64_dim_58,ProtT5_64_dim_59,ProtT5_64_dim_60,ProtT5_64_dim_61,ProtT5_64_dim_62,ProtT5_64_dim_63
P11827,-0.37700462,0.16965064,-0.3344311,0.06990899,-0.13964762,0.11824021,0.11412574,0.057397395,0.11373325,-0.28699547,0.46378314,0.57171094,-0.20020118,-0.02189318,-0.2972665,-0.20964502,-0.13187459,0.5836444,-0.29073614,0.664216,0.17493598,0.073445894,0.2921089,-0.105827525,0.20919043,-0.17229378,-0.38983917,0.44836876,0.019208299,0.46471328,0.59196264,0.18432884,0.22391784,0.7036169,-0.13096708,-0.607945,-0.15101625,0.3810458,0.4855211,0.34947735,-0.6004986,-0.10783248,0.15717345,-0.009886585,0.17942062,-0.58610815,-0.13675809,0.09218334,-0.17485414,-0.042040244,0.07834199,-0.3098516,-0.32556984,0.9420495,-0.2774916,-0.19252515,0.28307033,0.30056137,0.49011776,0.61876726,0.13170034,-0.31159624,0.116895586,-0.14765912
O75347,-0.86124086,0.42008856,-0.04408727,0.23316641,-0.36024928,-0.07590034,0.24761277,-0.71006906,-0.10047449,0.33324766,0.33525658,0.35467824,0.19232164,0.39498624,0.70142716,0.18661572,-0.1853419,0.39182675,-0.4431842,0.5857685,-0.29303962,0.20824996,-0.14009155,-0.16550887,0.07878132,0.38886324,-0.30133128,-0.36793354,0.4537915,0.40236372,-0.7489966,0.33528742,0.37305608,0.12226482,0.34148487,-0.43482527,-0.24604735,0.036953747,0.25290436,0.25796756,-0.22281809,-0.633224,0.4156688,-0.10511111,0.40441343,-0.33432055,-0.10500569,0.5561252,0.6794142,-0.0077299774,0.39952734,-0.51906717,-0.30667317,-0.19822906,0.24410884,0.24824437,0.7208512,-0.54243773,0.09624136,0.18684971,-0.869331,-0.9098422,-0.42265674,0.31235865
P11655,-0.060327515,0.69392836,-0.10411456,0.089711204,-0.20128392,0.20935221,-0.12533571,0.04195927,0.53348833,-0.5681608,0.75005907,0.38698617,-0.6696786,0.20393488,-0.5848896,-0.7015837,0.12693197,0.17528477,0.12219739,0.64371383,0.38448727,-0.19770919,0.7946958,-0.19277926,0.21054894,-0.2698871,-0.38065743,0.31705102,0.016872047,0.39844328,0.6946985,0.38849327,-0.07393003,0.7946402,-0.6741746,-0.665753,-0.69859695,1.0583323,0.39639342,0.13527061,-0.8106491,-0.16868825,-0.18228698,-0.12307041,-0.14618547,-0.9474623,-0.43855014,0.10981021,0.033925164,-0.24341697,0.048316747,0.13046953,0.033613656,1.4497064,0.047820006,-0.5032543,0.23069762,0.14925948,0.71514666,0.81019914,0.25408578,0.08208205,-0.2626895,-0.35287946
O95149,-0.58108807,0.33301362,-0.25092357,0.1437177,-0.27010837,0.041064072,0.27114594,-0.3422145,0.1513101,0.049927153,0.43652362,0.6604854,-0.06938438,0.25198397,0.023738664,-0.3624195,-0.41607428,0.6310971,-0.48757476,0.8086906,0.0887692,0.21061052,0.14232004,0.009429574,0.1360253,-0.009413764,-0.53202623,0.27981338,0.34875047,0.68162334,0.047056053,0.13254702,0.36721593,0.7258468,0.08037379,-0.5289501,-0.114055716,0.22054493,0.49263057,0.5641026,-0.6671774,-0.43065962,0.11351822,0.2623425,0.33142927,-0.5590451,-0.29924378,0.44550222,0.06653635,-0.004318524,0.28254855,-0.62331903,-0.36783785,0.5004086,-0.06779306,0.01781683,0.80486035,0.11233598,0.15258348,0.56401515,-0.25701565,-0.76042193,0.08619499,0.18749112
P06132,-0.25646365,0.491998,-0.07329513,0.16859157,-0.33442524,-0.04582217,0.2680022,-0.66457826,0.19353674,0.26956117,0.4672647,0.5525557,-0.1985557,0.412951,0.26545635,-0.53655034,-0.5889319,0.38235974,-0.41713804,0.734168,0.1380488,0.16383909,-0.047811307,0.020526052,-0.068545386,0.10885328,-0.3631013,0.31511012,0.53713423,0.56737393,-0.265532,0.06737314,0.18369246,0.64235944,-0.037280783,-0.33694977,-0.22827493,0.23091045,0.31786317,0.7063599,-0.692502,-0.4457661,-0.051576607,0.4824164,0.25695544,-0.29937458,-0.35919282,0.55165577,0.16161852,0.023262579,0.30616206,-0.5131302,-0.35237002,0.13409902,0.22982691,0.043941848,1.0835057,-0.02538884,-0.19224393,0.49096096,-0.41758704,-0.7254173,0.031785965,0.4716152
Q59RR7,-0.006644711,0.596943,-0.09118369,0.11876203,-0.25631812,0.1437407,0.009315699,-0.1509717,0.5232013,-0.3509206,0.733109,0.48171553,-0.6059013,0.37097988,-0.44245782,-0.8214808,-0.15094955,0.16168231,-0.048527524,0.7087047,0.41282266,-0.06207306,0.6008643,-0.043112338,0.082220554,-0.20949991,-0.37224752,0.43193582,0.2859378,0.49454546,0.52674747,0.293375,0.034836687,0.86036557,-0.59541035,-0.6060424,-0.61441326,0.8313886,0.37359965,0.31267983,-0.8225577,-0.17710613,-0.26721328,0.14240608,0.05684561,-0.8133867,-0.44028744,0.2753471,-0.06323557,-0.26306105,0.13463002,-0.04297744,-0.009442817,1.1633663,0.14718297,-0.42532465,0.57029074,0.24915223,0.39112806,0.70637786,0.16593985,-0.107492805,-0.1639053,-0.08987811
B4XT64,-0.1911579,0.03600102,-0.39316118,0.14244622,-0.04303847,-0.06451558,0.38509837,-0.20171613,0.08449943,0.025278866,0.3672064,0.6815771,-0.15689948,0.14380974,-0.20327082,-0.53614247,-0.51289684,0.55967546,-0.45852324,0.6055179,0.27853924,0.22997357,0.16323595,0.24277502,0.040952604,-0.25279224,-0.47724384,0.55750996,0.29281566,0.6366203,0.35005423,-0.067259885,0.3708993,0.7461791,-0.14093697,-0.36842155,-0.017898828,0.119472675,0.38220474,0.77329224,-0.63385826,-0.19409534,-0.1493569,0.4584722,0.38590714,-0.3308062,-0.27399525,0.38201907,-0.36760244,0.0060646757,0.1297477,-0.53865457,-0.38451374,0.46454585,-0.041459125,-0.0818919,0.8852392,0.4702264,0.012993485,0.48816732,0.04067126,-0.5051471,0.39376402,0.19608107
O75604,-0.90670085,-0.15798637,-0.118130475,0.16760306,-0.13530856,-0.1332465,0.38911188,-0.53364986,-0.51875675,0.6137503,-0.04940398,0.22098394,0.49872893,0.08570763,0.9418111,0.7892084,-0.28946814,0.5146603,-0.6709514,0.29325083,-0.45377588,0.2839797,-0.57160133,-0.1858602,0.00042807683,0.4539719,-0.12552047,-0.36496738,0.3584121,0.20810431,-0.7493895,0.08485202,0.48636064,-0.066260695,0.63789725,-0.27345064,0.26374304,-0.4311091,0.16373903,0.34698653,0.23646925,-0.45317563,0.6504864,-0.09460316,0.46505556,0.16008087,0.19679484,0.3536691,0.49406317,0.14987268,0.30776787,-0.6148389,-0.5508693,-0.7522358,0.021053467,0.50609756,0.4700117,-0.58346283,-0.07026958,-0.097755015,-0.8081254,-0.96797585,-0.20244958,0.42541778
P26639,-0.42181987,0.7012455,0.0035369797,0.15511307,-0.47372428,0.03106365,0.15840137,-0.704742,0.29436246,0.19069797,0.5399638,0.5518777,-0.22637802,0.5153526,0.2502471,-0.5237951,-0.44513658,0.40803146,-0.36514762,0.8709483,0.0853219,0.11130138,0.04036296,-0.10909982,0.0004906021,0.20276946,-0.43058163,0.15995616,0.5644762,0.58655894,-0.33553618,0.2500588,0.16035426,0.6557395,0.004712485,-0.5015314,-0.3892771,0.40878233,0.40881178,0.5331192,-0.8100704,-0.5662515,0.062457837,0.35207546,0.22165364,-0.50843143,-0.39598027,0.5787645,0.37226135,-0.056357507,0.38861117,-0.49517655,-0.30380073,0.31985933,0.24991898,0.02306692,0.98051995,-0.17658363,-0.014141612,0.5753247,-0.51295674,-0.7972757,-0.16603844,0.39314795
P12425,-0.014039084,0.8451296,0.11459035,0.12123966,-0.4407445,0.16600524,-0.0731564,-0.44482926,0.57714725,-0.19533423,0.8012749,0.42481938,-0.6224448,0.55504215,-0.22004387,-0.83500445,-0.1554558,-0.004298486,-0.017931968,0.7749562,0.33574557,-0.101296164,0.4748122,-0.16853063,-0.017752413,0.02330409,-0.3264808,0.28128532,0.4399783,0.3815031,0.14981115,0.39208227,-0.10539577,0.7746174,-0.510091,-0.5804531,-0.77017874,0.85617644,0.29091135,0.23302677,-0.8960869,-0.34348994,-0.24364021,0.18174553,-0.017794374,-0.76839983,-0.434657,0.37291196,0.24838202,-0.29875284,0.24465719,-0.023262508,0.012359355,0.9294397,0.32555032,-0.35061198,0.6938611,-0.025968142,0.2760653,0.673997,-0.14599235,-0.23745525,-0.3772219,0.14142495
O76095,-0.5966362,-1.0998209,-0.3463384,0.18928392,0.40991873,-0.06925124,0.5476372,0.34913713,-0.77737683,0.48890516,-0.38768423,0.12164529,0.76775235,-0.4981325,0.61199147,1.049334,-0.38369375,0.2812579,-0.62883484,-0.2215025,-0.41399515,0.360391,-0.55072266,0.0029630363,0.040414948,-0.098529086,0.02435638,0.022742994,-0.1547024,-0.07949592,-0.14312726,-0.4412547,0.66767585,-0.23083262,0.60164773,0.013883039,0.7469445,-0.9722122,0.1079925,0.42588088,0.66353333,0.20852718,0.39605367,-0.092931286,0.50306,0.5538842,0.47030938,-0.017251765,-0.3686976,0.14866315,-0.19752094,-0.5232382,-0.32644358,-0.7417424,-0.45421663,0.31762108,0.05568503,0.10792343,-0.1150438,-0.36685038,-0.19667129,-0.26756638,0.29415575,0.039825067
Q6GIL6,0.0749335,0.9249568,0.088254124,0.06367892,-0.35444525,0.23833999,-0.15676329,-0.22363067,0.7028755,-0.3924663,0.884137,0.3991917,-0.8050603,0.44632193,-0.46907434,-0.95686203,-0.00598529,-0.009811804,0.08300933,0.77241343,0.4822827,-0.20357123,0.686544,-0.19653967,0.062449854,-0.11237835,-0.3385051,0.4103941,0.31323895,0.4087865,0.47412446,0.415031,-0.2560776,0.8988561,-0.71164584,-0.6088717,-0.8280832,1.1048477,0.3072729,0.17913312,-0.998555,-0.26894537,-0.31244916,0.11815314,-0.18780862,-0.92903644,-0.47096685,0.22714134,0.119897224,-0.28660792,0.1746864,0.15922679,0.010148052,1.2779715,0.23111986,-0.48156595,0.5300971,0.08966074,0.44212627,0.87430143,0.11283167,-0.07101935,-0.3099589,-0.049798276
P63159,-0.9291457,-0.2643353,0.11253914,0.11695392,-0.1965708,-0.20057869,0.282295,-0.72831094,-0.62971693,0.7396533,-0.17532994,-0.077013046,0.46966857,0.042427354,1.2766434,1.2193373,-0.20932254,0.2750703,-0.6003707,0.13583632,-0.54350185,0.2234329,-0.81527287,-0.3918792,0.003984753,0.84888196,0.13572408,-0.66841316,0.36599532,0.0060922503,-1.0716064,0.07301087,0.36048108,-0.48825148,0.72534406,-0.086836815,0.21520963,-0.58669496,-0.062013887,0.21133938,0.58418477,-0.4092036,0.9021684,-0.16991413,0.38983604,0.40584648,0.45448145,0.23234868,0.8265423,0.12680705,0.2738021,-0.58426315,-0.50306135,-1.1146629,0.18805684,0.6946046,0.24647154,-0.87623924,-0.19341937,-0.3555659,-0.9342259,-0.87051094,-0.43471837,0.54265493
P46527,-1.1247318,-0.4614788,-0.35647786,0.23684557,0.1735752,0.19469863,0.31536844,0.2259207,-0.55451953,0.12719545,-0.10697745,0.2145714,0.61468774,-0.3607706,0.51869875,1.1156328,0.03968616,0.50306547,-0.51342094,0.1732896,-0.436123,0.29831582,-0.2353991,-0.40047207,0.37072033,0.082947224,-0.19426207,-0.21604134,-0.2365503,0.13840069,-0.13778353,0.081125535,0.5643151,-0.12432212,0.6562596,-0.49766535,0.35213023,-0.48211315,0.27496615,0.027253404,0.35803795,-0.047648396,0.8155351,-0.5844738,0.4579008,-0.03695366,0.43480414,-0.11895188,0.081089675,0.032453246,0.054593146,-0.42402717,-0.4290858,-0.060299203,-0.4481865,0.235674,-0.21351327,-0.16937156,0.44291452,0.04549189,-0.44531596,-0.5354239,-0.05097201,-0.119521864
P13721,-0.22588217,-0.3593283,-0.5227624,0.07899152,0.1264888,-0.101457804,0.53072596,-0.101061836,-0.18658648,0.24222231,0.103069045,0.66034317,0.09811814,-0.084221505,-0.012059849,-0.20446838,-0.64631134,0.7224077,-0.65854925,0.47056812,0.1885427,0.36376405,-0.17974779,0.27589774,-0.017023023,-0.28094846,-0.4402762,0.68797266,0.1828589,0.5531617,0.29358736,-0.30637196,0.4291025,0.65504295,0.13019046,-0.17205587,0.38319945,-0.28654537,0.3385055,0.95246243,-0.48261803,-0.0935328,-0.03190995,0.5891028,0.44187683,0.09180908,-0.05772426,0.29790705,-0.5575091,0.23677094,0.06397328,-0.6829562,-0.6555529,0.00816258,-0.26177207,0.14282396,0.8336861,0.5641294,-0.21047291,0.39171925,0.058443323,-0.6314147,0.7273893,0.3551764
P10645,-0.6162176,-1.0640529,-0.37452275,0.11759207,0.5122085,0.021450307,0.37144154,0.69904095,-0.7144542,0.16916636,-0.4243551,0.00936345,0.6619964,-0.7645524,0.32248956,1.1801094,-0.012604386,0.30652738,-0.44358325,-0.36149997,-0.3411361,0.24866408,-0.29617688,-0.17066535,0.3196336,-0.28284,-0.009038761,0.04363625,-0.59178185,-0.12479834,0.18594535,-0.4065197,0.52463233,-0.31757984,0.4357303,-0.00020252168,0.69893074,-0.78045386,0.13797131,0.20199563,0.694333,0.36459282,0.5842399,-0.33336392,0.31763422,0.42251164,0.5767256,-0.35652333,-0.4022834,0.18976055,-0.3702429,-0.34634763,-0.29652062,-0.27531576,-0.62009263,0.20539507,-0.45752132,0.2619385,0.12975988,-0.17318928,0.14318345,-0.0027789045,0.3422492,-0.3675152
P60411,-0.6298553,-0.6677185,0.09248544,-0.038826972,-0.117892966,-0.16983293,0.26895276,-0.34565598,-0.7253748,0.87299734,-0.47237027,-0.05317168,0.6904364,-0.29033977,1.1480186,1.3903463,-0.21582094,0.20852101,-0.5539692,-0.22710405,-0.56310284,0.2606133,-1.0191792,-0.4540224,-0.07844129,0.5970292,0.22354107,-0.52862096,0.0028836401,-0.31543422,-1.0207177,-0.1662571,0.4045366,-0.64384353,0.8468205,0.15016164,0.4744519,-0.95021486,-0.08779053,0.112630896,0.71700805,-0.090395525,1.000765,-0.04734669,0.28616115,0.7540247,0.72441506,0.013346219,0.5640375,0.18367897,-0.03382673,-0.50533897,-0.49622673,-1.3688442,-0.110438645,0.6951263,-0.11881478,-0.5258344,-0.34279868,-0.4472705,-0.7208426,-0.6176804,-0.23253256,0.4311762
Q9BPZ3,-0.571038,-0.27681127,-0.39763826,0.19310476,0.12128577,0.056944955,0.28829676,0.37647113,-0.14931516,-0.16238895,0.2630889,0.4528818,0.067263514,-0.16108212,-0.20531538,0.11541429,0.0121238455,0.33018094,-0.309061,0.36357847,0.038747698,0.13331245,0.37331513,0.079064086,0.3121403,-0.32187355,-0.39161378,0.20368378,-0.09794724,0.3008501,0.4663419,0.10194282,0.48586866,0.35544395,-0.07527011,-0.48008472,0.019020364,-0.0070765894,0.37470558,0.28828517,-0.20688827,-0.004207354,0.08247781,-0.23108712,0.322518,-0.40542036,0.03153254,0.09053522,-0.30241334,-0.10338292,-0.064895734,-0.28018892,-0.11817074,0.6392467,-0.3203778,-0.19784564,0.24327417,0.36475933,0.49925178,0.2678818,0.060299963,-0.13467717,0.08436091,-0.35600668
Q8IZH2,-0.615646,0.5729498,-0.06000284,0.16848424,-0.4102933,-0.013008338,0.23470853,-0.6542748,0.13419227,0.3031087,0.42787677,0.56278,-0.05862835,0.451521,0.35695973,-0.3351866,-0.43285733,0.5366608,-0.4796658,0.82488316,-0.036625743,0.17066643,-0.04280089,-0.05613575,0.060651224,0.18690416,-0.48347265,0.08125062,0.52899677,0.5986312,-0.40044993,0.21225812,0.274373,0.5720171,0.14638981,-0.4699995,-0.21816382,0.23600411,0.4300333,0.5665735,-0.67267436,-0.64199746,0.16427395,0.3008944,0.28296474,-0.45151073,-0.3365234,0.5888773,0.3914579,0.030135222,0.38843456,-0.62225956,-0.38416636,0.13625403,0.15127085,0.13778916,0.97737855,-0.21039969,-0.035700314,0.50386393,-0.5985546,-0.94165534,-0.09417748,0.3869885
P54279,-0.6148523,0.35609195,-0.19280827,0.15761836,-0.2927266,0.02608623,0.27171803,-0.43460137,0.08106241,0.15570292,0.42377037,0.6148987,-0.022405073,0.2816408,0.1731541,-0.2544207,-0.41323456,0.58519465,-0.5016686,0.77732164,0.0140880495,0.20984526,0.03551834,-0.013921529,0.10290749,0.05921042,-0.48995537,0.22093458,0.3787749,0.6126041,-0.11523093,0.13600272,0.34145638,0.63905126,0.14197284,-0.50489056,-0.10785284,0.16463085,0.4448574,0.5595498,-0.629389,-0.4729155,0.1557096,0.24858817,0.31577098,-0.46273804,-0.2678576,0.4587119,0.16280608,0.015269976,0.3002502,-0.6232825,-0.38125578,0.33614928,-0.027008276,0.063695766,0.82910657,-0.005052354,0.08248688,0.49103612,-0.39837795,-0.81378376,0.036541313,0.27713874
P07288,-0.57628566,-0.8279576,-0.0030329535,0.051610366,0.04285491,-0.1928508,0.3634247,-0.24288158,-0.81249636,0.8024243,-0.48741925,-0.04762633,0.7988391,-0.28778312,1.0438721,1.3105227,-0.33938527,0.15491647,-0.5962661,-0.31932837,-0.5926026,0.28470877,-0.99226844,-0.23844759,-0.1377693,0.41223803,0.23424764,-0.3792062,0.050426017,-0.35505274,-0.83693856,-0.24189295,0.45894614,-0.5679551,0.84714633,0.18072313,0.59808844,-1.0446534,-0.076378055,0.21132848,0.76680136,0.0025002025,0.76778305,-0.012637071,0.3719714,0.7756806,0.6863567,0.031083891,0.28484875,0.1661373,-0.08639683,-0.51616925,-0.4195422,-1.3567754,-0.13410708,0.59486127,-0.03414227,-0.4192627,-0.40689868,-0.60239685,-0.6969956,-0.5563005,-0.08035016,0.4332578
P13686,-0.13647407,0.122575216,-0.2157112,0.16346703,-0.10025661,-0.0548346,0.3203287,-0.30682975,0.072858036,0.12836665,0.40380722,0.5032774,-0.15493414,0.208646,0.01902698,-0.43856895,-0.4861414,0.2731761,-0.38520208,0.5230381,0.19175412,0.17056039,0.08802522,0.16476145,-0.0363356,-0.13063867,-0.3391688,0.4497533,0.33662874,0.44658297,0.09562975,-0.06226169,0.2512086,0.57731944,-0.14892383,-0.279855,-0.11587662,0.10011574,0.26112574,0.69180495,-0.5462466,-0.1723292,-0.1897479,0.4079752,0.28999475,-0.21652043,-0.23977253,0.3872542,-0.18742734,-0.0123326555,0.11499275,-0.43621457,-0.2453614,0.27000833,0.076927885,-0.09287606,0.88519156,0.26522583,-0.09671683,0.35241073,-0.13077176,-0.4077396,0.18163449,0.25115824
O94316,-0.1691811,0.7940599,0.0338154,0.1370696,-0.41430953,0.19266844,-0.09982982,-0.26377544,0.5525406,-0.37807053,0.78573143,0.3303656,-0.5733756,0.43205664,-0.28250462,-0.6145169,0.07961177,-0.012749545,0.06468904,0.6800324,0.27681035,-0.15893298,0.63081324,-0.24645796,0.11218895,-0.051076263,-0.35991687,0.12496786,0.21882266,0.34398532,0.22576357,0.4924828,-0.02641993,0.676367,-0.5209376,-0.63719654,-0.80156237,0.9441109,0.33215728,0.05581101,-0.7960735,-0.29343024,-0.12953386,-0.09286466,-0.04638135,-0.8857458,-0.38142237,0.27636623,0.32701847,-0.33280563,0.19299191,0.09021972,0.076588064,1.1024066,0.25045693,-0.41576144,0.40718347,-0.08004801,0.523407,0.62146366,-0.12105279,-0.070982486,-0.49225274,-0.13475817
Q12309,-0.020805996,0.8815305,0.21576,0.095044486,-0.36174557,0.1279598,-0.2992593,-0.23003586,0.59363407,-0.5236344,0.7344381,-0.057570755,-0.6119441,0.37438914,-0.3565836,-0.49001342,0.47148275,-0.5043693,0.39068836,0.2608237,0.16998877,-0.4255899,0.8294161,-0.3160088,0.17120199,-0.0013088286,-0.16726038,-0.28448033,0.005591455,-0.066649266,0.11432269,0.633498,-0.23628697,0.23280908,-0.59046257,-0.41456524,-1.0571496,1.1110923,0.13752809,-0.34091392,-0.50641197,-0.20491913,-0.177463,-0.37529424,-0.26387015,-0.9158142,-0.2723287,0.113253616,0.6282269,-0.4841929,0.016018301,0.42782003,0.47670648,0.99341404,0.45614025,-0.5478264,0.008668348,-0.36984795,0.64896625,0.34848887,-0.21420975,0.33328894,-0.9131257,-0.34501985
P23872,0.15851048,0.6302424,-0.0694397,0.09333816,-0.1869505,0.13036244,-0.012319252,-0.08982131,0.57154477,-0.39282492,0.76967466,0.43229038,-0.70332265,0.34725848,-0.5648288,-0.94855577,-0.12738886,0.07273182,0.0139274895,0.6479494,0.49783283,-0.10927205,0.65046483,-0.004161194,0.065734625,-0.2966695,-0.33152574,0.5491679,0.2721837,0.43935746,0.679469,0.24853934,-0.12095068,0.8776328,-0.7167115,-0.54093695,-0.6421382,0.9178171,0.3250099,0.33165482,-0.8722457,-0.098530725,-0.38581902,0.1914613,-0.017405417,-0.80433106,-0.451602,0.20384356,-0.20049481,-0.24823545,0.05961193,0.054943543,0.027495239,1.2416453,0.1549147,-0.50758874,0.5582642,0.34792465,0.35012352,0.7617166,0.2994218,0.0109198075,-0.09597244,-0.12363779
P02686,-0.9728316,-0.39743832,-0.30951235,0.25109074,0.08158311,0.031174276,0.41173732,-0.070988014,-0.54168886,0.3662543,-0.055952847,0.30795327,0.57161963,-0.14340892,0.6245105,0.820867,-0.1921351,0.501741,-0.62449944,0.2415392,-0.3901301,0.3285358,-0.32305256,-0.1570895,0.17914544,0.1390867,-0.22084652,-0.21002693,0.05059069,0.22182596,-0.36148766,0.027976219,0.6290968,-0.019952815,0.5715418,-0.38083714,0.34564382,-0.50436676,0.2652801,0.28176233,0.26792583,-0.22878031,0.5798686,-0.28126407,0.52123624,0.0426393,0.25831962,0.17908636,0.15234159,0.060821034,0.16124305,-0.55541605,-0.43397987,-0.3613634,-0.24590378,0.30844367,0.26212966,-0.21323274,0.18387967,-0.037898883,-0.55432725,-0.7045615,-0.03244327,0.12424821
P02747,-0.77602136,-0.8363815,-0.121785805,0.10625322,0.11114508,-0.14191385,0.40610906,-0.14638264,-0.8811131,0.74310625,-0.48021382,0.0024523884,0.83465296,-0.34291327,1.0472666,1.3892325,-0.2893389,0.33331463,-0.6358487,-0.22837542,-0.63134843,0.3437738,-0.9283755,-0.27022606,-0.026446093,0.38235214,0.15537886,-0.42926493,-0.0072851656,-0.23085806,-0.7442014,-0.20027086,0.59737986,-0.529972,0.90160704,0.039596453,0.6249469,-1.0121595,-0.005421415,0.18675667,0.7840552,-0.011374373,0.8443047,-0.16155317,0.47395518,0.6940922,0.6561842,0.045961484,0.27329314,0.15811642,-0.04755266,-0.5677027,-0.509276,-1.1944993,-0.21260558,0.5913239,-0.077972576,-0.42733908,-0.21429703,-0.5035072,-0.6956755,-0.61614925,-0.06946482,0.33250344
Q15428,-1.1699162,0.37037918,0.07249332,0.13438483,-0.27191815,0.2440022,-0.023497984,-0.3948503,-0.15019526,0.17214319,0.09044842,0.20033152,0.29914907,-0.034976847,0.79690284,0.71268576,0.14997452,0.5569058,-0.30901027,0.47447306,-0.35541552,0.14238134,-0.252831,-0.72724795,0.38195038,0.5865023,-0.025954276,-0.6631715,0.041346427,0.21009201,-0.6403661,0.56619346,0.23720601,-0.15136519,0.5266869,-0.59768295,-0.052799426,0.02119455,0.27033463,-0.18337527,0.082076885,-0.47454527,1.1951385,-0.62235993,0.2804609,-0.28686,0.34304115,0.028822595,0.800279,-0.0044080615,0.311426,-0.29695225,-0.5014952,0.011532679,-0.009744571,0.29681402,-0.10465664,-0.73514104,0.39614925,0.2993519,-0.8141364,-0.9355106,-0.51856565,0.03300547
O95429,-0.8989525,-0.10926359,-0.31125823,0.105377674,0.045046378,0.34792924,0.04213067,0.4287295,-0.21603958,-0.28875428,0.13464656,0.43223968,0.17126831,-0.23620087,-0.13358691,0.57099897,0.27076042,0.7163629,-0.3117916,0.4662541,-0.1578704,0.19432521,0.10427175,-0.56268793,0.47905406,-0.08110896,-0.35651124,0.081024125,-0.34622368,0.23329315,0.5680417,0.3124875,0.2678449,0.3171759,0.26645654,-0.79876506,0.14039251,0.11374286,0.46655986,-0.05837752,-0.12534983,-0.1504571,0.7982459,-0.6502979,0.21166411,-0.46909332,0.24640399,-0.27948013,-0.079725824,0.0153227,0.002614528,-0.2555025,-0.48249817,0.85949016,-0.6058028,0.060858123,-0.45307887,0.06916586,0.8386958,0.5412934,-0.003626924,-0.45562378,0.05214399,-0.31682646
P0AFW0,-0.17597204,0.72697425,0.022314422,0.15452464,-0.45734462,0.08450377,0.038136058,-0.5266024,0.4063203,-0.090541415,0.70401055,0.46248809,-0.43636727,0.49041817,-0.081168786,-0.6314679,-0.25231096,0.14237839,-0.14874193,0.7893827,0.2323332,-0.0056096036,0.29051945,-0.15278777,-0.024923999,0.07217395,-0.3460461,0.26948282,0.4552245,0.4299385,0.04924621,0.33388934,0.023577131,0.7139067,-0.28816497,-0.5517401,-0.6231511,0.66711485,0.35311368,0.3161189,-0.81737345,-0.34175017,-0.11933798,0.19636926,0.09387517,-0.67409617,-0.3758605,0.41071448,0.26363644,-0.2285283,0.25834233,-0.21563399,-0.09483074,0.74582875,0.2574426,-0.2451396,0.72685134,-0.056403145,0.21852168,0.57912004,-0.25801444,-0.3867764,-0.3161372,0.21782587
P06821,-0.298575,-0.6646889,-0.21506287,0.16562727,0.48652163,0.123568475,0.096104056,0.8430547,-0.25437376,-0.24949864,-0.014281422,-0.11716564,0.17309225,-0.45363632,-0.33160335,0.54350495,0.4272169,-0.47378758,0.084043846,-0.4566567,-0.10362029,-0.14272752,0.56135577,0.034456164,0.39784968,-0.47506338,-0.07327701,-0.15040024,-0.5597999,-0.35452563,0.44474205,-0.08361825,0.3467044,-0.32111076,-0.21811858,-0.14320424,-0.03060187,-0.13824089,0.043670893,-0.2114479,0.4722745,0.38660288,-0.041111447,-0.5622264,0.07642752,-0.13331857,0.29517615,-0.3110896,-0.34625447,-0.3169638,-0.45776454,0.1648938,0.44043213,0.41749972,-0.27704522,-0.34537446,-0.44345546,0.31303573,0.5241583,-0.18762726,0.27894795,0.649811,-0.19075644,-0.7429368
O08807,-0.57140267,0.5080277,-0.040022127,0.16942798,-0.39909682,-0.061602566,0.25733513,-0.72598094,0.05025358,0.3519775,0.4163738,0.4792426,-0.016301855,0.39492378,0.51204836,-0.18517734,-0.44303542,0.4654999,-0.48449546,0.7512876,-0.068789095,0.18519351,-0.17644082,-0.082849376,-0.016879741,0.2804545,-0.3683533,0.060812693,0.52694213,0.5134217,-0.50688255,0.16694415,0.22937945,0.46154124,0.19067574,-0.3875031,-0.19861406,0.14822426,0.32901752,0.5583414,-0.5738322,-0.5715729,0.20746276,0.28284544,0.2813104,-0.29765362,-0.24943706,0.56030256,0.43644875,0.06326342,0.37663054,-0.5869042,-0.41122106,-0.029558793,0.1926281,0.1698021,0.94484466,-0.283378,-0.09888192,0.40840283,-0.64331734,-0.8847151,-0.1302074,0.44821805
Q7NBZ0,0.21834943,0.7848226,-0.035808384,0.058923118,-0.1427495,0.1932445,-0.08656463,0.003056021,0.69197136,-0.48453984,0.82592773,0.40805513,-0.8405527,0.31042406,-0.6908624,-1.0772345,-0.016734906,0.03914311,0.1016728,0.64532244,0.57651806,-0.21333683,0.80595857,-0.076028615,0.107503474,-0.35640708,-0.32902664,0.58235586,0.22441436,0.4334489,0.7996073,0.29996887,-0.25759965,0.9290053,-0.85235655,-0.5826401,-0.73621047,1.138561,0.31579137,0.27350223,-0.9525917,-0.11639528,-0.4297651,0.13613331,-0.16047129,-0.9322499,-0.5205919,0.141924,-0.21675523,-0.25745928,0.048134714,0.21119145,0.038596723,1.4134982,0.16062371,-0.5833882,0.48392075,0.33922327,0.4619898,0.9251485,0.39171213,0.10172653,-0.105267584,-0.21710083
O94913,-1.1180294,0.078764446,-0.20529602,0.18329822,-0.18148686,0.032764215,0.3145493,-0.3963028,-0.3606608,0.38848355,0.11397807,0.36639327,0.45282137,0.09471937,0.7179157,0.6456258,-0.18403363,0.6433594,-0.6277001,0.509069,-0.4481365,0.31030732,-0.32418486,-0.25618434,0.1934616,0.3283149,-0.31108424,-0.31862465,0.27317232,0.36166787,-0.5841877,0.2560447,0.49873134,0.082586884,0.6286502,-0.5133954,0.15432808,-0.27509052,0.33001998,0.1912257,0.010139941,-0.47537515,0.6912544,-0.2517307,0.49048242,-0.20439574,0.13136508,0.30642673,0.46357125,0.084061004,0.3328317,-0.6017924,-0.51996285,-0.24376349,-0.13767907,0.36106825,0.39575982,-0.43744034,0.197512,0.17804162,-0.79010004,-1.0238217,-0.20471486,0.27511
P16333,-0.7888026,0.04222776,-0.07484113,0.12041092,-0.28419444,-0.23380102,0.3890406,-0.7323166,-0.41678587,0.68699116,0.06429856,0.27935466,0.3643648,0.24451092,0.97423756,0.5283037,-0.37922978,0.55953825,-0.7035658,0.4404518,-0.39936203,0.24033183,-0.5750171,-0.10114642,-0.101168364,0.4800959,-0.20365123,-0.2471862,0.52192026,0.28426898,-0.7974516,0.10419615,0.38381174,0.07954769,0.5496652,-0.23769927,0.17379543,-0.28985128,0.19141302,0.4813382,0.006178639,-0.5909519,0.51482755,0.114088334,0.39521486,0.0952062,0.03323374,0.50298375,0.5784988,0.23137848,0.38072655,-0.6604082,-0.58138,-0.7798558,0.14103308,0.5130803,0.7354587,-0.61846715,-0.18775207,-0.00862436,-0.83956206,-1.0443878,-0.1854352,0.5448241
A8I4E9,-0.42318064,0.6407011,-0.051002085,0.18015243,-0.29964,0.18740836,-0.12950349,-0.07709284,0.35787013,-0.5155927,0.6639606,0.16767088,-0.35538772,0.2052826,-0.23456088,-0.1701626,0.40556347,-0.016144253,0.17661521,0.39942324,0.07824591,-0.1698743,0.6945301,-0.37878776,0.29433337,-0.044365697,-0.28578645,-0.27291676,-0.084864385,0.19438559,0.17957354,0.63292783,0.08997287,0.32610145,-0.33290252,-0.6678465,-0.7700273,0.8699111,0.300158,-0.25736007,-0.42770323,-0.24551748,0.13812649,-0.5404744,-0.019602526,-0.90857005,-0.17491347,0.117427155,0.48398864,-0.3909828,0.08005883,0.19646119,0.19949478,1.0701563,0.2000025,-0.430889,-0.015952595,-0.25776476,0.8262526,0.41259786,-0.23719695,0.034971863,-0.705078,-0.39511558
Q92890,-0.8239738,0.47106364,0.018022202,0.1728782,-0.41158977,-0.1421057,0.24655598,-0.8442766,-0.1119608,0.45714003,0.28456074,0.33244187,0.16027352,0.42267388,0.7911319,0.1878894,-0.248768,0.47430098,-0.500251,0.59523267,-0.31333476,0.17095333,-0.2518134,-0.17498976,0.017526723,0.48304692,-0.27856997,-0.3720176,0.5440159,0.40281105,-0.8224647,0.3389301,0.2935103,0.14095335,0.35866842,-0.40500993,-0.20202923,0.05245495,0.24963316,0.30074266,-0.20749304,-0.7104193,0.48975664,-0.012246661,0.3793263,-0.26083332,-0.12967947,0.5624217,0.74933976,0.06844047,0.4425309,-0.5396523,-0.3917894,-0.34325027,0.29801992,0.3403128,0.7578359,-0.6637745,-0.013088711,0.19387531,-0.8965156,-1.0543553,-0.4257372,0.4208553
P0DTD2,0.035350442,-0.26508728,-0.263456,0.14058544,0.40828678,0.25599334,-0.07246244,0.8519387,0.100207776,-0.49916056,0.27495825,0.17011619,-0.28410175,-0.32830772,-0.856531,-0.10105017,0.31947833,-0.34565064,0.23402411,-0.1257775,0.20365657,-0.21973893,0.7977155,0.12377402,0.39243606,-0.6778047,-0.20519222,0.20625146,-0.5406378,-0.15645239,0.8599823,-0.041210305,0.16455299,0.17346491,-0.6116451,-0.36437267,-0.2979131,0.3484791,0.21545416,-0.11215678,-0.09573546,0.42755237,-0.3586464,-0.391149,-0.1184853,-0.42675662,-0.017115496,-0.2689073,-0.5168647,-0.43807006,-0.4407495,0.25820968,0.43230537,1.1228156,-0.3108735,-0.58631396,-0.23763083,0.5889433,0.68865645,0.2899389,0.5699803,0.7593823,-0.06626156,-0.70559597
O62479,-0.18912783,0.4918153,-0.26181847,0.11773648,-0.058379736,0.21255949,-0.070605114,0.31799164,0.39801398,-0.66152084,0.6797716,0.4044859,-0.61395127,0.047740005,-0.70157474,-0.53331757,0.23325205,0.23952681,0.1413905,0.53496414,0.32821983,-0.17547241,0.8795881,-0.15739582,0.34355262,-0.40604728,-0.42981547,0.1991114,-0.14075767,0.378841,0.8375852,0.40087175,0.09085434,0.6880086,-0.6597029,-0.7432701,-0.6180148,0.98761284,0.43438283,0.045739695,-0.64729875,-0.06894982,-0.17642426,-0.32702082,-0.11392875,-0.94490063,-0.40692315,0.04945056,-0.08651491,-0.2777367,-0.048386127,0.1412029,0.10764174,1.5832078,-0.08632409,-0.5534439,0.0830661,0.23502915,0.9288955,0.7790791,0.32572383,0.22845969,-0.26922262,-0.58075595
P47017,-0.61736476,0.64091104,0.22262985,0.27083713,-0.34599224,0.19989845,-0.23488283,-0.24062078,0.20668611,-0.4072921,0.5878655,-0.14946175,-0.10879404,0.17034292,0.16687885,0.21477556,0.62223417,-0.3408487,0.3421293,0.21627079,-0.22830513,-0.24510235,0.57499236,-0.61149454,0.3189704,0.21516928,0.017953485,-0.7196305,-0.13668312,-0.11334777,-0.26489732,0.8028265,0.00038590282,-0.1393006,-0.06279963,-0.48262188,-0.834849,0.7289956,0.18271506,-0.56895345,-0.024451891,-0.27285206,0.35286027,-0.86219406,-0.059260037,-0.85580945,0.06043894,0.033996403,0.9090028,-0.48341715,0.04979764,0.310171,0.40563086,0.6945231,0.30199817,-0.36317685,-0.22951953,-0.6952939,0.8206377,0.06743108,-0.6549163,0.121742204,-1.1274221,-0.37033033
P00812,0.13208455,0.6483991,-0.054218665,0.10290094,-0.19425355,0.15224099,-0.030945018,-0.06902087,0.5893377,-0.4220284,0.77593213,0.42308939,-0.7161392,0.3665171,-0.57059515,-0.94471425,-0.0930042,0.057129808,0.03592521,0.65397525,0.47419924,-0.13049251,0.7073068,-0.02530688,0.08173293,-0.2958331,-0.3396955,0.50273454,0.26292503,0.44124138,0.6715512,0.28919655,-0.0922711,0.8778551,-0.7390795,-0.5709782,-0.6812363,0.94884205,0.33168343,0.28998625,-0.84803545,-0.12426464,-0.3872856,0.13937065,-0.025907163,-0.85436034,-0.47355762,0.21597482,-0.14991547,-0.27482384,0.07363956,0.08509122,0.06485568,1.2731229,0.16018496,-0.51784045,0.52906466,0.30625248,0.4102028,0.7570255,0.27808762,0.026850043,-0.15757172,-0.14970417
Q28399,-0.37579736,0.7715908,0.1532339,0.20524414,-0.48405662,-0.048806112,0.05268614,-0.9045361,0.22115625,0.17407481,0.5505635,0.22829568,-0.15781946,0.5065736,0.5004272,-0.23626436,-0.19307758,0.0359789,-0.17929517,0.56375146,-0.052719414,-0.0068224613,0.02547274,-0.2617276,-0.07875165,0.45558038,-0.14473613,-0.2655197,0.51909864,0.25342223,-0.65973324,0.4369993,0.04763683,0.20786734,0.010131478,-0.41314358,-0.6636732,0.43013385,0.14899197,0.15513207,-0.4514173,-0.50309294,0.18893006,0.020943727,0.18788831,-0.42165542,-0.22760338,0.5197179,0.7656937,-0.19677523,0.35252154,-0.23492458,-0.06854975,0.04683025,0.53543854,-0.008141901,0.6945761,-0.59471136,0.07523011,0.24185817,-0.7622724,-0.5941605,-0.6496757,0.35300526
P36969,-0.56526387,0.5006806,-0.068215184,0.18004514,-0.37922335,-0.027842682,0.25030547,-0.6514767,0.09612642,0.26754993,0.44541806,0.50897944,-0.03727679,0.38426396,0.40265617,-0.24853472,-0.43013746,0.4526124,-0.45716712,0.77103823,-0.024153888,0.18761808,-0.08360828,-0.07016616,0.011291247,0.2141228,-0.39126903,0.10609275,0.5008898,0.5343709,-0.3991659,0.17170468,0.24624893,0.51833534,0.15291214,-0.41928378,-0.22020389,0.18524578,0.35736057,0.5477352,-0.61114526,-0.5360248,0.16328532,0.27276146,0.2781472,-0.37669748,-0.266953,0.53787106,0.366036,0.02907715,0.35705853,-0.5795234,-0.364573,0.10559954,0.15786521,0.10812699,0.92223155,-0.20263997,-0.043793835,0.4400035,-0.5711988,-0.8333186,-0.1106144,0.3899985
P09041,-0.28968078,0.98403525,0.10965784,0.14245547,-0.62331504,0.16983125,-0.08319406,-0.6906876,0.5200366,-0.09489789,0.7691102,0.46329597,-0.44031408,0.5972535,0.07291055,-0.6186129,-0.17141011,0.18334171,-0.1093753,0.89372545,0.17661707,-0.059017397,0.30399054,-0.3220433,-0.025125023,0.25042716,-0.37536025,0.071290836,0.5254689,0.43398553,-0.23351187,0.52926767,-0.02631823,0.70450205,-0.22147954,-0.6873015,-0.80263567,0.79487103,0.36465156,0.14308941,-0.93610036,-0.5177321,0.022804387,0.14039156,0.043055743,-0.795853,-0.41225228,0.4868662,0.58242244,-0.27008432,0.41323563,-0.16985282,-0.11241171,0.75104976,0.37478325,-0.20067906,0.70130706,-0.31615776,0.31731543,0.65793574,-0.4444676,-0.5117912,-0.5094043,0.2615268
A0A0H2US80,0.014125526,1.0986463,0.19863355,0.06426087,-0.48382285,0.27467313,-0.25823236,-0.39374268,0.7183735,-0.36450213,0.93213874,0.34525663,-0.8085198,0.53355914,-0.35857195,-0.8608821,0.11002063,-0.11658051,0.13074988,0.77518255,0.41018254,-0.28234187,0.6714858,-0.30807495,0.03925669,0.042243972,-0.3481136,0.22736172,0.32399702,0.28092757,0.23577842,0.5596168,-0.34415504,0.79953545,-0.66799086,-0.632666,-0.9664182,1.1584215,0.25632453,0.02468393,-1.0382311,-0.3917549,-0.240271,0.03559821,-0.28497738,-0.94037604,-0.4426647,0.23560612,0.4057101,-0.3258372,0.24702278,0.2251063,0.042449493,1.2052066,0.3274933,-0.43811217,0.47586817,-0.16644655,0.4922975,0.8167837,-0.12064253,-0.11053747,-0.5138978,0.016859775
O09061,-0.47920144,0.57197016,0.084106654,0.22207169,-0.3918563,-0.08794013,0.15047629,-0.7800819,0.09281579,0.23364624,0.43478668,0.27253962,-0.021348506,0.44493422,0.5144452,-0.1262277,-0.21394077,0.11713565,-0.2772562,0.5045198,-0.11763011,0.05519484,-0.008381953,-0.17402264,-0.042193744,0.376344,-0.18262915,-0.2851626,0.4763772,0.28042525,-0.62834555,0.36321494,0.2090055,0.17188276,0.0705161,-0.38211396,-0.47070268,0.2799736,0.19039953,0.24189092,-0.31774038,-0.5140199,0.20937136,-0.022322744,0.28972682,-0.35453045,-0.18462709,0.5418134,0.65157,-0.14669363,0.3335465,-0.31550032,-0.118513405,-0.07785711,0.44509324,0.05975602,0.71115124,-0.5368872,0.06569901,0.14744574,-0.75496054,-0.6465638,-0.5395423,0.3026486
Q9GZM8,-0.88348746,-0.22513208,-0.15286048,0.1883155,-0.10807629,-0.14341652,0.40897304,-0.48406315,-0.53963375,0.59986466,-0.037862107,0.25369704,0.5194923,0.08937582,0.9196213,0.7576253,-0.2940166,0.47566712,-0.6619873,0.27690133,-0.45948166,0.29184744,-0.52380353,-0.10638065,-0.01143593,0.40917966,-0.1466049,-0.35978284,0.32741973,0.21195641,-0.7328768,0.04752111,0.5419873,-0.075665325,0.61356854,-0.26093915,0.25530732,-0.46852016,0.15090139,0.36619446,0.23439197,-0.42373767,0.55658275,-0.10795939,0.50031286,0.16718967,0.169033,0.40405524,0.45242777,0.11727998,0.28647622,-0.6116915,-0.5029891,-0.74804854,0.028085899,0.47777334,0.53075075,-0.52309376,-0.04212419,-0.13543105,-0.79926217,-0.8884965,-0.18542023,0.40249187
P0ABV6,-0.2031626,0.69994617,0.14058374,0.15866342,-0.27541834,0.14173742,-0.23228061,-0.15676582,0.42920378,-0.47525808,0.6911808,-0.081389874,-0.42504036,0.24220458,-0.20818725,-0.24176644,0.48298568,-0.49174812,0.3415918,0.21550904,0.08436434,-0.3210237,0.73969114,-0.2958186,0.22540644,0.006104946,-0.118561044,-0.34262472,-0.06820828,-0.07413334,0.032735042,0.5628962,-0.12218242,0.08708747,-0.4268099,-0.41054395,-0.9385024,0.89261514,0.13191497,-0.38075668,-0.3509065,-0.11503619,-0.06633056,-0.48260486,-0.15781388,-0.8077035,-0.13641605,0.075094335,0.587563,-0.50136113,-0.029021785,0.3401297,0.4847817,0.9189236,0.37607905,-0.5433046,-0.03448902,-0.338323,0.6540732,0.25463265,-0.27153975,0.33317998,-0.89524716,-0.3845299
P01225,-0.43230706,-1.0562518,-0.10775827,0.1467492,0.40448454,-0.15769908,0.34732735,0.28390822,-0.80089873,0.43972176,-0.5383282,-0.1698806,0.7920277,-0.5429192,0.5945606,1.2374885,-0.13711394,-0.10825842,-0.39932013,-0.6109623,-0.5730413,0.17912719,-0.547062,-0.07860353,0.03057566,-0.019297704,0.21336554,-0.33886775,-0.3408232,-0.4932388,-0.37952694,-0.33937687,0.5561452,-0.69860166,0.53552514,0.27645004,0.57854795,-0.93539655,-0.015391707,0.08560089,0.97826076,0.2833914,0.4447602,-0.30322605,0.33565387,0.6450588,0.6205659,-0.1584325,-0.048985567,0.07334383,-0.3461154,-0.29279476,-0.023044404,-0.957353,-0.29510972,0.31709245,-0.35929817,-0.15093032,-0.12947163,-0.7062082,-0.30587322,0.04355882,-0.048316196,-0.08443744
A2ABV5,-0.5353205,0.10707676,-0.21849297,0.19911583,-0.14510022,-0.059458766,0.37919596,-0.3732519,-0.072089106,0.28185147,0.29723504,0.58234406,0.052409396,0.21462288,0.28095922,-0.18187019,-0.42970532,0.4807777,-0.52230906,0.62895656,-0.006669879,0.26008886,-0.023584848,0.114551336,0.05110314,0.0051353574,-0.43168902,0.1901492,0.33563748,0.5221376,-0.19750391,0.008750799,0.44809756,0.45929864,0.11161757,-0.3489913,-0.011298582,-0.05536151,0.33265695,0.6452892,-0.45421118,-0.3971068,0.0688902,0.23526263,0.39818266,-0.21709494,-0.19738707,0.5009554,0.05553445,0.038238645,0.24352992,-0.60864097,-0.3782067,0.04740338,0.024936307,0.11549383,0.91578615,0.05883179,-0.018232979,0.3334449,-0.41027784,-0.69526994,0.11631711,0.27836573
O55164,-0.798996,-0.263479,-0.11723684,0.15753642,-0.11385627,-0.18088195,0.40887678,-0.5232556,-0.5739271,0.6546237,-0.067496926,0.18631414,0.5350095,0.07001937,0.9696958,0.8160267,-0.33829486,0.4357959,-0.6775735,0.21180683,-0.46164215,0.26454496,-0.62802166,-0.12670113,-0.07074353,0.45914724,-0.08001162,-0.33034924,0.35268718,0.14137068,-0.7416879,0.013231899,0.47871724,-0.09653285,0.64622414,-0.1916078,0.29847836,-0.5015372,0.106179945,0.39933318,0.26981688,-0.3910876,0.56177765,-0.033569746,0.45514515,0.26019788,0.21604642,0.3720251,0.45251667,0.14875534,0.26013774,-0.61226565,-0.5230543,-0.87955636,0.033359427,0.50317824,0.49764013,-0.5658241,-0.12200136,-0.21156245,-0.804101,-0.88332236,-0.17608473,0.4669351
Q8IXK0,-1.0801655,-0.5716079,-0.3280856,0.20271008,0.11412433,-0.0039364966,0.531868,-0.15649854,-0.7497376,0.6706472,-0.27695018,0.29547387,0.72698116,-0.1899401,0.91301477,1.1021637,-0.3689105,0.7452754,-0.79450905,0.24393485,-0.5233535,0.46366683,-0.72578025,-0.23088521,0.09804027,0.25059363,-0.18683752,-0.20964454,0.14344648,0.21029535,-0.5335479,-0.105857275,0.7124201,-0.06460716,0.84966946,-0.3313743,0.6226762,-0.7723789,0.24816078,0.348844,0.4123145,-0.23932053,0.80770135,-0.16723868,0.63542986,0.34893113,0.37981766,0.1826973,0.13919306,0.2011365,0.2032656,-0.72466445,-0.75300086,-0.7224287,-0.36324182,0.5792837,0.23570646,-0.28740388,-0.0073579475,-0.01957962,-0.6352185,-0.9681161,0.122289985,0.33938617
P04049,-0.6978997,-0.02418197,-0.19127856,0.12500876,-0.21714042,-0.19177136,0.46454853,-0.5945905,-0.37279478,0.6670224,0.087055065,0.4561824,0.32674605,0.20692107,0.77201307,0.28338584,-0.5579309,0.6721893,-0.7548195,0.55121255,-0.28245598,0.29951793,-0.5195823,0.040722966,-0.106016934,0.26835608,-0.3415172,0.05197609,0.4876534,0.40892175,-0.5684908,-0.03486936,0.44294828,0.31998408,0.47807983,-0.22815296,0.29282266,-0.3161225,0.29671404,0.6999086,-0.23172154,-0.5341611,0.31451505,0.30560893,0.39877322,0.09731774,-0.0637747,0.5450941,0.29111835,0.27989352,0.3320817,-0.75319046,-0.6511661,-0.6160212,-0.017479938,0.4606902,0.9138744,-0.3029701,-0.24855861,0.14745592,-0.6769344,-1.0233067,0.117752984,0.5574737
P14859,-0.98922145,-0.2616143,-0.14931749,0.12061848,-0.13074999,-0.14974901,0.44990146,-0.5661759,-0.62730205,0.7608421,-0.15416838,0.2352134,0.5688813,0.07245348,1.0784913,0.9247568,-0.3267439,0.6734389,-0.75647783,0.349585,-0.5137965,0.3465045,-0.7394423,-0.19821687,-0.0283469,0.52049685,-0.15800786,-0.35811383,0.41244012,0.20106184,-0.82512337,0.037792023,0.5404552,-0.07897422,0.7806541,-0.26415157,0.39146206,-0.5519167,0.17457551,0.37615353,0.26067322,-0.48873648,0.7656554,-0.026573904,0.5316012,0.2843851,0.2589219,0.3636123,0.5067511,0.22483735,0.357853,-0.7179572,-0.7243953,-0.9038189,-0.045918405,0.64972574,0.47989738,-0.5926317,-0.13126558,-0.05545576,-0.8203767,-1.0927188,-0.11262523,0.52854806
P21187,-0.766937,-0.08535388,0.21313274,0.1587604,-0.22223227,-0.15057419,0.15567702,-0.68571645,-0.43021777,0.60199773,-0.032733247,-0.101146966,0.3759191,0.094833426,1.1339493,1.0072054,-0.1435127,0.01636532,-0.44613636,0.019723136,-0.5055334,0.12545243,-0.54962337,-0.40238115,0.030489508,0.7516682,0.1589474,-0.77553827,0.22450624,-0.0014971197,-1.0667764,0.14797136,0.30071372,-0.50614244,0.51004314,-0.041652903,-0.0034677014,-0.37562472,-0.062803276,0.090966016,0.58119184,-0.40009215,0.70668805,-0.30460146,0.22680005,0.21602412,0.32049984,0.2624502,0.95619446,0.0332229,0.20270962,-0.39310122,-0.21010382,-0.94123495,0.27554184,0.53692716,0.24439186,-0.94038284,-0.05806098,-0.39563787,-0.9564768,-0.6635314,-0.663027,0.40555754
O94760,-0.17658389,0.34572113,-0.20816098,0.14761348,-0.2324801,-0.018873405,0.30070597,-0.46175855,0.22878723,0.112071134,0.46035826,0.6305133,-0.23820707,0.32500812,-0.006329719,-0.64438313,-0.5949465,0.4610372,-0.4160336,0.70295334,0.2551787,0.19377811,0.08218556,0.092154816,-0.01293591,-0.07307544,-0.41709268,0.4730964,0.4448774,0.6433713,0.07014026,0.009454559,0.23826915,0.7681095,-0.11388784,-0.36254114,-0.15918204,0.25212565,0.36821628,0.7520471,-0.7139272,-0.33405575,-0.1238646,0.52281606,0.29276899,-0.38611948,-0.36182472,0.47102216,-0.10420082,0.012109455,0.23087165,-0.5149251,-0.35518634,0.37027508,0.112774685,-0.046137504,1.0062265,0.2305472,-0.110485084,0.547307,-0.15942214,-0.6255953,0.20412341,0.34955293
I7MG78,0.15703075,0.7181947,0.022766367,0.09367962,-0.18284242,0.17984417,-0.13483196,0.019475343,0.63978434,-0.5162286,0.80565125,0.279201,-0.7772917,0.34496066,-0.6273396,-0.8887776,0.10664379,-0.15133446,0.1816256,0.5556361,0.42841548,-0.2541088,0.8626904,-0.06959338,0.15698236,-0.32019877,-0.31706178,0.37156594,0.106184885,0.29301494,0.66186863,0.34362826,-0.18611017,0.7452914,-0.8325416,-0.51602316,-0.80537826,1.0695776,0.2881294,0.13181445,-0.804512,-0.10075821,-0.4411881,-0.02918183,-0.16923708,-0.90230685,-0.46101072,0.14635795,-0.014819165,-0.32417846,0.011916742,0.23933545,0.22602725,1.3345001,0.18001455,-0.5817062,0.37711626,0.20682861,0.53409296,0.7257356,0.25897294,0.2385231,-0.32748318,-0.29490644
P17256,-0.14237413,0.13189563,-0.2769099,0.14547677,-0.117083505,-0.08176449,0.38454485,-0.38027662,0.08955841,0.1779337,0.3800584,0.6042925,-0.14527237,0.2230126,0.041300066,-0.51467156,-0.61320424,0.4446032,-0.47020942,0.5893781,0.22562055,0.2321606,0.01597015,0.18002644,-0.04762343,-0.13497633,-0.38492793,0.51623875,0.38436413,0.58310735,0.08465183,-0.098167755,0.2933393,0.6819892,-0.08385446,-0.2633185,-0.030425921,0.07371499,0.304908,0.8182883,-0.6190106,-0.2352833,-0.16357017,0.5362395,0.34054437,-0.2032119,-0.28290856,0.44815812,-0.23020689,0.061845884,0.16601017,-0.53303105,-0.38332772,0.20833352,0.05057885,-0.01449568,1.0047168,0.30828863,-0.16803607,0.42851233,-0.13838121,-0.5576949,0.31516153,0.3574986
P09546,-0.09601161,0.56808275,-0.07212045,0.14008082,-0.33764908,0.042118285,0.17258722,-0.5425287,0.3611266,0.07798449,0.58396184,0.5806531,-0.38474697,0.45971975,-0.016648527,-0.7592646,-0.5041028,0.32041827,-0.3042276,0.7710074,0.29019445,0.120212734,0.15066603,-0.008513153,-0.025810916,0.0028939545,-0.38385856,0.41046807,0.49978375,0.5814287,0.023347262,0.12295114,0.117978334,0.77821463,-0.23434165,-0.43636268,-0.36798427,0.45335934,0.35380805,0.61794114,-0.8113616,-0.3590953,-0.16640013,0.47368485,0.21736965,-0.47373855,-0.41119435,0.4804633,0.040791236,-0.08942507,0.2744253,-0.39483988,-0.2611725,0.51752734,0.23220539,-0.118421964,0.99329495,0.1314488,-0.04531937,0.62643063,-0.1890616,-0.5529003,0.0062154904,0.347677
O14960,0.029757738,0.36317748,0.0010360247,0.10842247,-0.1287606,0.01863999,-0.038630664,-0.059508137,0.30059248,-0.28537112,0.5359252,0.16759615,-0.3590197,0.19601277,-0.3198499,-0.4570989,0.048378818,-0.19603407,0.05507976,0.25680575,0.19835699,-0.15668352,0.53867763,-0.027223483,0.08043766,-0.1413754,-0.17344016,0.12820944,0.0583221,0.082318306,0.32571968,0.2285709,-0.015706286,0.35525337,-0.4510161,-0.29740164,-0.5501162,0.60512906,0.19267774,0.14340879,-0.44702026,-0.036527637,-0.24462545,-0.05251421,-0.012913678,-0.55804044,-0.20760706,0.16184908,0.094501,-0.2743895,-0.08090765,0.04259638,0.22367755,0.7384446,0.18156137,-0.4020453,0.26979047,0.065089986,0.35999036,0.290114,0.02379129,0.1452655,-0.34363037,-0.22207765
O59734,-0.74070954,0.3987982,0.28066114,0.30839,-0.28893152,0.012209865,-0.04083231,-0.7040747,-0.103078425,0.21465312,0.35998315,-0.17023036,0.18896987,0.2450121,0.8949801,0.6194824,0.10898427,-0.23716286,-0.10880924,0.121748015,-0.45563173,-0.006886767,-0.03754746,-0.45027152,0.15288527,0.61858535,0.18060847,-0.92464316,0.1490015,0.019634828,-0.96936655,0.4687737,0.18845206,-0.4393839,0.23049751,-0.23049252,-0.47691026,0.14341135,0.027915664,-0.19814357,0.34508726,-0.40590778,0.4926184,-0.6024813,0.13252795,-0.29900694,0.12632878,0.32710496,1.1454993,-0.2312928,0.18557242,-0.105909854,0.20087218,-0.30026996,0.40742323,0.13739029,0.22155118,-1.0398978,0.30139914,-0.29871854,-1.032125,-0.36895773,-1.062809,0.11291601
P42834,-0.43737116,0.5427999,-0.17834221,0.14528562,-0.26707828,0.20357034,-0.07054867,0.007205413,0.31970704,-0.53231746,0.6549116,0.33692494,-0.36910772,0.13847062,-0.32335353,-0.22898285,0.2545378,0.23147169,0.045004934,0.5892639,0.14395566,-0.08178369,0.6470607,-0.33207828,0.28090942,-0.10905559,-0.3475293,-0.019786138,-0.06808233,0.34852976,0.39561218,0.5206654,0.16741681,0.53004825,-0.31954443,-0.7089414,-0.61084664,0.8129559,0.42625138,-0.074570894,-0.56035966,-0.21221133,0.12430822,-0.407679,0.0066810586,-0.90258926,-0.22786239,0.12483264,0.2749363,-0.27220738,0.093752295,0.042160418,0.013475213,1.2155231,-0.0021376358,-0.37805903,0.05917511,-0.050898142,0.83624357,0.5952127,-0.047165766,-0.04107532,-0.4514676,-0.37947598
P14738,0.0351478,0.16251835,-0.24038993,0.041329652,-0.1360676,-0.08772044,0.31832832,-0.33922258,0.15317039,0.16436674,0.3556021,0.5936656,-0.23065364,0.20359078,-0.041333485,-0.6312988,-0.60618067,0.51519066,-0.46779114,0.57559705,0.32799524,0.22460955,-0.04965841,0.11587012,-0.057531033,-0.16879806,-0.36916023,0.6113301,0.3442134,0.5672015,0.25378665,-0.10834628,0.1618326,0.7454848,-0.13777256,-0.2005943,0.018385068,0.1744628,0.35666448,0.8561574,-0.7144798,-0.21007697,-0.14413714,0.63919485,0.29207328,-0.16880336,-0.24096885,0.3755755,-0.30968252,0.15170534,0.12212284,-0.48058408,-0.48941478,0.28548265,0.021699462,-0.019527912,0.9049615,0.38305914,-0.20355746,0.5213851,0.02770798,-0.55828696,0.4212677,0.3314377
P31725,-0.70448875,-0.3750435,-0.032268457,0.21917696,0.037368853,-0.107635155,0.25458038,-0.27064478,-0.52843344,0.36245146,-0.08096181,-0.038931042,0.570288,-0.097057514,0.77956194,0.96750194,-0.09429657,-0.00033886358,-0.40990263,-0.10467176,-0.49637687,0.14147258,-0.35173607,-0.1957004,0.039136913,0.4073092,0.11002165,-0.5789621,0.044454392,-0.10131514,-0.6652813,0.053575702,0.49498257,-0.4250959,0.5192066,-0.0572602,0.106485456,-0.45893037,0.0210483,0.078747034,0.57220876,-0.13717924,0.47614574,-0.3891497,0.3737613,0.19101109,0.358149,0.19543326,0.512123,-0.07582622,0.05236587,-0.34266245,-0.105195016,-0.72491145,0.027226165,0.32506096,0.06571084,-0.57439035,0.13503644,-0.44691217,-0.7294183,-0.37796202,-0.45770088,0.14190531
O14011,-0.044303536,0.81493795,-0.085750386,0.07857907,-0.23866503,0.25206286,-0.14322391,0.0047690584,0.64764684,-0.56817603,0.8132459,0.4087104,-0.76887244,0.26048663,-0.5966482,-0.8298033,0.11031153,0.17521659,0.12246555,0.7290122,0.47100055,-0.2083104,0.84817827,-0.23276669,0.20612833,-0.25159985,-0.40774775,0.35964653,0.08105937,0.48563462,0.68556035,0.41207823,-0.12045003,0.8877644,-0.7456562,-0.69429016,-0.75702345,1.1834776,0.4043942,0.15631501,-0.91783017,-0.21497156,-0.21835321,-0.06233038,-0.18986528,-1.0148863,-0.51088995,0.14998606,0.054935712,-0.24547698,0.10090819,0.15702668,-0.015413668,1.5196223,0.094777994,-0.5021644,0.3153187,0.14718585,0.70708674,0.93897074,0.28052527,0.048800766,-0.2602585,-0.32900867
P21327,-0.1742252,0.057212763,-0.3314851,0.12053712,-0.08961636,-0.100419626,0.42692378,-0.36566997,0.046383712,0.22001842,0.31315604,0.6495602,-0.09502308,0.1748535,0.05698411,-0.4861527,-0.6676931,0.5694193,-0.539393,0.59045416,0.21479319,0.27223405,-0.04435592,0.20172983,-0.039857958,-0.15244944,-0.41393173,0.5418856,0.36507335,0.63364416,0.09596115,-0.13760044,0.34063464,0.7073042,-0.012101494,-0.2352943,0.07935807,-0.0007273834,0.3360715,0.8907007,-0.61511487,-0.26398233,-0.11875733,0.5879249,0.3736817,-0.15515289,-0.26714668,0.4538503,-0.27769154,0.13062696,0.17160597,-0.59728295,-0.4820004,0.12685966,-0.0077591063,0.053993426,1.0201675,0.34482956,-0.20844781,0.43939576,-0.1269604,-0.64592534,0.4301949,0.39260608
O61722,-0.49775645,0.45564958,-0.0890817,0.19912662,-0.33591545,-0.039234806,0.25877863,-0.5927322,0.10183631,0.24114743,0.43074036,0.5343951,-0.08133897,0.3883917,0.28518003,-0.33642882,-0.4307353,0.41892394,-0.42884922,0.7349379,0.015757874,0.16054852,0.00024201907,-0.009752527,0.013660971,0.13067216,-0.4093495,0.14027241,0.48636693,0.53408533,-0.29864982,0.16570942,0.29494396,0.53434616,0.059944652,-0.4240491,-0.24011013,0.2082168,0.37231353,0.5700409,-0.5957467,-0.51286995,0.07492603,0.27193728,0.2884783,-0.40027577,-0.30072168,0.5442944,0.27942353,-0.017330647,0.32240722,-0.55077857,-0.31175116,0.15350424,0.1708977,0.0586704,0.9397664,-0.12792906,-0.020904347,0.4170584,-0.5144667,-0.7661407,-0.09118445,0.34118366
P62993,-0.7726681,0.14471775,-0.025030151,0.11826552,-0.3266057,-0.24304128,0.34597147,-0.8114438,-0.35202566,0.6569553,0.10149494,0.24825543,0.30310762,0.2828271,0.99952793,0.48577267,-0.33806264,0.51408255,-0.6550825,0.4424298,-0.38346303,0.20739216,-0.5303852,-0.14101458,-0.09329048,0.5371146,-0.17311943,-0.31996283,0.53965664,0.29265568,-0.8633825,0.161335,0.33777338,0.03928409,0.50342405,-0.23963597,0.06844184,-0.21276873,0.16599877,0.426726,0.015265494,-0.62510943,0.537059,0.08513226,0.3759638,0.053512424,0.012769267,0.5152527,0.67978936,0.20926537,0.40478942,-0.6144091,-0.528919,-0.75984544,0.2362869,0.5013147,0.7354761,-0.6962971,-0.17821127,0.0013480186,-0.87161297,-1.0402927,-0.2870184,0.54026335
Q3HL75,-0.014170416,0.98157847,0.16192697,0.10055246,-0.4942033,0.20994097,-0.16595182,-0.4575238,0.6409879,-0.27277744,0.8728557,0.37398052,-0.68880695,0.5618593,-0.24374765,-0.81072384,-0.025824346,-0.073251955,0.059324473,0.76894975,0.3427282,-0.19370925,0.5404391,-0.25397223,-0.0033534206,0.06974903,-0.32227856,0.21751435,0.3934682,0.3184061,0.12877445,0.49135765,-0.21453336,0.75677764,-0.5576614,-0.6155218,-0.8959704,0.99344605,0.26008004,0.10139931,-0.94972295,-0.37099275,-0.21794832,0.09213773,-0.13799962,-0.85097,-0.42586735,0.32907638,0.38564077,-0.33412814,0.26347095,0.095199645,0.037802,1.0200084,0.35163873,-0.3894023,0.59050167,-0.13386773,0.3850613,0.713194,-0.18811417,-0.17428069,-0.4914339,0.103258386
O75400,-1.0703077,-0.1514155,-0.119629785,0.15252064,-0.13595514,-0.09233029,0.3852182,-0.5462411,-0.5572992,0.61869234,-0.11665194,0.20096548,0.52997166,0.026927434,1.0283498,0.9580768,-0.232126,0.61478716,-0.6697948,0.31884825,-0.50542974,0.31896916,-0.63765275,-0.30758733,0.081351146,0.5595976,-0.10873808,-0.4952639,0.33872426,0.21292108,-0.82846177,0.14944175,0.52925736,-0.15676178,0.7531417,-0.3192077,0.2820648,-0.47196606,0.16541845,0.22174276,0.3411484,-0.46375117,0.8677072,-0.21140635,0.51959604,0.17616288,0.29622254,0.2851306,0.58566165,0.14834918,0.3498676,-0.6297887,-0.6413866,-0.7529098,-0.016795114,0.58533746,0.325387,-0.65903574,-0.010091178,-0.031344652,-0.8569504,-1.0607543,-0.25589898,0.41782203
P68104,-0.5096404,0.89154065,0.15043806,0.14153558,-0.59215623,-0.1445857,0.13946629,-1.1684523,0.23338877,0.44543025,0.468651,0.34892315,-0.16024387,0.6392541,0.71938443,-0.26278,-0.3704524,0.34800425,-0.35546988,0.7340946,-0.11432473,0.014024692,-0.14606182,-0.23171884,-0.12568463,0.6112983,-0.29917377,-0.29467353,0.75899655,0.44965875,-0.9722953,0.4448115,0.006420411,0.25163215,0.10152476,-0.4801425,-0.60983163,0.37456244,0.20198978,0.28571936,-0.5789588,-0.76222515,0.35534933,0.23365709,0.26025543,-0.3393875,-0.35948545,0.6925795,0.8994791,-0.016286299,0.52740955,-0.3874874,-0.27196822,-0.19786845,0.6176854,0.24817821,0.95852053,-0.74534494,-0.10680903,0.40573516,-0.8713746,-1.012855,-0.5624256,0.54854274
P68105,-0.5096404,0.89154065,0.15043806,0.14153558,-0.59215623,-0.1445857,0.13946629,-1.1684523,0.23338877,0.44543025,0.468651,0.34892315,-0.16024387,0.6392541,0.71938443,-0.26278,-0.3704524,0.34800425,-0.35546988,0.7340946,-0.11432473,0.014024692,-0.14606182,-0.23171884,-0.12568463,0.6112983,-0.29917377,-0.29467353,0.75899655,0.44965875,-0.9722953,0.4448115,0.006420411,0.25163215,0.10152476,-0.4801425,-0.60983163,0.37456244,0.20198978,0.28571936,-0.5789588,-0.76222515,0.35534933,0.23365709,0.26025543,-0.3393875,-0.35948545,0.6925795,0.8994791,-0.016286299,0.52740955,-0.3874874,-0.27196822,-0.19786845,0.6176854,0.24817821,0.95852053,-0.74534494,-0.10680903,0.40573516,-0.8713746,-1.012855,-0.5624256,0.54854274
O95727,-0.72306204,-1.0395509,-0.32347643,0.1715932,0.3385355,-0.083279796,0.50668347,0.19113185,-0.9063993,0.58573484,-0.49160004,0.0724009,0.8629015,-0.5144543,0.7934289,1.3048438,-0.34467676,0.4202133,-0.65772426,-0.27279237,-0.5599019,0.3737942,-0.75702125,-0.1507197,0.032126218,0.043768883,0.07994489,-0.14124642,-0.16459814,-0.1294232,-0.35111263,-0.36901784,0.6796844,-0.36716542,0.78759575,-0.0161497,0.76095474,-1.0212076,0.099778056,0.3308453,0.76785076,0.15099269,0.66354203,-0.15975803,0.5215563,0.6387092,0.55879086,-0.044199936,-0.14753385,0.19374384,-0.15625292,-0.5622582,-0.46543512,-0.90988064,-0.4350287,0.4406857,-0.112148866,-0.09891014,-0.13387242,-0.41436636,-0.3802182,-0.43167862,0.20246753,0.11543062
Q05080,-0.034898758,0.6476522,-0.20161436,0.09833784,-0.04003517,0.21945792,-0.10728055,0.27329823,0.541344,-0.6771762,0.7392798,0.39272296,-0.7427205,0.09886166,-0.7885762,-0.7743468,0.20063871,0.18575722,0.19264925,0.58543587,0.44321036,-0.23512703,0.9793185,-0.15732643,0.3102187,-0.45819676,-0.43323392,0.32314298,-0.10949357,0.40253004,0.9305567,0.36148253,-0.053533472,0.7965731,-0.8136461,-0.6859995,-0.69478995,1.1613106,0.4200221,0.11659353,-0.77686554,-0.092130154,-0.30056295,-0.2097542,-0.2022715,-1.0048118,-0.51858586,0.05273184,-0.12053884,-0.24614364,-0.047299333,0.19308788,0.09614232,1.674598,-0.028791305,-0.58348405,0.15673772,0.26808906,0.8780429,0.9222629,0.43603867,0.2654685,-0.2153514,-0.5576421
P25233,-0.60128546,-1.0588467,-0.26075274,0.030722858,0.2117748,-0.19632396,0.5465744,-0.024502588,-1.009141,0.8565379,-0.5477332,0.14928043,0.9502639,-0.45951238,0.99086386,1.3605741,-0.5115272,0.5289508,-0.7579874,-0.21003239,-0.5924147,0.48807454,-1.1421473,-0.15487877,-0.14696547,0.1289429,0.16102283,-0.049868207,-0.030932711,-0.19628124,-0.51907057,-0.50738466,0.65917325,-0.43028897,0.9439875,0.10616967,0.87872756,-1.2300508,0.076749615,0.45023072,0.63830954,0.21706915,0.7554585,0.07451501,0.53736436,0.86800843,0.6871526,0.023887077,-0.16206251,0.31785852,-0.16428256,-0.7228604,-0.6533209,-1.1849477,-0.4798299,0.58229905,0.00076149404,-0.009892866,-0.39693618,-0.41591895,-0.43303436,-0.53843796,0.33297497,0.36346126
O75129,-0.55053735,-0.95848745,-0.5407173,0.14319639,0.401515,0.015115895,0.63591725,0.41142786,-0.58822954,0.44689777,-0.23341869,0.52734363,0.49595702,-0.44335046,0.25647864,0.5583328,-0.49816728,0.7128458,-0.76985526,0.22130783,-0.064239874,0.44138634,-0.41407818,0.111833125,0.12821718,-0.36062297,-0.32645434,0.56506026,-0.10809409,0.26348466,0.27013576,-0.4624271,0.6187238,0.3288265,0.3743072,-0.2031394,0.79747695,-0.7984083,0.2870793,0.7540819,0.10426169,0.10277206,0.30975005,0.2349743,0.49408355,0.4448688,0.3102667,0.020737002,-0.707639,0.28386003,-0.08229155,-0.6956745,-0.66192997,-0.29990453,-0.624223,0.3011973,0.42856628,0.5349145,-0.10760648,0.19036499,0.11317508,-0.5418981,0.76041406,0.15705115
P02091,-0.35566795,0.5921086,-0.019775644,0.15851286,-0.40719318,-0.030087944,0.20313083,-0.662359,0.2347049,0.20620546,0.49374068,0.5476515,-0.19279712,0.4602277,0.25108594,-0.5209962,-0.4771676,0.40426144,-0.3829562,0.8125456,0.101300135,0.1469892,0.009259665,-0.072437935,-0.020285543,0.16752204,-0.3723858,0.19451912,0.532678,0.56515026,-0.2504844,0.19297042,0.19165277,0.61990887,-0.004966691,-0.40197432,-0.31565347,0.33330864,0.3888367,0.58088076,-0.7121072,-0.5060447,0.034978442,0.34930354,0.2526105,-0.44137084,-0.33960363,0.5648851,0.292346,-0.016045965,0.3343232,-0.5075557,-0.32701367,0.24158736,0.20886756,0.037607454,0.9648136,-0.12583841,-0.026686378,0.5242962,-0.4596961,-0.7606809,-0.11073225,0.38487378
A8KC60,-0.42150497,0.7546534,0.030898858,0.15122691,-0.50714654,0.045159806,0.121819004,-0.7139768,0.32687446,0.15927553,0.5658369,0.53438866,-0.24381907,0.53922784,0.2434806,-0.5283652,-0.40206432,0.38427195,-0.3339163,0.88244957,0.08419205,0.08913234,0.065769784,-0.15167499,0.00022348389,0.2255952,-0.41921335,0.12469235,0.5693985,0.5663162,-0.34270737,0.30295324,0.13527617,0.65123373,-0.009613588,-0.5331172,-0.44914943,0.46471494,0.41199273,0.47374856,-0.83012164,-0.5721652,0.07901147,0.3119477,0.20808256,-0.5530586,-0.39404652,0.5764809,0.42150643,-0.08511518,0.39875922,-0.45671248,-0.27867892,0.3670606,0.27101007,0.001261834,0.9354699,-0.21732804,0.03357499,0.5806576,-0.52429193,-0.778938,-0.22990905,0.37144738
P63165,-0.933607,-0.083612144,0.07693878,0.13387033,-0.24117695,-0.20355842,0.29036927,-0.8006855,-0.52700716,0.68821216,-0.06004645,0.0057303607,0.3980675,0.15507397,1.260874,1.0098774,-0.19000214,0.37274423,-0.59378344,0.24163081,-0.52008,0.21790087,-0.66785043,-0.33595344,0.0058615245,0.7976229,0.05527346,-0.6609932,0.43468764,0.15328592,-1.0722151,0.16514462,0.3480461,-0.34781155,0.646899,-0.17754313,0.10439506,-0.42923212,-0.009430446,0.23561674,0.4454702,-0.5318068,0.81495214,-0.16949955,0.4270221,0.25913,0.29202086,0.34291375,0.8566705,0.14032541,0.3782642,-0.55692184,-0.48762158,-0.9907621,0.26379094,0.6437404,0.42241573,-0.91023797,-0.14181429,-0.23544478,-0.95996624,-0.96305776,-0.47341967,0.54391783
P10809,-0.36948708,0.8842474,0.20227976,0.21039005,-0.5236118,-0.034271922,0.014462844,-1.0357298,0.30106628,0.18675442,0.5788989,0.21508087,-0.19740388,0.59272784,0.5701405,-0.30216962,-0.17733708,-0.007471781,-0.1224769,0.57659626,-0.059743986,-0.029266855,0.07493332,-0.3051594,-0.08233915,0.5439917,-0.14260538,-0.3961884,0.5690155,0.24190497,-0.8186625,0.5246504,0.019790716,0.15066203,-0.006121509,-0.45191216,-0.79786605,0.48351625,0.111697845,0.04968895,-0.46662855,-0.56779003,0.2168471,-0.0032808632,0.2087082,-0.44238263,-0.26985773,0.57431066,0.9060023,-0.24601118,0.41137317,-0.18297496,-0.008241549,0.031741217,0.66968924,0.012908861,0.7225446,-0.7215475,0.09234986,0.258309,-0.84405804,-0.6247505,-0.7804542,0.39533764
P53584,0.06402527,-0.07904601,-0.25023463,0.10923296,0.08546409,-0.0068649845,0.22157617,0.1749658,0.10528165,-0.1256845,0.41056812,0.3780439,-0.27549115,0.049780995,-0.4264057,-0.42085046,-0.18093604,0.012744926,-0.16519743,0.3002555,0.2838369,0.01824482,0.38462085,0.23174915,0.067049846,-0.43745705,-0.3289435,0.534912,0.05771875,0.19846964,0.57586026,-0.06797861,0.15423426,0.5212308,-0.42572835,-0.28132704,-0.15746771,0.2308402,0.24021575,0.48739722,-0.50314605,0.13245794,-0.38029557,0.2230247,0.13380712,-0.2773798,-0.16582116,0.12312736,-0.4900238,-0.12921058,-0.15886512,-0.13598418,-0.00018869713,0.68492806,-0.10958313,-0.34465402,0.49766445,0.53370863,0.15230387,0.33389437,0.26604772,0.09914437,0.18380946,-0.14735968
Q9MZB4,-0.57501173,0.54051447,0.0040675765,0.17408967,-0.43766552,-0.13608378,0.26237255,-0.82714605,0.027570296,0.39239863,0.38884503,0.41725984,-0.0028596222,0.4405804,0.5988368,-0.13088356,-0.4156836,0.41352203,-0.4727475,0.7105446,-0.11907603,0.15871784,-0.21421935,-0.1051825,-0.06918582,0.35754862,-0.31335193,-0.04912949,0.5819233,0.4714384,-0.62366134,0.22311287,0.22313035,0.35606626,0.20278227,-0.35002285,-0.25030595,0.15723445,0.29781988,0.50980943,-0.49018115,-0.603667,0.2406295,0.22197077,0.2787222,-0.28113145,-0.23560414,0.60191286,0.5500754,0.06952501,0.38964275,-0.5472917,-0.3866658,-0.1767184,0.27565733,0.21297002,0.92699087,-0.42068684,-0.10840712,0.3331251,-0.7327462,-0.9022106,-0.25457442,0.4503479
P0DPK5,-0.7215905,-0.18483011,0.32250762,0.19949932,-0.13862024,0.019622717,-0.030852228,-0.44534537,-0.45784575,0.52332616,-0.02422674,-0.25528753,0.4107275,-0.073153175,0.9935318,1.2693508,-0.034088146,-0.39230648,-0.31019896,-0.22581361,-0.6115248,0.024061965,-0.4473341,-0.4952883,0.116652966,0.6632128,0.21067418,-0.82706976,-0.13937166,-0.2779122,-1.078057,0.045448143,0.23470822,-0.77404016,0.36616984,0.084109634,-0.047141604,-0.44068852,-0.12931171,-0.1362766,0.72796035,-0.14313869,0.59400415,-0.5308979,-0.062817544,0.23911844,0.42805845,0.05405461,1.0601628,-0.051668793,-0.013351902,-0.25092933,0.04020006,-0.7995168,0.078964636,0.4569061,-0.07154514,-0.92381746,0.08786346,-0.5265274,-0.9075122,-0.21894535,-0.8063208,0.20330061
P08902,-0.1835092,0.24987382,-0.1257781,0.18024014,-0.19485174,-0.045788098,0.21473993,-0.31281707,0.11217822,-0.0009215176,0.49219388,0.42300558,-0.18768518,0.27108034,-0.023504633,-0.3722008,-0.29994068,0.14646521,-0.2575285,0.5140073,0.12384558,0.07369576,0.20385623,0.047223106,-0.01764327,-0.0409965,-0.28885984,0.27493915,0.31594175,0.34156007,0.10958351,0.11984492,0.22778252,0.49855015,-0.16686746,-0.3693875,-0.32993227,0.27041557,0.26646587,0.4574245,-0.5047902,-0.1928461,-0.15183315,0.17059907,0.2393587,-0.3936749,-0.22755092,0.3730187,0.013481191,-0.1455627,0.11197065,-0.31408095,-0.08401012,0.41663474,0.122233205,-0.17441064,0.6740502,0.08979832,0.14240363,0.2952484,-0.21143487,-0.29372498,-0.11521785,0.122121036
Q88YH3,0.03568712,0.9513862,0.16176474,0.094404876,-0.46379778,0.20542341,-0.15111998,-0.41872075,0.6446154,-0.2667995,0.8768754,0.38728705,-0.71457386,0.5597735,-0.28705195,-0.86345047,-0.05130806,-0.081187256,0.053909823,0.76843387,0.3707351,-0.186541,0.5513579,-0.21476772,-0.0131913535,0.028415784,-0.32170606,0.27879405,0.40575594,0.32245588,0.20325975,0.45826808,-0.22553134,0.795667,-0.59066397,-0.5995517,-0.87361014,0.98402286,0.25761992,0.13658929,-0.9557174,-0.3496867,-0.27516395,0.13026416,-0.13659824,-0.8398939,-0.44177595,0.3198209,0.30277503,-0.32813722,0.23996699,0.09818086,0.049355287,1.043144,0.33107665,-0.4078982,0.61420655,-0.07190214,0.36038485,0.72643,-0.13108689,-0.16155143,-0.44541872,0.1092757
O81770,-0.09052451,0.39662504,-0.26852602,0.12812729,-0.18855064,0.08196087,0.1540285,-0.17701508,0.38298303,-0.2679905,0.62601423,0.6040964,-0.44674006,0.26226178,-0.40933546,-0.73568624,-0.32006517,0.3980407,-0.22053164,0.7221228,0.40830427,0.070996955,0.43301576,0.067303225,0.09083536,-0.21966293,-0.4347012,0.52004516,0.2920625,0.6167326,0.52868664,0.15512401,0.18559909,0.8764535,-0.4213865,-0.5825435,-0.38482097,0.5952623,0.4243805,0.48408547,-0.78639257,-0.13810827,-0.18011999,0.27732357,0.2205224,-0.68386734,-0.38696042,0.29811403,-0.22096424,-0.17602573,0.15391317,-0.27286482,-0.18626304,1.0274974,0.064193234,-0.31056505,0.681619,0.39835757,0.27849883,0.68812305,0.207112,-0.25819385,0.07830644,-0.02662954
P15700,-0.3594921,0.88108146,0.058570147,0.16526616,-0.5593156,0.1589736,-0.04795572,-0.5740356,0.47629407,-0.14944658,0.73593813,0.42335612,-0.3740753,0.528417,0.053996477,-0.52427363,-0.09404559,0.17232925,-0.09704235,0.8171709,0.15896516,-0.03774613,0.3544953,-0.31747586,0.046035673,0.18570912,-0.36846548,0.007732343,0.41695684,0.42173117,-0.16892993,0.5292364,0.061184824,0.6360557,-0.22446099,-0.6663051,-0.7498883,0.76012886,0.37074348,0.11382428,-0.8216273,-0.4735336,0.06756854,0.023827923,0.08494322,-0.8039401,-0.3502332,0.4477677,0.550377,-0.26970494,0.3664761,-0.16372447,-0.08397761,0.76920563,0.3261136,-0.21783352,0.6023917,-0.2791351,0.3778806,0.59154415,-0.41049814,-0.44877514,-0.51366353,0.12453392
P10493,-0.6029544,-0.9192565,-0.32592845,0.1636687,0.2931112,-0.08492616,0.5304489,0.12414684,-0.76827466,0.5702639,-0.34001338,0.1912575,0.7167471,-0.35423195,0.65190494,0.97576344,-0.4358374,0.42156377,-0.6829774,-0.09364174,-0.42148238,0.34087786,-0.63011754,-0.036992393,-0.027225148,0.026806593,-0.028499603,0.04266672,0.0062596695,-0.013202678,-0.21375218,-0.34678486,0.61945677,-0.11731033,0.6374614,-0.076404676,0.68702364,-0.8720281,0.13382316,0.5003054,0.49605286,0.046042103,0.44460267,-4.7326088e-05,0.5022124,0.520837,0.3966256,0.074249305,-0.2515153,0.19077958,-0.0747734,-0.58383346,-0.47488305,-0.79013276,-0.4010771,0.39857107,0.1537623,-0.0124981105,-0.13203788,-0.30393857,-0.3264858,-0.489982,0.28270528,0.20406842
P03615,0.29555348,0.07956774,-0.25452024,0.10404457,0.30969924,0.26999098,-0.12459557,0.7577914,0.3184818,-0.61486477,0.45785218,0.3449223,-0.52158654,-0.24225497,-1.1039082,-0.61958617,0.20308188,-0.17420095,0.26002645,0.087428644,0.39532644,-0.25711086,0.8872291,0.13094887,0.2863285,-0.7722058,-0.30007023,0.48958656,-0.44795758,-0.005966641,1.1218538,0.030285664,-0.009040356,0.5130108,-0.8076684,-0.4261281,-0.4500841,0.7033851,0.33566606,0.025185227,-0.50341076,0.39349353,-0.56058025,-0.2138159,-0.25117454,-0.6262418,-0.2616876,-0.19711453,-0.60106707,-0.38084453,-0.3931883,0.2785821,0.36488461,1.4646853,-0.28622645,-0.7243772,-0.07322873,0.6917848,0.73253524,0.6108862,0.70763916,0.7211882,0.0063619465,-0.69702405
P28241,-0.018326804,0.95633066,0.12575106,0.092703044,-0.44837973,0.22898594,-0.18212351,-0.33684522,0.6627621,-0.3647234,0.86892164,0.35331577,-0.71564156,0.50271255,-0.33822003,-0.80555946,0.044942558,-0.0582413,0.09358242,0.74152553,0.36593705,-0.21752667,0.6481829,-0.2595837,0.05301119,-0.0114601925,-0.3383466,0.2278942,0.29841185,0.33195797,0.2616191,0.49796095,-0.20359096,0.78371334,-0.6220538,-0.62589526,-0.88665885,1.0664581,0.29131523,0.07754811,-0.92984384,-0.33793816,-0.22071826,0.024929397,-0.16696686,-0.9154728,-0.43734995,0.2723825,0.3437692,-0.3276856,0.22222549,0.145921,0.055716533,1.1482004,0.29684293,-0.43291795,0.4875955,-0.09401117,0.4800408,0.74855995,-0.08187933,-0.0985761,-0.47759327,-0.017815933
O60906,-0.276155,-0.14792353,-0.359478,0.13000049,-0.009692136,-0.10583149,0.47878516,-0.28348476,-0.12702969,0.30068856,0.21701631,0.6015068,0.060018644,0.06845846,0.17154229,-0.21761577,-0.637348,0.5478131,-0.60528344,0.5127137,0.11342709,0.30914694,-0.14696358,0.21887374,-0.05690814,-0.13092174,-0.38082242,0.5130047,0.30063605,0.5269623,0.042803407,-0.21237415,0.39521047,0.5897516,0.112610154,-0.19498894,0.2141298,-0.20237732,0.28898326,0.8740499,-0.47591472,-0.19407481,-0.06252984,0.5109053,0.38990366,0.006322339,-0.15647277,0.40248442,-0.30102247,0.16659412,0.1320984,-0.6398199,-0.5002648,-0.042901024,-0.109022796,0.121995054,0.93786657,0.31517965,-0.21493712,0.31754598,-0.16875823,-0.6373677,0.44850838,0.39300564
O75334,-0.72146,-0.11488482,-0.08483511,0.08874095,-0.26700556,-0.2520668,0.41266227,-0.68861884,-0.4911349,0.7471672,-0.0064942166,0.2605199,0.4319118,0.20944527,1.0628986,0.6289509,-0.3924617,0.52229184,-0.71400964,0.3706135,-0.4332567,0.25512174,-0.65009505,-0.09541561,-0.15810505,0.50341237,-0.15612331,-0.24633448,0.49062937,0.22236198,-0.8278781,0.03732833,0.40423205,-0.0020236261,0.5981319,-0.17445192,0.2306802,-0.41932955,0.13027182,0.4885363,0.067771174,-0.509813,0.50362176,0.1262834,0.42978832,0.22969119,0.10436926,0.5129708,0.53508383,0.25303876,0.35710764,-0.6456863,-0.6080532,-0.936005,0.14088397,0.5599739,0.72991323,-0.59626424,-0.21621114,-0.09179163,-0.822169,-0.9712302,-0.15907903,0.56748635
O60609,-0.58172965,-1.0438474,-0.37862116,0.12672004,0.28856248,-0.10292506,0.6295524,0.07072077,-0.84996897,0.7856455,-0.38800687,0.34501287,0.76660776,-0.33777574,0.77713996,0.91350496,-0.6637884,0.6495497,-0.84764355,0.074639365,-0.396612,0.4925542,-0.8435904,0.058388293,-0.142095,0.0073679388,-0.06517063,0.28529584,0.12446344,0.08572401,-0.1983068,-0.5255314,0.66603523,0.037928823,0.7322817,-0.042179864,0.8897317,-1.0445446,0.17089379,0.73227704,0.349999,0.04966337,0.42347622,0.25731632,0.5708159,0.69849765,0.3931205,0.17735595,-0.40573865,0.31680834,-0.038860038,-0.806387,-0.7131685,-0.9258375,-0.49779934,0.52329266,0.4196217,0.13364854,-0.31745303,-0.1878129,-0.287925,-0.68515396,0.53311133,0.4057029
P01857,-0.5653405,-0.82772523,-0.006726415,0.00049534626,0.0050166585,-0.21867983,0.376182,-0.27385232,-0.85415035,0.8752884,-0.5070826,-0.006768152,0.8066047,-0.29094183,1.0883417,1.3416973,-0.32960334,0.28408608,-0.6019463,-0.2795147,-0.6049749,0.3143635,-1.0774037,-0.2781196,-0.1512422,0.44238064,0.21867086,-0.38118812,0.06392546,-0.34692532,-0.83986974,-0.24305126,0.48876426,-0.5695293,0.8971275,0.15919945,0.61381716,-1.0764008,-0.0774113,0.21483195,0.7322623,-0.017025348,0.8682686,0.03410729,0.39585313,0.811331,0.7243998,0.04484351,0.3068369,0.20500891,-0.08365491,-0.5636137,-0.49944443,-1.3857741,-0.17283793,0.6417776,-0.06257124,-0.39765275,-0.3952133,-0.5595584,-0.68520314,-0.6117876,-0.06287925,0.4663906
Q0VCU1,-0.23893139,0.7906092,0.09045698,0.18224166,-0.4926813,0.03902318,0.08415783,-0.77244425,0.35147506,0.14977652,0.619929,0.46561858,-0.32708046,0.5835255,0.22687772,-0.5981717,-0.38502434,0.17904061,-0.2302517,0.79242307,0.11739597,0.028175274,0.109009914,-0.14137474,-0.080317855,0.24307987,-0.326389,0.12792182,0.5940793,0.44123924,-0.3691495,0.31324005,0.05720731,0.5901476,-0.143704,-0.5084473,-0.58737147,0.5036061,0.29276133,0.40832442,-0.7809144,-0.50464946,-0.03642168,0.29796913,0.1743301,-0.5031398,-0.40257505,0.5638468,0.43414024,-0.17408909,0.36962625,-0.32199073,-0.16034071,0.34112263,0.40544257,-0.074807435,0.9449551,-0.24101783,0.01075694,0.51226526,-0.5279684,-0.61707234,-0.33846325,0.41188538
O15537,-0.5418843,-0.8774217,-0.12473962,0.12322755,0.17900822,-0.17004442,0.4210356,-0.08958937,-0.79604936,0.67710423,-0.43239164,0.0017488003,0.78038627,-0.27198377,0.86240524,1.1374933,-0.3716058,0.15960425,-0.5896355,-0.29947045,-0.55031705,0.27422056,-0.776272,-0.09054606,-0.1078423,0.2565852,0.1458878,-0.2885192,0.042013075,-0.24633388,-0.59118474,-0.2757304,0.5639424,-0.44778872,0.71846807,0.123428136,0.5875354,-0.93703645,-0.0033970699,0.29928288,0.70244956,0.0309687,0.5220811,-0.05321964,0.4550244,0.64865535,0.5288693,0.10230803,0.08323061,0.12458198,-0.0827977,-0.5031449,-0.34332883,-1.1553018,-0.16583835,0.48412102,0.054951802,-0.28781056,-0.26562753,-0.5857558,-0.5624099,-0.4284743,0.0017580092,0.30182618
P16233,-0.27527213,-0.1868038,-0.20451297,0.0987048,-0.07823862,-0.20880193,0.45207736,-0.44798514,-0.29824856,0.5415766,0.07770747,0.38473243,0.23665154,0.093425386,0.5452445,0.087726444,-0.6495003,0.4262363,-0.65852845,0.34979168,-0.10230838,0.24627551,-0.42343277,0.12691844,-0.20253262,0.11860849,-0.18880673,0.2901061,0.3863616,0.3033678,-0.30005667,-0.19570686,0.36339757,0.31926045,0.25786686,-0.048106916,0.2812258,-0.34441474,0.19640973,0.79923743,-0.2282176,-0.22273915,0.05455492,0.45277497,0.36559114,0.24761437,-0.032699026,0.46196344,-0.031149123,0.23945703,0.14519814,-0.61806136,-0.5120453,-0.5578145,-0.009768349,0.30178833,0.85282075,-0.037324935,-0.35077202,0.05075384,-0.4006313,-0.69224405,0.24899861,0.48091388
P14384,-0.4063607,0.07010753,-0.21492699,0.16647752,-0.12723944,-0.053064246,0.34545553,-0.3627061,-0.08778305,0.26211616,0.290572,0.49746776,0.037478626,0.14445499,0.25922555,-0.12594588,-0.47491938,0.43724635,-0.5122634,0.54269636,0.014672577,0.22095995,-0.10898019,0.0734033,-0.0079750605,0.014872074,-0.33340716,0.30134243,0.3270158,0.445342,-0.118976325,-0.041577306,0.33934388,0.47595164,0.10598192,-0.30945796,0.021708742,-0.054326966,0.2942532,0.66250664,-0.42177138,-0.28926125,0.060168117,0.3068938,0.32277864,-0.13847229,-0.14238796,0.40024266,-0.008059924,0.067692794,0.18526566,-0.561886,-0.3827396,0.025958389,-0.0044388296,0.0825865,0.8181009,0.068646446,-0.09187571,0.28839582,-0.33063,-0.63076144,0.15374482,0.32026726
P05187,-0.23656765,0.140713,-0.2469541,0.12707414,-0.13887973,-0.078728616,0.38055724,-0.4424706,0.034128767,0.27246937,0.3197281,0.59890497,-0.075773746,0.20055172,0.18539053,-0.42290568,-0.6454329,0.5349295,-0.53692764,0.6243334,0.14752336,0.26218742,-0.102381505,0.14227077,-0.045442846,-0.04664021,-0.3820327,0.4640238,0.39026588,0.5890797,-0.045911726,-0.11006758,0.30333108,0.64525706,0.032542445,-0.24151811,0.049281895,-0.0039367285,0.32290843,0.8384568,-0.5937026,-0.31290826,-0.05420292,0.5428007,0.34861532,-0.1341323,-0.24672619,0.469038,-0.1333058,0.1328714,0.20755851,-0.6048364,-0.4792517,0.06151116,0.035759766,0.09359876,1.0167421,0.21576114,-0.22854853,0.4340089,-0.23070854,-0.69627714,0.33684525,0.42672563
O75694,-0.3552644,0.031275496,-0.23779859,0.17262839,-0.11027227,-0.12682644,0.42093557,-0.38988045,-0.08893858,0.31509176,0.2704596,0.56406844,0.029619232,0.19571391,0.24626468,-0.23858659,-0.5433539,0.4547188,-0.5471246,0.5550112,0.039535835,0.24395388,-0.077988274,0.16922793,-0.04824404,-0.04031068,-0.37263316,0.32221857,0.3791779,0.50061625,-0.111541614,-0.06520781,0.41111776,0.50988764,0.07792597,-0.2551614,0.051311895,-0.08226136,0.30844334,0.7572083,-0.4597089,-0.31830624,-0.047908597,0.3726427,0.38487342,-0.11760021,-0.216059,0.49330214,-0.08274696,0.080857605,0.19150028,-0.58542925,-0.3847072,-0.038948223,0.019578803,0.10370556,0.9521165,0.11052916,-0.12811473,0.2628032,-0.34461695,-0.65228224,0.206022,0.3534764
P01588,-0.16648841,-1.3265926,-0.29436198,0.057324916,0.64855987,-0.15906262,0.52511334,0.7742314,-0.6992107,0.45083883,-0.46898913,0.038215384,0.5682998,-0.707873,0.23813272,0.8379862,-0.35407296,0.04704585,-0.5262898,-0.45647028,-0.21772327,0.26884204,-0.4300612,0.2438722,0.07536732,-0.4941904,0.08027156,0.40182018,-0.3483492,-0.24652252,0.2892718,-0.74562865,0.47143778,-0.24389632,0.2337735,0.2866624,0.903656,-0.9821718,0.059064165,0.5467019,0.6910119,0.5413933,0.09203808,0.08764439,0.2850825,0.6992964,0.4905551,-0.24812114,-0.8701777,0.21071403,-0.54062295,-0.35769367,-0.16185547,-0.57855856,-0.6164163,0.1509395,-0.03830789,0.5865484,-0.29952586,-0.32688624,0.31261414,0.17678308,0.58913386,-0.19035858
Q6PBE2,-0.78687704,0.17581731,-0.06972273,0.20798843,-0.2596666,-0.15566337,0.31829005,-0.6645344,-0.25572622,0.44826755,0.18962914,0.31118408,0.28488904,0.28341818,0.7905594,0.34031165,-0.24949905,0.3918613,-0.5229725,0.43083823,-0.3342598,0.21712601,-0.2668227,-0.094911866,-0.0011225231,0.40041867,-0.2174265,-0.37373745,0.42365837,0.32425046,-0.7612991,0.2037366,0.43643,0.037429553,0.38764492,-0.31533578,-0.07418384,-0.13879825,0.18620095,0.33519816,-0.025684642,-0.56476265,0.41606024,-0.07586183,0.43122223,-0.11472878,-0.037781514,0.5369746,0.6030986,0.051696688,0.35432017,-0.5278935,-0.3512326,-0.46662116,0.23727943,0.33788368,0.70422363,-0.5613684,0.0073293597,0.021993667,-0.8337749,-0.8686522,-0.3447931,0.35762575
P14079,0.11794053,0.16886917,-0.41993093,0.0908254,0.18150274,0.14688846,0.06563303,0.45583305,0.29328853,-0.49211475,0.5302282,0.54618335,-0.49021897,-0.09162704,-0.84168535,-0.72245586,-0.0024053007,0.33115688,-0.003516987,0.45889124,0.46778542,-0.0785075,0.68994987,0.1754641,0.23451816,-0.6550572,-0.41479492,0.64005816,-0.061801318,0.34542197,1.0563996,0.11424177,0.08658833,0.7879761,-0.6699599,-0.6281816,-0.3273172,0.6748147,0.43950692,0.32028222,-0.7435083,0.20724717,-0.34904706,0.04822827,0.07174367,-0.65134704,-0.30422586,-0.005756242,-0.6841221,-0.21553273,-0.12777738,0.04150332,-0.032555606,1.4026278,-0.19099803,-0.59096235,0.29359582,0.7153072,0.5914704,0.76008916,0.64175844,0.25407183,0.23959011,-0.48248863
P13725,-0.28135395,-1.2853332,-0.32627228,0.07735253,0.6457716,-0.092355065,0.47928435,0.85195214,-0.6782519,0.3231808,-0.43391818,-0.00068075955,0.57875574,-0.7654614,0.20630056,0.9224283,-0.21604618,0.0641464,-0.46762365,-0.46752006,-0.22730766,0.24271333,-0.31488582,0.1468043,0.18717088,-0.519791,0.045233577,0.31782693,-0.467548,-0.23910964,0.327742,-0.65591335,0.48692548,-0.25314754,0.22830948,0.2120541,0.85708493,-0.9115557,0.07893807,0.42222098,0.72627026,0.5244375,0.18709835,-0.044490505,0.26312554,0.5870036,0.5293136,-0.32525334,-0.78663373,0.19081348,-0.53301895,-0.30879194,-0.13478792,-0.42134362,-0.64232635,0.10404102,-0.18201376,0.5489676,-0.16326311,-0.2905966,0.3343004,0.21735847,0.5309804,-0.30858892
P0ABE5,0.089114234,0.5742083,0.0787901,0.12235455,-0.23601995,0.066975184,-0.081120685,-0.15305401,0.45516893,-0.32698214,0.7228888,0.15872332,-0.5489209,0.34570828,-0.37382555,-0.62369746,0.08065001,-0.34896487,0.13750356,0.40908626,0.27732646,-0.20356011,0.6200576,-0.030854024,0.06395812,-0.1498823,-0.2254742,0.19821864,0.13724902,0.108768985,0.3272428,0.2817993,-0.14449632,0.45346633,-0.5812191,-0.33715594,-0.7396314,0.7798195,0.1867832,0.10179218,-0.6285958,-0.062195566,-0.383024,-0.017756008,-0.113250315,-0.6748683,-0.28952858,0.18673722,0.13985637,-0.33533514,-0.040594786,0.12844202,0.29674673,0.911233,0.25500947,-0.49236417,0.3925737,0.06723399,0.3510187,0.41381603,0.0059297234,0.21120259,-0.4491863,-0.19023407
Q13114,-0.7077886,-0.24863967,-0.20029822,0.20611484,-0.04905433,-0.13231352,0.41153467,-0.35076374,-0.47300056,0.44619897,0.05539935,0.26789597,0.4466396,0.046246164,0.6586431,0.59190863,-0.33499485,0.3657758,-0.60559195,0.24642746,-0.36062294,0.23330675,-0.38302836,-0.03295791,-0.03496999,0.24932805,-0.16224554,-0.14383595,0.2819715,0.19806114,-0.4617671,-0.0092783095,0.50496083,0.045828912,0.49235228,-0.25364143,0.2085996,-0.3824999,0.17813653,0.45016134,0.10359997,-0.3024181,0.33691436,-0.041032903,0.4376099,0.08278097,0.10768238,0.35996658,0.22994013,0.066243485,0.17634982,-0.5552888,-0.36941025,-0.5373835,-0.056140255,0.30370513,0.5015874,-0.33069152,0.007878847,-0.15057003,-0.65380436,-0.6789236,-0.09548911,0.30805722
P04591,-0.57204247,0.07247672,-0.05670862,0.008882167,-0.3955051,-0.31003916,0.43759614,-0.85607344,-0.34708092,0.8395948,0.07915191,0.3054914,0.31800678,0.30672354,1.0695949,0.38295108,-0.5480457,0.6378348,-0.80069155,0.55847096,-0.3124202,0.2756234,-0.7600615,-0.123412594,-0.25853124,0.4669133,-0.25426027,0.027814675,0.62249523,0.29506597,-0.80005985,0.025656294,0.2287642,0.20360963,0.5372232,-0.096216545,0.26256585,-0.28225008,0.2325185,0.6919081,-0.24344891,-0.59063625,0.44444633,0.42526823,0.3298445,0.21779485,0.038766913,0.5701954,0.5124513,0.43870503,0.4048545,-0.7146966,-0.77111095,-0.9587432,0.116823256,0.6115825,0.9237124,-0.51962537,-0.40998408,0.09652343,-0.77131546,-1.0934715,0.0083850175,0.6982272
Q8G6W1,-0.14012888,1.1033555,0.21897374,0.12722227,-0.6158318,0.20232162,-0.20267501,-0.6989181,0.60783577,-0.21946487,0.87930095,0.31477824,-0.5714238,0.62812346,-0.012310099,-0.65170985,0.0556074,-0.12248292,0.077814415,0.7596255,0.2117265,-0.21186715,0.46854642,-0.38478285,-0.04482143,0.2711796,-0.30979633,-0.047970448,0.42125085,0.2136868,-0.21322829,0.65111524,-0.20757043,0.57123303,-0.3768595,-0.63845634,-1.0309248,0.9544624,0.20935881,-0.0909438,-0.91718376,-0.48736224,-0.0636907,-0.021740936,-0.11634925,-0.83852005,-0.38040617,0.39233643,0.707186,-0.38003492,0.34980044,0.10399194,0.07014738,0.84253377,0.48136398,-0.3085593,0.52312887,-0.43791604,0.44601947,0.5955852,-0.49301535,-0.2574683,-0.72342694,0.186791
P23381,-0.4624818,0.7170247,0.017974805,0.1747217,-0.47570392,0.028348196,0.14798063,-0.70088655,0.2907919,0.18906435,0.5337682,0.5347152,-0.19896434,0.524479,0.27007234,-0.49680716,-0.39504093,0.39165637,-0.35421437,0.8511357,0.064449504,0.107810736,0.057283886,-0.13197556,0.018002983,0.21568167,-0.42030942,0.089158535,0.55898404,0.5601408,-0.36765411,0.2924304,0.18063408,0.6100368,0.0022933036,-0.51548177,-0.419257,0.41997364,0.40610817,0.47797996,-0.7642821,-0.588319,0.09662391,0.28488785,0.2348256,-0.5359809,-0.37429473,0.5876853,0.4298897,-0.07891298,0.3993517,-0.48461807,-0.2816494,0.3036803,0.27026305,0.023967277,0.9454703,-0.22750936,0.02658078,0.5489569,-0.5452862,-0.8011707,-0.22649655,0.35833716
P06454,-0.90264523,-0.48047283,0.07972641,0.07133742,-0.1721999,-0.18589224,0.32574084,-0.594966,-0.711431,0.80873257,-0.31912518,-0.06017214,0.5656883,-0.077576794,1.2742693,1.3566715,-0.22426462,0.27894396,-0.6174091,0.054106228,-0.55931014,0.26900378,-0.9530139,-0.42231724,-0.027082492,0.8089105,0.15749717,-0.61435246,0.2879362,-0.10274789,-1.0626483,-0.0236518,0.43277958,-0.56367606,0.8391552,-0.0231186,0.34303778,-0.7658584,-0.06889539,0.18099299,0.6451246,-0.2897701,0.99329424,-0.12483976,0.40879318,0.5729844,0.5895565,0.16719343,0.71339726,0.14001392,0.1828779,-0.6031342,-0.5661472,-1.228966,0.06480029,0.7335386,0.10590272,-0.7566481,-0.24692976,-0.39580607,-0.8870255,-0.8069239,-0.3498156,0.508527
O95071,-0.72961855,-0.1619477,-0.15584937,0.094320506,-0.2233188,-0.24095473,0.46831504,-0.60617477,-0.51169586,0.74463445,-0.018855788,0.33308035,0.4511931,0.18294209,0.95768744,0.5754194,-0.45978668,0.61417097,-0.7709207,0.41636294,-0.40874344,0.29342705,-0.6472973,-0.03932806,-0.15001646,0.39286992,-0.22690892,-0.117007956,0.47699875,0.25851667,-0.69329727,-0.007608113,0.46660927,0.11847146,0.60239404,-0.18919896,0.3353797,-0.43854782,0.20765348,0.57610905,-0.009221868,-0.4956828,0.44825226,0.18657297,0.4471439,0.22376214,0.074380554,0.5152737,0.3945688,0.28501475,0.33685288,-0.7100596,-0.66185015,-0.8684045,0.018291015,0.5517092,0.75900054,-0.46361315,-0.22464725,-0.0416376,-0.7613864,-0.9981091,-0.01782699,0.56074077
P04637,-0.8966886,-0.41696146,-0.33762842,0.16759536,0.007337164,-0.09237911,0.5542682,-0.28193015,-0.6034138,0.67171973,-0.087263316,0.46506432,0.56399846,-0.009530388,0.7568728,0.6419387,-0.52525914,0.7659718,-0.8420538,0.44839227,-0.3831907,0.4242096,-0.5974043,0.020250916,-0.01719569,0.17023093,-0.33791703,0.0634256,0.31574917,0.35223988,-0.422041,-0.15670715,0.6291941,0.24228008,0.6700119,-0.28548366,0.5516798,-0.62064886,0.29676497,0.63004285,0.02239539,-0.37232873,0.4486928,0.14937404,0.5359936,0.23388536,0.121946946,0.38869458,0.075319074,0.26248688,0.2430901,-0.83643657,-0.71841955,-0.62583244,-0.30802155,0.5193875,0.671471,-0.15062498,-0.12637153,0.08716457,-0.5791912,-1.0039834,0.2597154,0.4822713
P09956,-0.3855067,0.17001674,-0.40732285,0.04169651,0.06585932,0.2201822,-0.0049664974,0.54770947,0.13493396,-0.571717,0.48722827,0.5782776,-0.41622037,-0.19224364,-0.6977177,-0.27482688,0.25541466,0.61199415,-0.060055204,0.5479582,0.2692814,-0.020704672,0.6806406,-0.20305267,0.44968885,-0.39596364,-0.46744812,0.26274025,-0.2828573,0.33059606,1.0030365,0.3433669,0.21924421,0.63277805,-0.42643407,-0.8404334,-0.26191655,0.6821479,0.5072602,0.038530365,-0.5084763,-0.04634011,0.15186124,-0.41712487,0.012972388,-0.7642557,-0.2282986,-0.11812908,-0.2826117,-0.15901928,-0.11723474,-0.04792011,-0.13768193,1.5438663,-0.38406163,-0.37381524,-0.09683971,0.41450107,1.0034558,0.89906096,0.46203065,0.038467906,-0.0027474314,-0.63589764
P17506,-0.3013838,1.0278927,0.26760143,0.19768023,-0.5478855,0.14109711,-0.18660003,-0.80708784,0.51256377,-0.17015204,0.7470114,0.08299664,-0.34130844,0.55003923,0.28713116,-0.36783934,0.14844978,-0.28797108,0.16595256,0.49191728,0.022389814,-0.20052326,0.42709896,-0.48482642,0.030157093,0.4188774,-0.11880754,-0.4716412,0.3242058,0.095979184,-0.5804643,0.7078376,-0.13023111,0.1472182,-0.18331698,-0.5096406,-1.0576214,0.8053285,0.08889207,-0.28734154,-0.5222454,-0.4397971,0.1438201,-0.26001877,0.0013263263,-0.73995876,-0.21660897,0.3890681,0.9835744,-0.44828594,0.32036933,0.13079931,0.23532096,0.4947343,0.64670086,-0.25875187,0.38111943,-0.7130236,0.41813135,0.31095052,-0.75374067,-0.2265844,-1.0077875,0.12477599
P13667,-0.6555021,0.37149385,0.018335402,0.14382818,-0.4027296,-0.21993592,0.30928397,-0.88951945,-0.16051315,0.5578723,0.24805243,0.29589373,0.14900541,0.3748339,0.87196374,0.20816846,-0.3712719,0.43306488,-0.569971,0.54124933,-0.25756818,0.16621168,-0.41923082,-0.14305355,-0.10830821,0.5034139,-0.21026823,-0.230065,0.58237284,0.37191793,-0.83215487,0.20743798,0.24505189,0.14546387,0.3484466,-0.27282724,-0.118445665,-0.027918456,0.19179422,0.45484632,-0.20716347,-0.63255465,0.4221422,0.1488598,0.32125834,-0.065215506,-0.10627817,0.57261986,0.6745795,0.15154901,0.41242895,-0.548566,-0.45723015,-0.55134916,0.31236652,0.38003772,0.83098304,-0.63623375,-0.18303937,0.12933818,-0.851604,-0.98943377,-0.3182835,0.51802385
P27487,-0.06098738,0.520812,0.08944879,0.14227334,-0.25084403,0.047723036,-0.08143504,-0.21566215,0.33926418,-0.27916244,0.60851085,0.09856973,-0.36306852,0.30331233,-0.1834505,-0.37930453,0.13926047,-0.31798455,0.12786463,0.27896124,0.11955902,-0.20278187,0.52639747,-0.13008207,0.06755048,-0.009768613,-0.1528014,-0.055543754,0.11929996,0.037900552,0.0957769,0.35905838,-0.039494522,0.2655035,-0.38879815,-0.35759637,-0.7169524,0.6738009,0.14702958,-0.0022839457,-0.44306725,-0.12669723,-0.18291163,-0.16827038,-0.039114874,-0.6269417,-0.20204979,0.20790803,0.32622266,-0.3589309,-0.005641967,0.11766508,0.3010282,0.68296915,0.31002256,-0.41070732,0.25182402,-0.15483113,0.39791447,0.22258842,-0.2021494,0.13978975,-0.5829768,-0.18283616
Q21648,-0.36685592,0.50751126,-0.15152954,0.13113953,-0.05211729,0.21228991,-0.14272228,0.27147958,0.31853196,-0.66316676,0.60593617,0.24094689,-0.5054747,-0.060859255,-0.5852054,-0.20161857,0.55252826,0.1768901,0.21248782,0.2998716,0.21432452,-0.13178077,0.8377708,-0.44815743,0.46493906,-0.26586577,-0.296934,-0.20607162,-0.37918735,0.187675,0.62454224,0.59705895,0.05131641,0.33011034,-0.52264434,-0.71188587,-0.66625136,0.97792876,0.33454368,-0.2973997,-0.29929823,-0.16590548,0.21284702,-0.6865405,-0.09821224,-0.86261445,-0.20264617,-0.12332503,0.2123958,-0.31572884,-0.1034062,0.25603765,0.15187871,1.4400939,-0.034036864,-0.4586341,-0.3004576,-0.02954422,1.0483036,0.6604077,0.1572324,0.14899419,-0.5294038,-0.6387501
O14792,-0.25041628,0.025911115,-0.33941028,0.11349215,-0.070070505,-0.07618107,0.4253537,-0.34697682,0.0033417381,0.24280992,0.27864122,0.6354847,-0.052888826,0.12547031,0.09959571,-0.3975131,-0.6537005,0.5982841,-0.5749365,0.60637337,0.18457791,0.2971428,-0.100637026,0.18472663,-0.019717362,-0.13481489,-0.42500103,0.54233116,0.33227038,0.61522347,0.06377129,-0.16518188,0.33496174,0.6759817,0.052004002,-0.23258887,0.12976928,-0.058003947,0.3433223,0.878828,-0.596075,-0.2595233,-0.056168728,0.5691285,0.3650082,-0.1133116,-0.21623895,0.4183211,-0.26245576,0.1632979,0.17357352,-0.6340989,-0.52918696,0.093256995,-0.047985774,0.0940542,0.9870583,0.34138215,-0.22812057,0.45854005,-0.13672036,-0.6810993,0.46509868,0.39960554
P28862,-0.44269195,-0.8432688,0.010174244,0.05848647,0.108753875,-0.20093219,0.34214,-0.17803271,-0.7833168,0.7363398,-0.48660463,-0.08680457,0.77195996,-0.28922558,0.91035956,1.2231953,-0.3173109,0.04002437,-0.52304816,-0.39703977,-0.5850392,0.22433162,-0.8899879,-0.17836449,-0.14199951,0.33396438,0.24072699,-0.34786832,-0.0016702142,-0.41229552,-0.729732,-0.27129108,0.4421675,-0.587001,0.7542337,0.24992543,0.54972607,-0.9890331,-0.07724086,0.19383395,0.7751259,0.056947302,0.61881775,-0.02524408,0.3406478,0.7472755,0.64792687,0.018124433,0.22157276,0.13677438,-0.13790245,-0.44996965,-0.29674923,-1.3070505,-0.13587542,0.5304597,-0.07915826,-0.36797512,-0.3681545,-0.65304965,-0.6203844,-0.39605418,-0.095234066,0.36942005
O60870,-0.9006374,0.34619215,0.0056536635,0.1640393,-0.35811338,-0.16366842,0.26383346,-0.8225785,-0.2311779,0.48223677,0.20410159,0.25447726,0.24827752,0.33067614,0.8935333,0.41621643,-0.21189532,0.48365328,-0.5263999,0.49698865,-0.38550597,0.19820656,-0.34501842,-0.21965525,0.03748759,0.5556959,-0.18726295,-0.48075345,0.49850172,0.34464702,-0.86177564,0.3305739,0.33494407,0.01735748,0.46589348,-0.36132747,-0.10748769,-0.05666274,0.19887185,0.24317458,-0.013605767,-0.6645182,0.6040213,-0.11427859,0.4054275,-0.16496655,-0.013074018,0.48877034,0.78006667,0.08783935,0.41970184,-0.546263,-0.42437986,-0.47659552,0.2631394,0.4087181,0.6295965,-0.74345744,-0.0036147162,0.08935319,-0.9330969,-1.0637689,-0.4613159,0.42076048
P01584,-0.09959657,-1.0407034,-0.34683907,0.059369795,0.37132514,-0.22532803,0.59987915,0.16968597,-0.65916735,0.62649626,-0.3237375,0.2582431,0.5111675,-0.3116409,0.34737387,0.55837727,-0.6673453,0.25870863,-0.68319833,-0.095465034,-0.18106438,0.27883506,-0.5875984,0.2976587,-0.2222068,-0.15225598,-0.02052641,0.5095876,0.09877664,-0.04352446,0.09724419,-0.6350869,0.49378663,0.057289105,0.35937715,0.20203865,0.7345881,-0.8898663,0.08469209,0.8352496,0.22467239,0.291829,-0.052807964,0.44283557,0.38643545,0.7047945,0.28088826,0.14392217,-0.655242,0.24702866,-0.22693938,-0.6073198,-0.4168859,-0.8082659,-0.44179532,0.33459395,0.44377464,0.38993835,-0.39952463,-0.23008841,0.017025962,-0.28164646,0.56815535,0.28923702
P09086,-1.0090508,-0.31351897,-0.210906,0.12840773,-0.100975916,-0.1359234,0.5048734,-0.4888375,-0.6518021,0.7924985,-0.14251138,0.30317426,0.6070734,0.064871676,1.0320357,0.88618225,-0.42593166,0.7443541,-0.82437575,0.41625333,-0.5117728,0.39328647,-0.7841284,-0.13399135,-0.04558916,0.4265513,-0.24647707,-0.20756,0.43025136,0.2422831,-0.7360831,-0.03167772,0.56116736,0.042599123,0.8107765,-0.28274652,0.4931196,-0.6006794,0.23401329,0.47107664,0.16268821,-0.47693112,0.6954443,0.053369023,0.5356003,0.2814644,0.2295827,0.37940103,0.37991297,0.26362318,0.330746,-0.78970695,-0.7919997,-0.86090475,-0.18194778,0.6482325,0.54470533,-0.4674062,-0.14990592,0.012599722,-0.78039956,-1.1220676,0.040345058,0.55584544
Q06559,-0.5929878,0.42275006,0.297114,0.24168016,-0.31329247,-0.1216346,0.026459157,-0.9058959,-0.07389665,0.37530437,0.30199498,-0.12475219,0.1299636,0.33444378,0.99532944,0.4791975,-0.08938118,-0.1675671,-0.22337455,0.10698967,-0.39924687,0.012240572,-0.17475697,-0.36665857,0.022983704,0.71902657,0.15473065,-0.8725469,0.3256392,0.11948806,-1.1030521,0.36441922,0.15311366,-0.39160305,0.21130279,-0.14901246,-0.46574807,0.09452318,-0.05101142,-0.015041009,0.32026488,-0.49915,0.44580823,-0.3605563,0.17894313,-0.14882189,0.025596596,0.4396856,1.1469084,-0.13412955,0.25869653,-0.1953133,0.090653926,-0.5588562,0.5540112,0.27250212,0.42310107,-1.0696571,0.069968805,-0.2860126,-1.0318617,-0.5323247,-0.95421076,0.32427752
P10082,-0.16535453,-1.1447918,-0.01131107,0.10185501,0.54390734,-0.25958633,0.3564361,0.34534815,-0.8044207,0.523995,-0.6253018,-0.28324634,0.75296074,-0.5724222,0.54803437,1.1070542,-0.114883944,-0.27293345,-0.31210038,-0.7645571,-0.52928233,0.17727265,-0.5851156,0.025591105,0.01772442,-0.16825283,0.33928484,-0.26291683,-0.40031037,-0.68139344,-0.3184752,-0.4811091,0.4407479,-0.87012357,0.39861766,0.5263239,0.6148665,-0.98879254,-0.09290356,0.13495526,1.0564067,0.39671585,0.3526111,-0.21709836,0.33034125,0.8265748,0.6986536,-0.2445657,-0.21570058,0.112613454,-0.474583,-0.23716691,0.04640529,-1.1100036,-0.2528561,0.28469846,-0.3501032,0.033191755,-0.35180128,-0.75134236,-0.1700171,0.24260226,0.055180088,-0.122632794
Q8G6R2,-0.3553623,0.90724736,0.4036926,0.1613765,-0.45061597,0.21044862,-0.42606783,-0.35921964,0.39962173,-0.45985577,0.6535657,-0.1925481,-0.34872836,0.23224637,0.054671466,-0.03459253,0.63218945,-0.4393295,0.42856157,0.21366672,-0.087542534,-0.37346512,0.6053486,-0.7073312,0.26369685,0.2896651,0.043583117,-0.66515535,-0.11643244,-0.18719843,-0.21647461,0.84560066,-0.256735,-0.076103,-0.25222984,-0.40950295,-0.99176365,0.9924498,0.15882885,-0.59698635,-0.18674962,-0.34241098,0.31579068,-0.72034055,-0.27217767,-0.9110272,-0.027901597,-0.05267953,1.0258151,-0.43349725,0.048706263,0.40996772,0.42793512,0.8196077,0.41605762,-0.40048566,-0.32261378,-0.7561396,0.7363819,0.17492357,-0.5316081,0.20386826,-1.163852,-0.36108238
P37370,-0.5149125,0.85654795,-0.106766135,0.075918384,-0.40754977,0.22433716,-0.20574865,-0.18754752,0.41040024,-0.48702332,0.76602775,0.37454048,-0.41411757,0.19109306,-0.25931373,-0.24164443,0.3931094,0.45725122,-0.015751973,0.67200434,0.18646248,-0.036021,0.60800433,-0.6580293,0.33932897,0.011016175,-0.41565108,-0.1354422,-0.16279477,0.3678383,0.33692977,0.7372834,-0.028861158,0.58786035,-0.34998903,-0.8123532,-0.65120184,1.0295233,0.42532542,-0.20360252,-0.63463897,-0.485001,0.44948217,-0.4618656,-0.103918165,-0.95974696,-0.2618643,0.028444128,0.58966863,-0.116693825,0.14683667,0.032582585,-0.19106807,1.320652,0.012708369,-0.20977029,-0.08307493,-0.27227247,0.9273515,0.80856115,-0.07863866,-0.34550992,-0.48840103,-0.255632
P60723,-0.1887178,0.99284196,0.32821307,0.16964212,-0.5006334,0.116683096,-0.26813677,-0.67833155,0.5027506,-0.28345937,0.74397,-0.098868996,-0.37230247,0.48888716,0.14939341,-0.3407259,0.3240526,-0.5219648,0.29457217,0.35248578,0.0027586892,-0.3053594,0.5462567,-0.46454433,0.041701067,0.37919745,-0.03210728,-0.5268202,0.2114588,-0.0981103,-0.41574404,0.71340954,-0.20394483,0.03816467,-0.23913783,-0.35874945,-1.1155605,0.90317076,0.063645214,-0.42230958,-0.40491956,-0.3304532,0.017883703,-0.3698046,-0.118972555,-0.7897262,-0.17192861,0.28801298,1.0040783,-0.4997425,0.18586057,0.24868625,0.43459252,0.5491684,0.6327243,-0.3632206,0.16368632,-0.7341419,0.51063794,0.20086795,-0.6594327,0.04028236,-1.1441627,-0.025076063
G4NAP4,0.2391431,0.34207156,-0.13204418,0.08783336,0.0027012117,0.07752144,-0.001833722,0.16211167,0.42646852,-0.41462907,0.63996255,0.36300093,-0.59145784,0.19370544,-0.6809916,-0.8147334,-0.03255295,-0.037081294,0.062316015,0.413558,0.42561072,-0.128942,0.70661044,0.14187029,0.120595574,-0.4808959,-0.31440848,0.53549075,0.05198938,0.25299537,0.8170359,0.12816209,-0.057168983,0.70382637,-0.74490225,-0.42090136,-0.50136566,0.74336743,0.29066652,0.31364465,-0.7151459,0.08081266,-0.48164445,0.10672166,-0.015069764,-0.65491164,-0.3654713,0.098407246,-0.3822098,-0.24600632,-0.12848532,0.09184767,0.15684421,1.2039126,0.026100311,-0.5490033,0.397017,0.48826247,0.38861838,0.576771,0.41606426,0.25739,-0.014912203,-0.3045243
C4XEI3,0.12469253,0.95207083,0.15475182,0.076369576,-0.342039,0.22575107,-0.2083306,-0.19588421,0.7165249,-0.43749145,0.90489125,0.29278743,-0.83477074,0.46013436,-0.50263095,-0.92305404,0.109228306,-0.1982213,0.17164415,0.6602809,0.4488477,-0.29273295,0.7704886,-0.18564045,0.0907204,-0.13264017,-0.31578612,0.32145482,0.23373458,0.2650395,0.45193648,0.4517369,-0.32803202,0.7821951,-0.7926588,-0.55464673,-0.90945035,1.1481798,0.24437815,0.082805626,-0.9403458,-0.25172356,-0.37885362,0.021911316,-0.26621255,-0.92031676,-0.45342013,0.18524206,0.19771527,-0.33884394,0.12676206,0.26252475,0.15824628,1.2646489,0.28285697,-0.53293127,0.46199876,0.019052193,0.4758603,0.78169215,0.062314406,0.07704419,-0.4304319,-0.11890957
P0DTC5,0.030852132,-0.14485548,-0.28193957,0.1222081,0.30783427,0.22999568,-0.030596524,0.7355461,0.1466393,-0.47208717,0.3559097,0.30117837,-0.33892006,-0.24030167,-0.8279903,-0.26673257,0.21271181,-0.1250068,0.13846406,0.079001665,0.25960493,-0.17123388,0.7439659,0.13282707,0.33814606,-0.6600522,-0.29440504,0.3499793,-0.3930842,-0.022582315,0.91197,0.014083437,0.13378182,0.38576147,-0.62032694,-0.45933095,-0.26341435,0.43168065,0.29062116,0.056805745,-0.31772882,0.3235981,-0.342477,-0.25629288,-0.09060541,-0.48554194,-0.105932884,-0.18598141,-0.5486455,-0.33278286,-0.34846547,0.17273346,0.27722514,1.1997752,-0.311612,-0.569455,-0.0604887,0.5933526,0.6538159,0.41472417,0.5562568,0.5610735,0.030217454,-0.6311088
P16858,-0.24379188,1.1054641,0.1890939,0.12815931,-0.6848271,0.10392629,-0.094326764,-0.9603155,0.4860935,0.104072064,0.7335801,0.4656439,-0.4232303,0.6880226,0.27601728,-0.6323407,-0.27193853,0.22439513,-0.15544277,0.91371584,0.10550292,-0.061063312,0.12494197,-0.34027058,-0.12239084,0.43701616,-0.33485526,-0.0034114309,0.6951926,0.4036,-0.52604944,0.5512684,-0.13584772,0.5918507,-0.109498866,-0.6630577,-0.8733305,0.7137161,0.28989252,0.16390313,-0.98706967,-0.61861855,0.07610695,0.2635695,0.07319106,-0.6663535,-0.44197586,0.58378845,0.73342896,-0.2357504,0.48458496,-0.21543466,-0.16014819,0.47609323,0.5207991,-0.08108774,0.8363321,-0.4829905,0.17590946,0.6466483,-0.6359558,-0.68381023,-0.55275404,0.4784386
Q15750,-0.5239066,-0.12255298,-0.34931067,0.16149254,-0.034004424,-0.044208575,0.41956836,-0.1859071,-0.16247882,0.21788615,0.21372223,0.6218411,0.11901215,0.04256677,0.12992673,-0.06555335,-0.45851198,0.6222837,-0.59416366,0.56797,0.020668596,0.28363028,-0.0505227,0.1328815,0.07234104,-0.09658839,-0.42972594,0.3601202,0.22831248,0.524455,0.07315129,-0.068495534,0.47905776,0.55189914,0.16788995,-0.35551444,0.18151376,-0.14515106,0.3802009,0.70858073,-0.40966713,-0.28276995,0.10922664,0.2636574,0.40851396,-0.1647024,-0.11933199,0.358184,-0.17361797,0.09844981,0.16674599,-0.6481179,-0.46384022,0.11247823,-0.18882619,0.11856929,0.75887007,0.2196851,0.021068968,0.3208269,-0.2233392,-0.68262655,0.31446087,0.24009413
P0A855,-0.06380032,0.5796564,0.013888796,0.1394993,-0.3546551,-0.008298156,0.14655422,-0.58783686,0.31477115,0.12760103,0.56819767,0.4885738,-0.34629625,0.4744117,0.07828995,-0.67912704,-0.44742748,0.1962584,-0.26801914,0.7021955,0.22953324,0.078336105,0.1092991,-0.035272807,-0.08187699,0.065489694,-0.29774928,0.31914613,0.50522816,0.44575697,-0.06964038,0.16196302,0.06548539,0.65420985,-0.22886577,-0.37193882,-0.40758982,0.4356446,0.2961744,0.5567129,-0.7460468,-0.35366872,-0.16008973,0.39905727,0.18662196,-0.40492493,-0.35544324,0.48433432,0.137583,-0.09522833,0.2446548,-0.32977688,-0.20361176,0.3816446,0.28345612,-0.1100707,0.93247676,0.002574185,-0.049970433,0.5023742,-0.28734028,-0.5052694,-0.10876144,0.35764158
P41834,-0.1855398,0.56955856,-0.18034615,0.12409418,-0.14712958,0.20877612,-0.09784651,0.18154301,0.43399146,-0.6442758,0.70346045,0.33861077,-0.6027126,0.13042378,-0.6163012,-0.5256709,0.2475138,0.15533426,0.17197138,0.5580309,0.2876295,-0.19503994,0.86049163,-0.1938132,0.288155,-0.3203622,-0.40380514,0.14950483,-0.09826802,0.35089675,0.7160191,0.4387004,0.053876452,0.6729325,-0.61609536,-0.69484514,-0.6936948,1.0085886,0.4166476,0.014469236,-0.66177064,-0.13024245,-0.16080457,-0.3176338,-0.12152079,-0.9686461,-0.39705625,0.08460889,0.051031068,-0.2903087,-0.0066229403,0.16421387,0.12992483,1.4906273,-0.009599877,-0.53555244,0.08170793,0.119756125,0.8832888,0.7167281,0.21774305,0.18633765,-0.3680663,-0.5061284
P12956,-0.48112226,0.3110393,-0.09897392,0.22076397,-0.28864515,-0.065747045,0.27111924,-0.5013779,-0.00011951849,0.1682797,0.43884647,0.42734498,-0.0027722865,0.31747362,0.29558462,-0.12047058,-0.30225432,0.2531971,-0.37733877,0.57978594,-0.049857587,0.14213975,0.012646193,-0.037312157,-0.011192162,0.14425799,-0.31342041,0.05330688,0.3954488,0.38746724,-0.2667049,0.17943679,0.32162416,0.379028,0.085981496,-0.3983337,-0.27006793,0.14927101,0.28111893,0.4411614,-0.43680656,-0.38035074,0.065677136,0.09167632,0.31209382,-0.3462683,-0.19264573,0.47909126,0.27234706,-0.09319648,0.24802512,-0.44590065,-0.19450031,0.12217434,0.14790615,-2.039969e-05,0.7470395,-0.16740255,0.10495788,0.22577047,-0.5312695,-0.55996835,-0.22219628,0.24550056
O14793,-0.62566555,-0.8016422,-0.32469374,0.11611647,0.12833771,-0.13953498,0.58656335,-0.16428643,-0.7812794,0.8038459,-0.28949445,0.32945466,0.7113541,-0.1557439,0.8527029,0.82505095,-0.63263744,0.6334748,-0.8438948,0.17357092,-0.4148702,0.424957,-0.8266982,0.048105508,-0.17459255,0.15385872,-0.12055593,0.16894476,0.2686525,0.11601582,-0.36878523,-0.36760962,0.614855,0.06364071,0.7275547,-0.072693504,0.750221,-0.8887322,0.17870307,0.71552116,0.21957542,-0.11689086,0.40703285,0.2798292,0.54057276,0.5905972,0.3132755,0.30738965,-0.15745096,0.3142317,0.08962913,-0.8042104,-0.73103726,-0.9739803,-0.34249586,0.55328083,0.545513,-0.061784633,-0.3175903,-0.18549597,-0.4646728,-0.80234075,0.3897422,0.49364668
P0CG04,-0.6345241,-0.741493,0.042831883,-0.019390566,-0.081175864,-0.21374464,0.36453956,-0.37243506,-0.8120329,0.9101808,-0.4683602,-0.022027448,0.7536501,-0.2433163,1.1924344,1.3582094,-0.30224136,0.3052167,-0.6058182,-0.18576957,-0.586115,0.32698044,-1.1129503,-0.35917574,-0.14650872,0.560671,0.22455887,-0.44293436,0.12718682,-0.29577777,-0.95062184,-0.18233857,0.4654151,-0.5710341,0.9158211,0.12546846,0.56127316,-1.0387849,-0.096360765,0.19748735,0.7024242,-0.09344961,0.9757886,0.03667324,0.39567837,0.7986315,0.74523324,0.06908902,0.43289772,0.20655155,-0.026010513,-0.57414615,-0.56019974,-1.4124627,-0.12252003,0.6873303,-0.03005363,-0.47759712,-0.40838382,-0.50307286,-0.750098,-0.70776504,-0.13324068,0.51721966
A4YDT1,0.13872805,0.71515405,0.0035502752,0.07830804,-0.24948777,0.14758706,-0.06479052,-0.1494147,0.6008402,-0.36896986,0.787825,0.40159068,-0.7236771,0.3847051,-0.5069474,-0.92332953,-0.085177466,0.023426048,0.044690445,0.6640054,0.46801585,-0.14447448,0.6429877,-0.073674366,0.06595358,-0.23312816,-0.31805122,0.4819927,0.2717768,0.39784634,0.5734936,0.2928976,-0.16996035,0.8413519,-0.7078949,-0.535183,-0.6961682,0.9539706,0.30847216,0.28828627,-0.89359385,-0.15631478,-0.3487488,0.16502866,-0.074741706,-0.81089866,-0.44331488,0.20915976,-0.07331026,-0.24806242,0.08290295,0.08879179,0.033382062,1.2031851,0.18451598,-0.4803717,0.545055,0.24990506,0.3501091,0.7636974,0.21265118,-0.0026847143,-0.17381877,-0.09362475
O02649,-0.2744899,0.979689,0.2590706,0.20779105,-0.5418124,0.08207089,-0.12300125,-0.87861395,0.45314598,-0.062282942,0.70865697,0.13114908,-0.30917296,0.5921097,0.34180942,-0.41049016,0.039312474,-0.23681498,0.091094255,0.53258836,0.012791488,-0.14269653,0.33329225,-0.40038043,-0.029602882,0.45400605,-0.13073725,-0.4306208,0.42495874,0.10801937,-0.6210352,0.65293807,-0.073906265,0.1713673,-0.14067388,-0.4835593,-0.9988515,0.7132021,0.096806906,-0.18165225,-0.52109545,-0.48350832,0.10876544,-0.16231829,0.07345067,-0.65112376,-0.24948028,0.4656572,0.9349305,-0.40926325,0.34078592,0.027911376,0.19493021,0.35596454,0.6717593,-0.19351226,0.50258005,-0.6969531,0.32059923,0.28052938,-0.7677548,-0.32902947,-0.94868594,0.21875572
O88867,-0.23392923,0.39556724,-0.09337175,0.17404512,-0.26827857,-0.03434019,0.2595371,-0.52690005,0.17705692,0.18684018,0.4593343,0.53028667,-0.19402234,0.36608204,0.15720144,-0.510712,-0.49683642,0.31894314,-0.37813333,0.66653025,0.15513092,0.14946382,0.04937332,0.04360634,-0.03902222,0.03473009,-0.35152203,0.30536956,0.45485592,0.5111565,-0.13267517,0.07024383,0.22063693,0.60512215,-0.1032312,-0.34815866,-0.23626687,0.23616728,0.30807617,0.652471,-0.6390249,-0.37346655,-0.08106167,0.39200148,0.26718515,-0.32260448,-0.31632426,0.49947077,0.08271414,-0.024445388,0.24899337,-0.46152782,-0.28189677,0.230478,0.19417433,-0.02090038,0.97097325,0.042214002,-0.096147306,0.43553537,-0.3260451,-0.59689045,0.02084811,0.34120947
Q8N165,-0.4680821,0.25555298,-0.1271997,0.22373283,-0.22666322,-0.049450804,0.29863837,-0.45829582,0.0034461953,0.21208562,0.39294773,0.4835479,-0.010105714,0.28773448,0.25776255,-0.20098971,-0.37035102,0.3132106,-0.41932163,0.5921557,0.0004696101,0.16705501,0.028452927,0.041879386,0.0022867061,0.06758863,-0.3600512,0.13494931,0.38454401,0.43592423,-0.22603455,0.111395575,0.33930948,0.44120607,0.042879127,-0.38305154,-0.18212919,0.10153282,0.30563307,0.5437817,-0.46135032,-0.39256406,0.04054284,0.18081367,0.31584963,-0.31271452,-0.22334251,0.47169963,0.16983092,-0.0454971,0.24147296,-0.48918974,-0.23939809,0.12107319,0.12747185,0.013615113,0.8341172,-0.07081985,0.01864637,0.26645106,-0.4577394,-0.6116514,-0.080023065,0.2543917
Q8DNW9,0.24455324,0.68301255,-0.024000064,0.07403115,-0.16399366,0.14650914,-0.041319877,-0.055985108,0.6415788,-0.42144534,0.8043223,0.41203547,-0.77712077,0.37417325,-0.6249702,-1.0611777,-0.085812576,0.0052764267,0.068715826,0.64468724,0.5390669,-0.14470635,0.7237887,-0.0073042586,0.059507933,-0.3340642,-0.31981534,0.5703607,0.27525818,0.4218635,0.7428943,0.26547936,-0.18592283,0.8988424,-0.7990214,-0.5292779,-0.6976369,1.0020499,0.30420154,0.306346,-0.90478486,-0.09946203,-0.45697212,0.18619719,-0.0601866,-0.8471425,-0.4809349,0.19243091,-0.23530793,-0.26227129,0.045632347,0.14014967,0.070238635,1.2967052,0.17942536,-0.552309,0.54971707,0.36425465,0.3726239,0.8070594,0.35231435,0.07119733,-0.112878434,-0.14826223
P9WK17,-0.00049985945,0.8459671,0.0872961,0.105351865,-0.42716137,0.19306199,-0.08965625,-0.36496603,0.6103183,-0.27639425,0.83426726,0.4283378,-0.6693455,0.51715285,-0.30185688,-0.8514663,-0.11349958,0.015365332,0.006752804,0.7872976,0.37526232,-0.120693766,0.540043,-0.1785136,0.00647847,-0.021210335,-0.33961165,0.32736018,0.39273524,0.4086846,0.27028307,0.39919576,-0.120571055,0.8362053,-0.560486,-0.60411185,-0.7857242,0.9258056,0.3083573,0.2074913,-0.9224261,-0.30988464,-0.25548208,0.15200529,-0.054564517,-0.834662,-0.4459323,0.33086708,0.20840804,-0.303509,0.22914046,0.021040589,0.008089397,1.0645629,0.2725785,-0.39700016,0.6273387,0.019227818,0.3545408,0.7323433,-0.05464512,-0.1808376,-0.3637399,0.077193156
P00684,-0.3963499,-1.0487449,-0.07043047,0.14630005,0.42327282,-0.16636881,0.32360765,0.30883947,-0.78477585,0.4130325,-0.54428184,-0.20944872,0.788529,-0.5605825,0.5668395,1.2447331,-0.08889701,-0.17703214,-0.35591608,-0.65380466,-0.5768829,0.15503049,-0.51244354,-0.08447301,0.03535333,-0.039787836,0.2415597,-0.35877112,-0.3927406,-0.5537084,-0.36872384,-0.34873354,0.5153591,-0.7419409,0.4937457,0.31382778,0.5633283,-0.92119426,-0.042715736,0.04555598,1.0132223,0.3151296,0.43638134,-0.34498048,0.3013371,0.65036213,0.6402144,-0.1941649,-0.034384497,0.06400601,-0.37832052,-0.2542884,0.028162677,-0.9483856,-0.29448774,0.30014285,-0.40688145,-0.1610773,-0.11520635,-0.7202228,-0.2824569,0.10548976,-0.08517537,-0.1225344
P55853,-0.8948717,0.052659266,0.14198424,0.17656936,-0.26915148,-0.17382857,0.20733054,-0.80201364,-0.41084352,0.581419,0.043194816,-0.025585786,0.333206,0.17471287,1.194153,0.8981024,-0.14545766,0.21845251,-0.486865,0.19050342,-0.49148571,0.16810891,-0.5215505,-0.3724604,0.051010277,0.7820933,0.08577089,-0.77507347,0.3635109,0.15981227,-1.091391,0.24552928,0.3155382,-0.39687964,0.5274729,-0.1634567,-0.04728368,-0.293696,-0.012836464,0.14465865,0.46840817,-0.5371374,0.7551054,-0.28214762,0.33399788,0.124322206,0.23931628,0.35717246,0.976154,0.07436234,0.32173398,-0.452808,-0.309667,-0.8567059,0.33312988,0.5425692,0.3919434,-0.9726909,-0.047130287,-0.25799316,-1.0032414,-0.84926677,-0.63671374,0.4377293
P51668,-0.778906,0.44584903,0.07506077,0.09742875,-0.44493487,-0.25168574,0.2635994,-1.0704056,-0.14925738,0.6298822,0.20648928,0.21620606,0.124720365,0.42928055,1.0897288,0.33803958,-0.28090754,0.5176118,-0.566638,0.54978067,-0.33701968,0.13485788,-0.4205231,-0.23776084,-0.078260005,0.6889832,-0.19059382,-0.44560832,0.65718776,0.40568584,-1.0864019,0.28993037,0.16326025,-0.001527641,0.374462,-0.292525,-0.19696966,0.0029792804,0.13629214,0.33465174,-0.06525809,-0.79205734,0.6243992,0.10932655,0.36028084,-0.061199963,-0.09527702,0.5782829,0.93482506,0.21250921,0.5430572,-0.5366617,-0.47060117,-0.6785984,0.45863584,0.5345849,0.82125443,-0.8720586,-0.1906217,0.16185841,-0.9167248,-1.1289731,-0.46445328,0.5766993
P06881,-0.14492188,-1.124331,0.0067226132,0.07722888,0.4848943,-0.26746577,0.34323043,0.2552132,-0.81555796,0.57985735,-0.6357139,-0.26345864,0.76639605,-0.5357069,0.60013014,1.1238259,-0.1533618,-0.24094471,-0.3255699,-0.7426063,-0.55486405,0.1910442,-0.6574382,0.0042131394,-0.016879592,-0.1103978,0.3443675,-0.2667581,-0.36096227,-0.686202,-0.38507777,-0.4782627,0.41512343,-0.8690568,0.4608033,0.5371692,0.6143577,-1.0239432,-0.09154645,0.15081932,1.0251347,0.36939952,0.38655132,-0.16869631,0.33881292,0.85394484,0.71457607,-0.23146875,-0.17109625,0.13990685,-0.44209993,-0.26504743,0.0057564117,-1.1878188,-0.23428884,0.32957476,-0.32220662,0.0059638172,-0.3994106,-0.7557693,-0.21984883,0.17944443,0.048369303,-0.041115128
P12645,-0.6965287,-1.0198245,-0.4147398,0.14046897,0.29130027,-0.064814396,0.6596542,0.08006185,-0.8716865,0.7926788,-0.38262564,0.37446284,0.78481895,-0.3618049,0.80221105,0.9786073,-0.67369986,0.7622124,-0.8926194,0.13722149,-0.41394264,0.5302568,-0.88413215,-0.0027452707,-0.10305396,-0.0072360933,-0.11067377,0.3057195,0.12183803,0.14389725,-0.19552623,-0.50711924,0.69004136,0.093314394,0.7958416,-0.11547481,0.9299006,-1.0530944,0.21322769,0.7301703,0.33384773,0.010558996,0.5140588,0.24258819,0.58169484,0.67966044,0.4089932,0.1482138,-0.39861724,0.34472525,-0.010879576,-0.8475844,-0.79856586,-0.8705155,-0.5773995,0.54701984,0.39188933,0.12901331,-0.29344445,-0.102886274,-0.31867373,-0.78125525,0.5718229,0.42189717
P16297,-0.5651556,-1.1667447,-0.42655224,0.12324451,0.40377566,-0.06691712,0.6580253,0.29757136,-0.86799717,0.70651317,-0.4290341,0.36822647,0.7595578,-0.52896947,0.66242766,1.0241364,-0.6299496,0.69464785,-0.8444329,-0.0042908303,-0.34676492,0.50122863,-0.8338021,0.0058366805,-0.05767714,-0.15646967,-0.04303693,0.41554004,-0.0519452,0.08537702,-0.023626816,-0.6236987,0.653228,0.054945823,0.69300306,-0.065228865,0.9786076,-1.1074607,0.17793873,0.73811966,0.41731483,0.18355422,0.49471825,0.21401477,0.5139115,0.74167585,0.4616892,-0.0068863686,-0.5990921,0.34819943,-0.15038595,-0.75636786,-0.7110835,-0.7733353,-0.6773223,0.4688032,0.2454653,0.30019176,-0.28710967,-0.11456269,-0.10739873,-0.5736656,0.66115147,0.27817088
O75897,-0.46892825,0.35619137,-0.083677806,0.15657222,-0.33385867,-0.12879488,0.32593986,-0.68748575,-0.028198358,0.4019917,0.33791828,0.47547054,0.010537416,0.33263245,0.49622127,-0.16247149,-0.5302483,0.47247186,-0.5336024,0.66449225,-0.05583681,0.19978124,-0.2462866,-0.020587862,-0.083818585,0.22784981,-0.3214659,0.14823845,0.52018726,0.48844033,-0.434464,0.07465284,0.26602045,0.45648825,0.1846711,-0.28851825,-0.08119745,0.04910171,0.30581164,0.6630352,-0.5005384,-0.49549106,0.14234252,0.3500436,0.2877041,-0.17157948,-0.2178658,0.55191857,0.30496487,0.12335868,0.31908286,-0.59900564,-0.44786048,-0.17008232,0.15227339,0.2031644,0.96192586,-0.21578883,-0.18637434,0.33135432,-0.58137727,-0.84552205,-0.02284588,0.4711471
O60729,-0.53798026,0.19915068,-0.24891062,0.15682843,-0.19615115,-0.042491455,0.36942717,-0.43494734,-0.017041642,0.2897588,0.30919307,0.6460428,0.004139602,0.22472772,0.23373693,-0.27375174,-0.54043865,0.64590347,-0.5783122,0.7145691,0.0326062,0.26471522,-0.07460458,0.09576015,0.06413779,0.009719878,-0.48930812,0.2932311,0.38124844,0.6383538,-0.14506577,-0.0062933313,0.40331122,0.6177003,0.15507504,-0.3651243,0.039071053,0.004658522,0.4105405,0.7450437,-0.56988925,-0.4685815,0.08948062,0.38820207,0.35300824,-0.27192634,-0.25783488,0.4968276,0.049226876,0.110299125,0.28387228,-0.70015246,-0.4855039,0.095847294,-0.025643717,0.15288645,0.9776746,0.08834557,-0.08816535,0.4614228,-0.37700182,-0.8446084,0.22448662,0.37176558
Q9FNJ8,-0.19349962,0.52675396,-0.20414747,0.11541366,-0.30025437,0.13543327,0.08792894,-0.252172,0.43336093,-0.26856062,0.65942895,0.59509003,-0.44660908,0.3014146,-0.3182692,-0.6920925,-0.29392833,0.417564,-0.21685016,0.8024321,0.36332196,0.051894106,0.426512,-0.047420263,0.10338515,-0.117051095,-0.44446486,0.433706,0.30561712,0.6366678,0.40257645,0.23648983,0.16522124,0.8928263,-0.36172926,-0.63402164,-0.44324803,0.6673011,0.46677744,0.4169306,-0.8271115,-0.2306547,-0.08398303,0.22777402,0.17164694,-0.7641152,-0.4035578,0.31964883,-0.037553515,-0.17355578,0.21881166,-0.27333912,-0.20176472,1.0439128,0.0802799,-0.27819324,0.64818335,0.25246596,0.32422182,0.72788525,0.10349123,-0.3413862,-0.033878956,-0.0050011817
P01282,-0.136614,-1.0801377,0.028714016,0.10229251,0.54633105,-0.2596593,0.31891888,0.3353246,-0.81127656,0.521,-0.59666765,-0.32578892,0.7148098,-0.554874,0.52809286,1.1181899,-0.033058785,-0.34228835,-0.24389952,-0.7823451,-0.5382773,0.124681026,-0.5528537,0.001812458,0.028827023,-0.17374982,0.34699088,-0.2987209,-0.43056846,-0.75675446,-0.3130653,-0.44084272,0.37304404,-0.92540675,0.33627325,0.53776836,0.54492533,-0.94250613,-0.12948716,0.08411278,1.0349555,0.39130738,0.33673987,-0.26828235,0.25665763,0.8310032,0.72241443,-0.27388862,-0.1600455,0.10449262,-0.49479628,-0.17893404,0.08219388,-1.0906506,-0.2404097,0.26141378,-0.38644207,-0.009495698,-0.31038582,-0.7516692,-0.20597687,0.29961085,-0.0057387426,-0.12952442
O54924,-0.6525667,-0.30839795,-0.34308073,0.156307,-0.016113725,-0.114710316,0.533123,-0.2909836,-0.40463534,0.5156515,0.051031828,0.5524657,0.35785708,0.025476702,0.5129082,0.27070147,-0.5749465,0.6725486,-0.75639254,0.5061408,-0.17388774,0.381812,-0.39714754,0.1179596,-0.03250986,0.04374665,-0.36686194,0.258834,0.30271828,0.4358062,-0.2269933,-0.18356961,0.5510027,0.3970227,0.44380632,-0.22913103,0.41502422,-0.45204815,0.31071097,0.764196,-0.21891728,-0.31732538,0.21632455,0.2986251,0.46463507,0.1307393,-0.0058674514,0.41872972,-0.07533752,0.23917703,0.20217144,-0.7814406,-0.6171581,-0.39366275,-0.23771438,0.36005053,0.8156519,0.041992,-0.1589334,0.17130557,-0.42827398,-0.8549564,0.33763158,0.43572253
Q4CLD0,0.21817508,0.5064928,-0.10337446,0.09183566,-0.08794075,0.10426673,-0.009364873,0.034659028,0.5038577,-0.41053256,0.72201586,0.3914154,-0.6610638,0.26782054,-0.6291425,-0.8896091,-0.07486548,0.012348052,0.051144883,0.52934843,0.47312438,-0.1295807,0.6775154,0.06464477,0.10010487,-0.40192533,-0.31963208,0.5568054,0.15434335,0.3441309,0.7567314,0.18455167,-0.11185319,0.7844172,-0.75402457,-0.47937524,-0.588502,0.8505881,0.30418184,0.32706785,-0.8096086,0.00043288246,-0.44011456,0.1545775,-0.03202275,-0.7255562,-0.4041449,0.14101104,-0.29795596,-0.23879951,-0.03481225,0.07930805,0.09717879,1.2345753,0.09329607,-0.5421956,0.4836945,0.4284134,0.36409172,0.68315816,0.37217885,0.15821035,-0.048485234,-0.22212914
P08183,-0.28045434,0.46820775,0.028552905,0.20626391,-0.32936364,-0.064915076,0.18241797,-0.6302108,0.13146977,0.19139872,0.47381228,0.3439496,-0.11773518,0.40531862,0.32057443,-0.30969656,-0.32165813,0.08572848,-0.27483696,0.5289665,0.014030352,0.06137032,0.037400886,-0.052358955,-0.0799454,0.20684415,-0.2269395,0.009385604,0.4502188,0.30272594,-0.3759362,0.20848303,0.17776966,0.34394202,-0.055900514,-0.3398999,-0.40493894,0.2674915,0.20561847,0.4149645,-0.46555147,-0.3840147,-0.0056611598,0.15641671,0.24163234,-0.31651288,-0.23362023,0.5045824,0.36694452,-0.12785594,0.25022522,-0.32414046,-0.116828084,0.07315013,0.34525758,-0.038092013,0.80142415,-0.25624228,-0.0025552735,0.22418544,-0.5346466,-0.4943514,-0.31884912,0.28400725
P08169,-0.5058849,-0.83328253,-0.38780636,0.094335206,0.19899255,-0.12409095,0.6261783,-0.07963685,-0.6811778,0.7098512,-0.25279027,0.43222716,0.62216634,-0.21262467,0.6530278,0.65464073,-0.7126821,0.68057823,-0.8685877,0.23329885,-0.2624093,0.449345,-0.7478757,0.09538452,-0.16093105,0.02313599,-0.17084613,0.40987995,0.20425363,0.19946986,-0.13940057,-0.45703664,0.5853752,0.2317496,0.6287907,-0.044215452,0.795346,-0.8604808,0.21643737,0.8516766,0.07753741,-0.047309298,0.3102567,0.40242922,0.50414795,0.5980033,0.2739439,0.25435254,-0.37157854,0.3654096,0.042975694,-0.82839245,-0.756717,-0.8111325,-0.46138874,0.520628,0.5774605,0.1514157,-0.34079516,-0.047704965,-0.27755862,-0.7834626,0.5765323,0.48005491
O75962,-0.54890037,0.14097795,-0.21591528,0.1244513,-0.2247542,-0.14618497,0.44527563,-0.57753164,-0.14273685,0.5194704,0.20370393,0.59567213,0.11385505,0.24907747,0.51793534,-0.14089431,-0.6508197,0.69523466,-0.6756321,0.6843331,-0.078565076,0.29843092,-0.30945674,0.11079797,-0.045516934,0.118698165,-0.44262588,0.22994982,0.47088578,0.5938862,-0.37715456,-0.054822903,0.4162592,0.53743035,0.29025415,-0.2273411,0.18569332,-0.14979553,0.3724679,0.823882,-0.4924749,-0.5392124,0.13123254,0.4656813,0.3655929,-0.05564963,-0.22304961,0.5837242,0.14449106,0.25289297,0.31583533,-0.7503976,-0.6088882,-0.29422027,0.00029088842,0.33353883,1.0778753,-0.07015952,-0.26992208,0.36620012,-0.5296765,-0.9795609,0.25024006,0.53458244
O94868,-0.6917238,0.13456863,-0.17414223,0.2002076,-0.22593139,-0.12192603,0.38690487,-0.53194255,-0.210816,0.43018612,0.23889707,0.5015135,0.19580725,0.27094823,0.5446909,0.074644774,-0.4153381,0.52286714,-0.5866815,0.58925533,-0.20114474,0.25342798,-0.21208566,0.048839703,-0.003459733,0.18550825,-0.3870551,-0.007376168,0.4293569,0.45729786,-0.46320197,0.070194416,0.46278572,0.33018777,0.30951068,-0.3465593,0.028342538,-0.13612238,0.3033112,0.57712924,-0.31210443,-0.5289954,0.2144157,0.15869367,0.4047272,-0.16301279,-0.15862352,0.5519622,0.29605064,0.09603213,0.31229237,-0.6517367,-0.42689455,-0.24722944,0.06169555,0.25987384,0.8821297,-0.22838552,-0.045836344,0.20346542,-0.6470128,-0.8618945,-0.03436443,0.377313
B5BLW5,0.17090404,0.71011204,-0.034304008,0.08614846,-0.1826896,0.16105822,-0.060801327,-0.05884333,0.6272736,-0.43942466,0.80134994,0.39937526,-0.76870525,0.3484566,-0.6083296,-0.9893692,-0.05836877,0.023080565,0.06809054,0.65062964,0.51215434,-0.16361792,0.7310993,-0.046250083,0.08908063,-0.31403378,-0.32536823,0.53276795,0.24838802,0.41731197,0.7046673,0.28921062,-0.17883578,0.87554336,-0.78257054,-0.552848,-0.71292204,1.0164647,0.32012108,0.27782905,-0.8917175,-0.11539155,-0.4102012,0.14300919,-0.09191854,-0.8711105,-0.47730437,0.18015724,-0.16272552,-0.2612935,0.056322098,0.13374193,0.06116185,1.314905,0.16494875,-0.5415485,0.515921,0.31553543,0.4070091,0.8186469,0.3158254,0.06608559,-0.14197403,-0.17026858
P19934,-0.41859302,0.72125274,-0.10810481,0.017869221,-0.50360376,0.17879242,-0.03528452,-0.4316992,0.3887153,-0.091744475,0.6418687,0.60398066,-0.3103456,0.31538692,0.029448602,-0.4576258,-0.24811614,0.64042485,-0.34269792,0.92866564,0.21968342,0.10790518,0.122689135,-0.29982486,0.17868824,0.13575068,-0.45276773,0.27052668,0.23880848,0.6375453,0.10442643,0.31117472,0.04032036,0.8347319,-0.04273566,-0.61536616,-0.33475986,0.62498695,0.54693264,0.3882245,-0.9342794,-0.42988566,0.26408413,0.19484907,0.11487569,-0.700493,-0.26810673,0.31588632,0.32857275,-0.0008815136,0.3405006,-0.40738356,-0.47652724,0.8404093,0.0062551526,-0.052682318,0.5943155,-0.023906887,0.3060695,0.8237487,-0.17651932,-0.69406736,-0.06263441,0.15016297
Q96RG2,-0.46975827,-0.55087566,-0.56657267,0.13417205,0.19771639,-0.02303126,0.5594821,0.10575303,-0.32505944,0.2218677,0.05614315,0.6488323,0.2428711,-0.216162,0.009075068,0.11258696,-0.5055979,0.713037,-0.67405707,0.44454113,0.08841507,0.3629992,-0.15840955,0.21877477,0.08485611,-0.297836,-0.45707953,0.6148408,0.06223919,0.45960373,0.33160722,-0.2698476,0.5276374,0.58228576,0.2315729,-0.28642973,0.47300887,-0.41222677,0.35058898,0.80992097,-0.30477968,-0.050355326,0.110360816,0.35743535,0.4436854,0.08607681,0.052839495,0.17338875,-0.56553644,0.1930026,0.03824599,-0.6878657,-0.6074913,0.050095797,-0.4344562,0.14677334,0.65422946,0.52968466,-0.03507919,0.32291546,0.047801822,-0.59063643,0.6623942,0.23179197
O14352,-0.88174665,0.029333614,0.26795918,0.24564809,-0.17775986,0.107214965,-0.08289111,-0.37727028,-0.35136503,0.2724566,0.12658162,-0.21777165,0.36003667,-0.06709943,0.8899515,1.125898,0.16334388,-0.25255376,-0.1802263,-0.034454275,-0.5980255,-0.014895475,-0.18502752,-0.55005,0.2364748,0.59799945,0.20106353,-0.89126873,-0.1505365,-0.17958808,-0.8957722,0.33367616,0.25421923,-0.6517505,0.34513938,-0.14430355,-0.20099938,-0.15726781,0.031747222,-0.28318584,0.56683403,-0.19698009,0.69075656,-0.76587176,0.003178928,-0.09346475,0.36573306,0.056187443,1.0723789,-0.143967,0.029767334,-0.11594036,0.08951457,-0.39865667,0.07369251,0.2538417,-0.16001077,-0.95176464,0.37684545,-0.3774243,-0.9312769,-0.2320964,-0.9447914,-0.025623338
Q08117,-0.89031947,-0.23385984,-0.106496155,0.12066642,-0.1800419,-0.19839343,0.4143697,-0.6117096,-0.5908338,0.7368146,-0.10549685,0.21332994,0.5211006,0.13472348,1.1169959,0.85918933,-0.29946354,0.5458715,-0.70768243,0.3075766,-0.5161064,0.2959288,-0.6608276,-0.14809507,-0.07452373,0.54972243,-0.10906257,-0.4115688,0.42725745,0.19204569,-0.88428164,0.05345774,0.50880116,-0.13278589,0.6983874,-0.22341903,0.2758929,-0.52179295,0.10944142,0.3658602,0.26343757,-0.48442325,0.64693654,-0.04153394,0.51102483,0.26724207,0.20296568,0.44278994,0.5702671,0.19232075,0.3611113,-0.64561653,-0.60378844,-0.9562696,0.101875514,0.60915506,0.5772308,-0.64839995,-0.13483214,-0.14911175,-0.85455847,-0.9851055,-0.21768728,0.5296083
P28702,-0.9527701,-0.20640495,-0.26628077,0.1427018,-0.09318371,-0.08010371,0.5293132,-0.4088222,-0.49323043,0.70029914,-0.016645044,0.48007232,0.48655027,0.08068033,0.79824877,0.56060505,-0.54873043,0.80712974,-0.86238426,0.586118,-0.36139458,0.4065863,-0.6430046,-0.04186175,0.0068346523,0.23930469,-0.3988858,0.06509468,0.39433727,0.41193604,-0.53079045,-0.08946138,0.54849845,0.3033795,0.6634141,-0.30829725,0.49410433,-0.50035465,0.34892705,0.6337908,-0.119553074,-0.48605797,0.5042554,0.20076036,0.48085567,0.16810684,0.0843855,0.42102757,0.20794684,0.28601468,0.31654766,-0.851113,-0.7819518,-0.5872027,-0.29256627,0.55853605,0.7384415,-0.2165423,-0.17620689,0.22845334,-0.65724516,-1.1156387,0.24513781,0.5576889
F9VMT6,0.11311136,0.58620113,-0.021718606,0.12854718,-0.2197261,0.11206817,0.017780125,-0.15550308,0.5227016,-0.29597658,0.7470049,0.42521128,-0.6417801,0.43019593,-0.4623091,-0.88945925,-0.14362705,0.00026952475,-0.015123129,0.62778926,0.4246899,-0.07479875,0.6044107,0.026239485,0.054271933,-0.24642755,-0.35051954,0.4495417,0.30841714,0.40376234,0.5282485,0.24720788,-0.03365069,0.8050125,-0.67223084,-0.52885413,-0.6320976,0.81094265,0.2957092,0.3255411,-0.8010461,-0.14347078,-0.3930614,0.17808735,0.05221996,-0.7341131,-0.43359438,0.27354434,-0.115960196,-0.28919363,0.08703178,0.0013983324,0.08201085,1.0959036,0.20609994,-0.46291578,0.6314881,0.27953738,0.299783,0.6356367,0.16056678,-0.03453198,-0.18531889,-0.06160435
P0A903,-0.05886139,0.21009126,-0.22477497,0.08135551,-0.19200902,-0.10493519,0.35700926,-0.46826586,0.12121354,0.23427251,0.38457143,0.59562075,-0.179253,0.25862542,0.10998848,-0.5714564,-0.65210664,0.49223766,-0.5021909,0.6308437,0.2500059,0.24988896,-0.08913684,0.1064523,-0.082366794,-0.08398321,-0.37458926,0.5405959,0.41107923,0.58998746,0.073724315,-0.09462244,0.21130836,0.7071454,-0.0526653,-0.1918371,-0.0051372945,0.11328058,0.34205583,0.85353106,-0.68666065,-0.26728007,-0.14237744,0.6284947,0.3196495,-0.16080499,-0.271331,0.45620337,-0.18429784,0.14764453,0.18414438,-0.5411774,-0.47676778,0.17063653,0.058390606,0.034291696,1.014366,0.27032545,-0.22332603,0.49108568,-0.13696806,-0.6262341,0.3333417,0.42654556
P08240,-0.8177055,0.40014598,-0.014961974,0.18886873,-0.37381634,-0.11725764,0.26428032,-0.76454604,-0.13527861,0.43073866,0.295752,0.34404132,0.18529046,0.36392066,0.75671273,0.22593829,-0.2562234,0.45888126,-0.5146948,0.58474165,-0.28494692,0.1950671,-0.26924452,-0.16815704,0.025101364,0.44182,-0.26910865,-0.30629084,0.48955894,0.39622378,-0.7491149,0.28639892,0.31676486,0.16589029,0.37111834,-0.40032718,-0.15040243,0.018494325,0.25183427,0.33616686,-0.22546135,-0.6417336,0.46678138,-0.012926541,0.37172005,-0.23263706,-0.09941902,0.5273481,0.6686336,0.053186715,0.4093316,-0.55248433,-0.39813685,-0.30429584,0.22716893,0.30259383,0.7352152,-0.58444566,0.0010204837,0.18116626,-0.8576029,-0.9915796,-0.3662155,0.39886254
P39743,-0.4299859,0.8126328,-0.072010174,0.10908429,-0.40112814,0.22733125,-0.20028761,-0.18474291,0.45691064,-0.52154994,0.71102816,0.33074734,-0.43078357,0.24594137,-0.24915174,-0.32418185,0.35850736,0.3098427,0.082969144,0.59955215,0.19375163,-0.10979624,0.6786608,-0.5252412,0.2977242,0.019650757,-0.36661977,-0.1827424,-0.08656105,0.3624103,0.2646027,0.69613856,0.041766316,0.5539523,-0.38537616,-0.7518871,-0.72072667,1.0302292,0.40327471,-0.15655568,-0.62856036,-0.41992223,0.29073313,-0.4268255,-0.059551295,-0.9777029,-0.2636343,0.13542603,0.56720865,-0.22594701,0.19103798,0.08715558,-0.08315262,1.2269549,0.14268874,-0.289667,0.019907512,-0.27720463,0.8798627,0.6824417,-0.11653374,-0.22612965,-0.5673281,-0.32067302
Q04439,-0.35303587,0.6378,0.042296477,0.21180834,-0.41010216,0.020944197,0.13879722,-0.65590084,0.2632055,0.15018451,0.5473038,0.45079237,-0.22814205,0.5153918,0.2259679,-0.473238,-0.31306013,0.17330414,-0.2538055,0.7134815,0.06991592,0.057070315,0.13549925,-0.08950655,-0.018550258,0.17099309,-0.35382646,0.054852095,0.5045184,0.42427477,-0.3491995,0.28983447,0.17472023,0.49246272,-0.11898164,-0.4909513,-0.4976405,0.4082916,0.30450088,0.40694153,-0.6563891,-0.4932008,0.0074507445,0.18568644,0.22824685,-0.48314488,-0.33378717,0.5407152,0.38474134,-0.16359422,0.33107218,-0.3430795,-0.14080319,0.29283136,0.35480848,-0.06324941,0.8832907,-0.21255319,0.04372184,0.4056478,-0.5280345,-0.59033144,-0.3143786,0.28629488
P08700,-0.07529004,-1.2266587,-0.30798447,0.06330457,0.7182189,-0.0024224045,0.3819695,1.097533,-0.5005365,0.08438383,-0.30082583,-0.06928411,0.37557918,-0.7683916,-0.19969982,0.7276984,-0.007467091,-0.2754181,-0.2689588,-0.5708208,-0.08051866,0.08068009,0.030594954,0.20026222,0.2521158,-0.76801085,-0.01882276,0.4276851,-0.6114248,-0.38995302,0.62930137,-0.63922733,0.38279265,-0.19780868,-0.091567464,0.21441472,0.67740613,-0.65743095,0.04151382,0.27201265,0.6623773,0.65596735,-0.09832651,-0.11773335,0.059678826,0.41722393,0.4947073,-0.437041,-0.92242825,0.059321977,-0.6619253,-0.05249143,0.098576784,-0.05846949,-0.6623701,-0.13057315,-0.3002317,0.70006126,0.0041723773,-0.24933302,0.56061566,0.6195358,0.47748786,-0.4975111
P58340,-0.9342853,-0.35345972,-0.022876978,0.24266762,0.049488414,0.05010711,0.17913224,-0.124948755,-0.5697302,0.22465949,-0.105924204,-0.102307856,0.6057928,-0.21165195,0.7454967,1.2337244,0.109795876,0.009223826,-0.33684757,-0.07311709,-0.60481215,0.095255345,-0.28540176,-0.39699093,0.20450884,0.40492764,0.095542684,-0.665698,-0.13028282,-0.16990735,-0.5961224,0.18935058,0.4796326,-0.5102833,0.59981763,-0.18659508,0.09793645,-0.41176865,0.09283172,-0.118730485,0.6330152,-0.08315335,0.6880411,-0.68482226,0.2805585,0.07093237,0.46045598,-0.0020532738,0.58637077,-0.091728896,0.02449143,-0.24201155,-0.11192906,-0.5076075,-0.1324262,0.29700044,-0.26098114,-0.68041056,0.37120843,-0.3959905,-0.7764622,-0.32748714,-0.5833714,-0.03594508
P14324,-0.16695273,0.020283319,-0.3912013,0.10157779,-0.055677634,-0.070473395,0.4309622,-0.3114467,0.06780404,0.16257745,0.32409018,0.6717868,-0.10831048,0.12766501,-0.0075970776,-0.5011447,-0.6522559,0.5993779,-0.53461015,0.6055141,0.26067936,0.29736423,-0.022361076,0.21689719,-0.013799269,-0.18999612,-0.44677824,0.5908059,0.3150198,0.6495136,0.15999712,-0.16958122,0.32992998,0.73211014,-0.009910949,-0.24888283,0.09137967,-0.006539313,0.3347387,0.88549227,-0.6553377,-0.21607591,-0.11259314,0.6053488,0.3805162,-0.1611595,-0.24626324,0.41078857,-0.34884542,0.13580023,0.16088328,-0.6010409,-0.5142225,0.21006787,-0.035552394,0.040665276,0.9994902,0.44752967,-0.19102734,0.5082587,-0.03609214,-0.60294336,0.50736004,0.35722888
O14717,-0.26909626,0.30649891,-0.26933622,0.1355584,-0.20799576,0.0047182916,0.30006254,-0.3728094,0.23699294,0.04622162,0.43918335,0.6809069,-0.23088522,0.2742485,-0.117118135,-0.63802636,-0.5523685,0.5714685,-0.44573236,0.7368932,0.269347,0.19879384,0.14480864,0.11638376,0.054373395,-0.11416254,-0.4973883,0.4750394,0.38999736,0.7191203,0.18051694,0.020697247,0.2881846,0.8167657,-0.10013217,-0.43579003,-0.12150692,0.2773847,0.43884912,0.74096924,-0.73042315,-0.34972763,-0.07097045,0.4864429,0.30937126,-0.47911257,-0.36814743,0.44524875,-0.14544813,0.0014030933,0.23095992,-0.5580841,-0.38214907,0.49538368,0.04706045,-0.052120145,0.9525982,0.2927668,-0.023583792,0.59724665,-0.082438365,-0.66453075,0.25056925,0.2545419
O43765,-0.8914815,0.2190066,-0.006031052,0.1723511,-0.30955437,-0.17055841,0.29331344,-0.79107386,-0.2985235,0.5281288,0.15366323,0.22246245,0.30318525,0.26909187,0.9729396,0.5341841,-0.21873316,0.45834523,-0.5586637,0.42648283,-0.3932764,0.21548611,-0.4172672,-0.22123408,0.0122752935,0.5804149,-0.12965336,-0.4900445,0.46894437,0.3123157,-0.89769256,0.26271245,0.36003172,-0.041903753,0.49814877,-0.3119665,-0.041451395,-0.15350369,0.14833316,0.27160925,0.08393103,-0.6149721,0.62305146,-0.11139285,0.4128525,-0.047703736,0.0419441,0.47342306,0.7642007,0.10061112,0.4066572,-0.5483808,-0.4417941,-0.5937494,0.24425346,0.44362748,0.6100808,-0.75189406,-0.035761043,0.017647386,-0.92280275,-1.0228429,-0.436898,0.4372275
P46587,-0.25998533,1.0414344,0.22324793,0.17808418,-0.6145192,0.05092496,-0.051526606,-1.0304223,0.4464667,0.13389677,0.6930733,0.34185094,-0.34465685,0.687561,0.40936148,-0.5341951,-0.20549533,0.0349307,-0.09731902,0.74036974,0.043824777,-0.07322207,0.14530836,-0.3339821,-0.12579423,0.4933773,-0.24281202,-0.2149498,0.64131206,0.28710917,-0.70655084,0.57246506,-0.08211339,0.35680696,-0.10533803,-0.58515924,-0.91734236,0.63112724,0.16516423,0.05848071,-0.7674636,-0.591547,0.1117096,0.11715766,0.13615455,-0.56369567,-0.38431498,0.59595704,0.8357407,-0.29628468,0.45576832,-0.13891144,-0.035615314,0.2874691,0.6492792,-0.063762344,0.79152936,-0.61426455,0.15112829,0.4547424,-0.7713697,-0.604497,-0.7171009,0.43864366
P06106,0.0054997727,1.0030762,0.14326791,0.0811128,-0.43351412,0.24239889,-0.22056454,-0.3013481,0.6879527,-0.41534725,0.8881992,0.32063615,-0.76824373,0.4801986,-0.3968369,-0.82061106,0.11846971,-0.097725235,0.14669397,0.7180214,0.38637954,-0.2687751,0.7103569,-0.28194454,0.0772333,-0.02646093,-0.33563328,0.21527709,0.25462544,0.29112953,0.31755105,0.5294387,-0.26575336,0.77124476,-0.67907035,-0.62141395,-0.9297829,1.137387,0.2733774,0.029634647,-0.9382512,-0.33180943,-0.23498899,-0.021316059,-0.23689303,-0.9534229,-0.43546715,0.22495006,0.35728553,-0.33010805,0.19822532,0.21386945,0.08161765,1.2199204,0.29652813,-0.46430695,0.42380953,-0.11145002,0.5332944,0.77705187,-0.0516458,-0.040944546,-0.5050252,-0.069572
P27986,-0.7920381,0.063581325,-0.19716945,0.18340173,-0.20959513,-0.13339669,0.41180465,-0.5300921,-0.3140348,0.51051456,0.16831602,0.47514522,0.2935511,0.21986228,0.6357968,0.25281888,-0.42691514,0.6115689,-0.67144114,0.5668422,-0.27759302,0.28285408,-0.33616292,0.018384382,-0.0062179156,0.22898927,-0.3673435,-0.029343482,0.4358201,0.43060493,-0.5032582,0.05580316,0.47496387,0.30552784,0.43178198,-0.33966848,0.15294406,-0.22161493,0.31426457,0.5723882,-0.22693641,-0.5428782,0.31980637,0.14614695,0.4133222,-0.0952747,-0.09570574,0.51447463,0.3226208,0.15848044,0.32170615,-0.7070627,-0.51745725,-0.36985797,-0.016803365,0.34611014,0.81941843,-0.29162937,-0.070846416,0.16939166,-0.6868681,-0.964164,-0.0026181415,0.42938864
O74966,-0.6930318,0.3843465,0.329416,0.3032377,-0.27166596,0.14495438,-0.1842263,-0.43032292,-0.047212575,0.03595745,0.4422586,-0.27489966,0.15024987,0.14485121,0.6860603,0.6833031,0.3746045,-0.47650406,0.09562892,0.043177787,-0.4656241,-0.1431378,0.17601003,-0.5332267,0.23752463,0.4606022,0.2284046,-0.895347,-0.06387694,-0.20467159,-0.75985664,0.5352219,0.09935156,-0.48609135,0.121615626,-0.26479384,-0.5750625,0.2694478,0.03923333,-0.45458692,0.33872783,-0.22512816,0.42939076,-0.78639764,-0.037722047,-0.45327812,0.18108875,0.12341046,1.098639,-0.37365097,0.05486597,0.106487095,0.4166449,0.027213857,0.27208397,-0.08071639,-0.06198436,-0.9507731,0.5118836,-0.30779633,-0.9062638,0.012732131,-1.194622,-0.1339713
P27695,-0.56675243,0.6702377,-0.017061956,0.15034844,-0.4784918,-0.010621016,0.19453129,-0.72208047,0.19286756,0.2734682,0.4808045,0.5439743,-0.10868192,0.47721294,0.3566515,-0.37467766,-0.45777562,0.51381505,-0.45068228,0.86228955,-0.0100020915,0.1523379,-0.061089687,-0.110201135,0.023465853,0.24037737,-0.45058668,0.11043975,0.5729713,0.5972235,-0.40270922,0.23896614,0.17741233,0.6092846,0.14018062,-0.47729698,-0.27773562,0.31360772,0.43005896,0.55040485,-0.7395339,-0.62031794,0.16398637,0.33148724,0.23945439,-0.4868034,-0.3480062,0.57413614,0.43016836,0.026008695,0.39899257,-0.5954013,-0.3768724,0.1884178,0.18519144,0.10553605,0.9698201,-0.24688376,-0.04430405,0.54587114,-0.5926603,-0.9439729,-0.14306742,0.4205373
P0AA37,-0.06337693,0.70428413,0.0003495356,0.11736764,-0.42106608,0.07499121,0.08248879,-0.5747428,0.43701506,0.002437152,0.6690674,0.5406232,-0.4761926,0.50973445,-0.071406096,-0.7794395,-0.4246474,0.23273844,-0.22298199,0.8174201,0.30125433,0.0486717,0.20637432,-0.09394519,-0.056245822,0.044104323,-0.35056293,0.40379593,0.5247803,0.5263381,0.04869013,0.21858451,0.0026288182,0.7998931,-0.2923008,-0.49340558,-0.5163915,0.60238826,0.35313222,0.49520934,-0.8818986,-0.34453976,-0.17792493,0.40826795,0.1317148,-0.5703411,-0.42351958,0.44701588,0.123309605,-0.15041499,0.2807762,-0.28281355,-0.19844863,0.6563937,0.26371333,-0.18504187,0.90736485,0.06332184,0.038393475,0.6658995,-0.19650458,-0.4822865,-0.12771736,0.34601632
O75886,-1.0317371,0.033054084,-0.029594168,0.17188548,-0.19408922,-0.07550284,0.26887694,-0.58783656,-0.4175992,0.47344747,-0.0077721924,0.15540479,0.43570203,0.080268465,0.9505707,0.8115907,-0.12072474,0.47164783,-0.54256535,0.31891084,-0.46946764,0.23626962,-0.44088936,-0.34186196,0.119043216,0.5729201,-0.053260177,-0.60685354,0.30029544,0.20240441,-0.8225586,0.28749302,0.45519522,-0.186275,0.62326276,-0.33577186,0.10264678,-0.2770067,0.17383581,0.118658185,0.30580977,-0.4873607,0.8258027,-0.33204156,0.44618648,-0.005436957,0.23761341,0.29456154,0.7114004,0.06706114,0.32718006,-0.5016963,-0.46531624,-0.5839348,0.103722975,0.46387625,0.2894503,-0.7505507,0.09119244,-0.057202235,-0.89644533,-0.9725786,-0.4517068,0.3011107
P30575,-0.059063032,0.9453691,0.13935085,0.111740045,-0.51827186,0.19283053,-0.12230866,-0.5261476,0.60066,-0.19663078,0.82964545,0.4345348,-0.61694765,0.5780855,-0.16060324,-0.7962287,-0.12979689,0.027151532,-0.013001561,0.82063174,0.3114305,-0.124877475,0.4453069,-0.24706867,-0.031239491,0.11105612,-0.3294028,0.22647718,0.45491016,0.38171583,0.051301498,0.4601371,-0.14046046,0.78060955,-0.45944682,-0.62624806,-0.8304863,0.9036306,0.2975734,0.17295364,-0.9464775,-0.40341166,-0.16980132,0.1570031,-0.054777388,-0.80803794,-0.43441573,0.389151,0.38334447,-0.3058797,0.303477,-0.012417737,-0.029761609,0.92399704,0.34618542,-0.32270288,0.66834354,-0.1359664,0.3247378,0.7050513,-0.22990014,-0.29553857,-0.44371215,0.18736306
P31658,-0.035584547,0.5848602,-0.079612575,0.12775518,-0.32062614,0.09638295,0.08137701,-0.3341374,0.46716872,-0.18558505,0.67902654,0.54481614,-0.5131893,0.42822704,-0.29394752,-0.81879646,-0.31906676,0.23959643,-0.16452716,0.7582382,0.3785935,0.032267272,0.4019857,-0.035977736,0.012479838,-0.102961816,-0.37610096,0.4463018,0.40774155,0.5505186,0.3535991,0.22896174,0.07346094,0.86420554,-0.43106046,-0.54928213,-0.5167873,0.68587774,0.38264245,0.43800017,-0.8290206,-0.24799009,-0.21958762,0.29318857,0.1449774,-0.70178545,-0.42629632,0.36921793,-0.030145522,-0.20514274,0.19736671,-0.20777893,-0.11839524,0.9226898,0.17983891,-0.3056838,0.7414643,0.20933124,0.21706054,0.67121005,0.038059294,-0.31997308,-0.10573893,0.11072208
Q5K117,0.17733988,0.9249459,0.14055313,0.07012279,-0.2847204,0.22267379,-0.20863932,-0.12216619,0.72804254,-0.47262058,0.89409256,0.2845521,-0.8628574,0.42127475,-0.5782871,-0.96882695,0.121884175,-0.20894662,0.19470462,0.630316,0.48112285,-0.30877143,0.8210823,-0.15634179,0.10882969,-0.2002095,-0.3102405,0.37380445,0.19785409,0.26376182,0.5529648,0.41891012,-0.3517105,0.7944739,-0.84957856,-0.53089213,-0.89450437,1.1756474,0.2508564,0.105724506,-0.9360072,-0.21130545,-0.4266637,0.023821048,-0.288345,-0.92966026,-0.46807328,0.14862314,0.11134187,-0.32527,0.08598064,0.291077,0.17797944,1.3200645,0.25562015,-0.56552315,0.43823177,0.08436875,0.48628935,0.80425966,0.1532766,0.14004348,-0.38250157,-0.17475203
P05219,-0.42146078,0.74977946,0.33477995,0.21351135,-0.3960074,-0.04255786,-0.085733294,-0.98566604,0.21584709,0.20995685,0.45902902,-0.06723243,-0.06719242,0.44936803,0.7698918,0.044138208,-0.055468008,-0.22038639,-0.04864704,0.24338481,-0.22429204,-0.08252709,0.054942697,-0.41321155,-0.014807809,0.6746917,0.11741656,-0.78449917,0.3724455,0.13034903,-1.0038644,0.50543517,0.0043833777,-0.23684077,0.031689994,-0.27427766,-0.7559455,0.40441522,-0.015599646,-0.12836099,-0.023521284,-0.47866234,0.3618564,-0.28937706,0.14906155,-0.35829216,-0.11598224,0.47535,1.1423211,-0.27607453,0.28962824,-0.04851296,0.1710332,-0.20219778,0.6923794,0.07545382,0.43950033,-0.9798896,0.13557854,-0.049271405,-0.94995284,-0.4592683,-1.0248749,0.2684264
P35846,-0.5533345,-0.9666982,-0.390436,0.15357228,0.32196555,-0.08169398,0.58436835,0.16333042,-0.7299723,0.6024252,-0.3168561,0.31743592,0.66357,-0.35062122,0.59093064,0.78444743,-0.54397595,0.53897965,-0.75106245,0.05129153,-0.31114268,0.4110056,-0.6000543,0.07370061,-0.04247215,-0.06217952,-0.102692164,0.24921243,0.041501094,0.1023314,-0.09155434,-0.44624782,0.64810616,0.058268916,0.5732258,-0.06727144,0.7648995,-0.8996539,0.17892608,0.66941756,0.338045,0.04961652,0.34010178,0.16896737,0.53475624,0.55725384,0.33176374,0.13963136,-0.41275468,0.2492192,-0.06313225,-0.6995468,-0.55975014,-0.7193208,-0.4570239,0.41112673,0.3616836,0.17128849,-0.20110863,-0.16004604,-0.19024242,-0.55083203,0.47531354,0.25472832
Q9VCD5,-0.7720666,0.61857325,0.10317783,0.25562754,-0.36077836,0.199449,-0.15049392,-0.32147092,0.13574177,-0.30108815,0.5333682,0.044800088,-0.017784316,0.13841957,0.30049348,0.28971297,0.44715422,-0.0027651787,0.098651975,0.36525434,-0.17163658,-0.096273266,0.34380957,-0.6361016,0.32622996,0.30330738,-0.027540706,-0.6008523,-0.049975846,0.08055486,-0.3151341,0.76282936,0.11271147,-0.02860431,0.0718533,-0.59045404,-0.65233815,0.58295393,0.24761066,-0.40522796,-0.11607223,-0.34398246,0.5750894,-0.7368396,0.065705165,-0.7471248,0.10682093,0.07488081,0.8521465,-0.35887277,0.16340172,0.09013605,0.1038232,0.60328937,0.21809609,-0.21633217,-0.10850364,-0.63224125,0.71384734,0.19003028,-0.67710906,-0.23263735,-0.8984848,-0.21938631
P05122,-0.51143867,0.8252497,0.11470037,0.17380746,-0.5537563,-0.07352878,0.136228,-0.97857046,0.22215821,0.35081646,0.49148893,0.4025046,-0.14354791,0.5980977,0.57228744,-0.31866544,-0.34960362,0.33438733,-0.3443556,0.77355015,-0.07600261,0.059418947,-0.08795022,-0.19803254,-0.06950818,0.45485362,-0.33326888,-0.16525963,0.67034435,0.4611866,-0.7541499,0.3945636,0.09428821,0.3649879,0.088700674,-0.48421216,-0.5312668,0.3764459,0.28166103,0.35196662,-0.63247806,-0.6994571,0.25370523,0.21348497,0.24796993,-0.41893739,-0.3392673,0.65229225,0.73535794,-0.048889585,0.47061917,-0.426716,-0.272356,-0.033520922,0.47799447,0.14814103,0.94136745,-0.55668956,-0.048167646,0.42170566,-0.79227686,-0.916947,-0.45706394,0.46833637
Q96VN5,-0.079469174,0.89968944,0.08278228,0.10447012,-0.48025623,0.21277836,-0.10964167,-0.42044345,0.62022233,-0.26942286,0.82616603,0.45466188,-0.63804454,0.5203461,-0.24704841,-0.8137427,-0.12240875,0.08588189,-0.01905647,0.8398331,0.35381675,-0.11492441,0.5077778,-0.23545337,0.0064052455,0.038679525,-0.3514104,0.28885612,0.41138583,0.44798678,0.18663096,0.4408511,-0.10506358,0.85029453,-0.496016,-0.64519393,-0.7916426,0.9405314,0.34715185,0.19229898,-0.94944584,-0.36212072,-0.17452174,0.14590454,-0.058153536,-0.8682805,-0.44784704,0.3547248,0.2967646,-0.29028964,0.27957952,-0.010054167,-0.050266307,1.0505733,0.27451026,-0.3543919,0.62246495,-0.051630743,0.37490207,0.76274353,-0.11079176,-0.2666421,-0.3805224,0.10526712
O00451,-0.6638968,-0.9490077,-0.31345615,0.12464143,0.19173227,-0.12563634,0.5870056,-0.06539726,-0.8830137,0.835386,-0.40202606,0.2628592,0.81548256,-0.25542516,0.92210615,1.0380502,-0.5805036,0.6159617,-0.8234872,0.026038874,-0.49740732,0.46122497,-0.9081059,-0.020908974,-0.15268521,0.14922658,-0.033772487,0.06258813,0.1850672,0.01415547,-0.4002764,-0.40719432,0.6677082,-0.08492096,0.8230748,-0.063099034,0.8228408,-1.0137411,0.13558489,0.6089803,0.42987648,-0.044118878,0.53515255,0.1748892,0.58074075,0.67337364,0.42727688,0.21595287,-0.17273523,0.28721297,0.026140392,-0.7785499,-0.7078278,-1.0574079,-0.37954575,0.56978244,0.3610537,-0.087803856,-0.29739437,-0.28924376,-0.4659167,-0.74637955,0.35155627,0.4349701
P18054,-0.1527974,-0.25446355,-0.37161997,0.09215335,0.046381664,-0.16706216,0.5194934,-0.2755178,-0.16854085,0.38134202,0.14474589,0.56116986,0.08175255,0.045788504,0.21657377,-0.2055801,-0.70840394,0.509686,-0.64955205,0.43365306,0.12374993,0.31999457,-0.22844993,0.27474532,-0.13112047,-0.1568355,-0.32998884,0.5763256,0.3164404,0.48208135,0.03901942,-0.30692485,0.38532677,0.5459821,0.10246592,-0.08279945,0.29901037,-0.2995206,0.24437189,0.9481802,-0.44696587,-0.109184176,-0.13379258,0.6047899,0.41145688,0.17061515,-0.124786206,0.41805103,-0.40305406,0.22083922,0.08397491,-0.6251579,-0.52885807,-0.20695148,-0.11289367,0.16402286,0.9684994,0.36089253,-0.33085626,0.2545423,-0.13129213,-0.6049263,0.5321143,0.44125536
P23568,-0.114502415,1.1070577,0.21636249,0.1214419,-0.5789756,0.21505305,-0.2252056,-0.5923189,0.64625937,-0.31748086,0.89949596,0.25111216,-0.6228905,0.58985084,-0.1265739,-0.6548257,0.15022138,-0.21294034,0.14379737,0.6981673,0.23806615,-0.27022302,0.5750094,-0.3870054,-0.00074823573,0.1965175,-0.30795133,-0.05026638,0.33928177,0.172192,-0.100559086,0.6640156,-0.24513867,0.55984396,-0.4649141,-0.6162079,-1.0623934,1.0432673,0.20087132,-0.14979455,-0.88252395,-0.4316576,-0.11275517,-0.095528804,-0.18189016,-0.8998975,-0.36354092,0.32877427,0.6849215,-0.4059409,0.2985821,0.19827347,0.1406452,0.9435979,0.46107796,-0.38141587,0.4316817,-0.4129656,0.51264614,0.5975009,-0.42241538,-0.12981848,-0.7601162,0.07985304
B2RXH2,-0.72663355,0.011154555,-0.31152,0.11548875,-0.12967132,-0.044777658,0.45320454,-0.386413,-0.19371818,0.4362832,0.16735455,0.65235424,0.20339216,0.11157612,0.3978945,0.007484313,-0.607437,0.8254518,-0.75745904,0.7007569,-0.09672226,0.3597874,-0.29130116,0.07158625,0.07590841,0.045923293,-0.5084748,0.2917135,0.34283948,0.624036,-0.21657321,-0.093867175,0.47237095,0.59131706,0.3934051,-0.31994864,0.32088476,-0.22276157,0.43319198,0.78416747,-0.45603946,-0.4912075,0.24859637,0.39396304,0.40380928,-0.094978794,-0.13568622,0.45289245,0.039728824,0.25225574,0.2913584,-0.8401857,-0.6733188,-0.13367294,-0.22862174,0.34299496,0.9116861,0.047813192,-0.15253162,0.43470109,-0.43347806,-1.0234277,0.37039852,0.47481596
P12004,-0.6465467,0.3558561,0.20311494,0.18455227,-0.34333247,-0.20460582,0.14314155,-0.9529031,-0.13923335,0.46023098,0.22524112,-0.0029286742,0.1520218,0.3349119,1.054491,0.45748067,-0.16647644,0.056599867,-0.35731694,0.21792123,-0.3653856,0.073191464,-0.2886399,-0.31226644,-0.027111616,0.71518517,0.07081534,-0.73624486,0.43247724,0.21755177,-1.098448,0.32149702,0.20270082,-0.29078147,0.29894653,-0.15441734,-0.34060544,-0.0018178504,-0.0132899955,0.12949069,0.24788891,-0.572964,0.52271086,-0.20203161,0.27824885,-0.05476162,0.021151833,0.49223092,1.0344228,-0.0015147328,0.3367186,-0.30808762,-0.12659617,-0.68081075,0.5388929,0.37824547,0.54907346,-0.99174875,-0.04513503,-0.18395472,-0.9977091,-0.74008054,-0.766613,0.41508287
Q05513,-0.6885302,0.28030315,-0.08582117,0.09809916,-0.393031,-0.2184832,0.39919874,-0.8018558,-0.21652709,0.6783443,0.20495711,0.44027796,0.18338782,0.3627606,0.8344361,0.13178065,-0.5411483,0.6611367,-0.70182884,0.6864493,-0.26102775,0.24113199,-0.5002871,-0.020975366,-0.11963919,0.37748972,-0.3880592,0.002758067,0.61445624,0.4815753,-0.71916103,0.08005772,0.3004956,0.35983208,0.4216366,-0.25146475,0.10797045,-0.11671926,0.3203049,0.67859066,-0.39404565,-0.68782085,0.3279854,0.36002073,0.3096154,-0.03467933,-0.16929203,0.6183451,0.5050817,0.29788566,0.4154198,-0.72037214,-0.63547236,-0.5707028,0.12288277,0.4587943,1.0175873,-0.4452448,-0.28377953,0.27618894,-0.7701181,-1.1123359,-0.019865371,0.61230826
P00358,-0.10695019,1.1651826,0.1917085,0.08477616,-0.592209,0.28795567,-0.2741428,-0.561092,0.6910129,-0.332432,0.9256556,0.36245728,-0.7126673,0.57501835,-0.20530286,-0.7365986,0.11209675,-0.05145689,0.09570244,0.8112261,0.32388812,-0.26308393,0.59045106,-0.4080692,0.0048950873,0.1817764,-0.3614285,0.08688922,0.36077484,0.2829726,0.0078982,0.65087616,-0.28871545,0.7380557,-0.52662075,-0.6953176,-1.0224414,1.1198878,0.2603079,-0.06400721,-1.0362395,-0.47798952,-0.10014302,-0.0033306777,-0.24534473,-0.9489718,-0.42244062,0.30194005,0.6170058,-0.3404851,0.3436356,0.1730564,-0.004026469,1.1061789,0.38502887,-0.35937154,0.45981073,-0.34630507,0.53291893,0.7707192,-0.30285382,-0.22438605,-0.62320465,0.100198716
P0AES9,-0.057605498,0.4818295,-0.06855023,0.11414123,-0.06441198,0.15980461,-0.16663507,0.22840641,0.40994275,-0.62528306,0.65432215,0.10594033,-0.5453805,0.081456594,-0.60029083,-0.43063676,0.37361962,-0.24634418,0.28616342,0.2698091,0.22991101,-0.2776223,0.8853956,-0.102200195,0.2985016,-0.29647833,-0.23777582,0.017348666,-0.21153119,0.08326949,0.5927378,0.36367726,-0.04401835,0.37077692,-0.61354864,-0.45536542,-0.7530751,0.9074787,0.25066635,-0.14795625,-0.4600189,0.031134237,-0.25702682,-0.3861742,-0.16468704,-0.8282738,-0.2581403,0.0002447758,0.11686102,-0.40299886,-0.15498567,0.27412027,0.39552304,1.2680444,0.09097226,-0.61143273,-0.043545187,0.093902975,0.7671214,0.4815886,0.18635696,0.44566718,-0.513958,-0.55379105
F9UM10,0.10681571,1.0575236,0.19010063,0.060970493,-0.35360774,0.268273,-0.27282646,-0.20352073,0.76443624,-0.47159675,0.92490125,0.27913254,-0.89427394,0.44536296,-0.53619885,-0.94045,0.19001165,-0.20945245,0.20960498,0.67261827,0.48453277,-0.34686378,0.8297268,-0.25187555,0.12010893,-0.110671535,-0.32933086,0.29096833,0.20281279,0.24582961,0.44476962,0.51129705,-0.4105914,0.7916002,-0.83293104,-0.5724728,-0.95251137,1.2549224,0.24966878,0.039934263,-0.99747795,-0.30307946,-0.3455922,-0.014002077,-0.3577005,-0.9650455,-0.46140364,0.13311097,0.25958228,-0.32648575,0.1418367,0.3246067,0.13192846,1.340605,0.2906061,-0.53282523,0.3987953,-0.05112824,0.5260619,0.8513714,0.059388176,0.068009555,-0.45776787,-0.15743798
H2B3G5,-0.45239356,-0.96474046,-0.074110866,0.057190172,0.17717604,-0.20721902,0.39548776,-0.063509725,-0.84563756,0.71335083,-0.5408682,-0.047817573,0.8395449,-0.38001212,0.8713466,1.2576817,-0.34384352,0.12204941,-0.5442794,-0.4183109,-0.59826547,0.27432254,-0.9111164,-0.1446037,-0.13157338,0.23306972,0.22768496,-0.28224456,-0.066053905,-0.407233,-0.62740123,-0.34544778,0.5086728,-0.58169824,0.7976742,0.2586718,0.6482501,-1.0689707,-0.037279002,0.23678152,0.8003142,0.13736832,0.62178886,-0.027560987,0.3874817,0.7714787,0.6674804,-0.016405111,0.07931756,0.18182378,-0.19255581,-0.48825383,-0.32693383,-1.2666966,-0.24526094,0.5182978,-0.13297427,-0.24272688,-0.35501406,-0.6332096,-0.5182007,-0.3417855,0.01619529,0.28550878
P68036,-0.82005847,0.38450846,0.03246501,0.10782209,-0.4334815,-0.24097575,0.2905884,-0.98106986,-0.21445149,0.6375971,0.1899676,0.2585219,0.17473176,0.41035095,1.041825,0.3594064,-0.29745013,0.55427617,-0.5912407,0.57564306,-0.37040782,0.17381033,-0.4493395,-0.18737951,-0.06445135,0.62129736,-0.23094328,-0.3897655,0.6322233,0.40206546,-1.0000981,0.26164225,0.23579878,0.051205527,0.43098482,-0.30152434,-0.116368905,-0.05067119,0.1866531,0.36867785,-0.08920211,-0.7658237,0.5883735,0.09064514,0.3681102,-0.07490286,-0.083033346,0.5737329,0.8535621,0.21389505,0.5065104,-0.5873886,-0.5111334,-0.65692127,0.3579749,0.51597077,0.8160931,-0.79409295,-0.16796625,0.16046447,-0.91390187,-1.1320571,-0.4026857,0.5604117
O75888,-0.5957544,-1.1309292,-0.36203304,0.12800243,0.34916708,-0.09759323,0.6112646,0.17379169,-0.9173175,0.75802386,-0.4617911,0.25765672,0.8313229,-0.47066256,0.8047837,1.1090857,-0.60262185,0.586053,-0.8060527,-0.08667664,-0.45834142,0.48359254,-0.90130866,-0.01692836,-0.10420117,-0.027655602,0.034546427,0.22025885,0.0077496814,-0.012776814,-0.22140023,-0.56561846,0.6617775,-0.11366719,0.7848603,-0.0089029,0.9227653,-1.1286252,0.13687477,0.63208556,0.52575135,0.1548266,0.5267092,0.1528751,0.5434358,0.7559392,0.49678847,0.04551675,-0.4252544,0.30088574,-0.13127837,-0.7342504,-0.65101063,-0.94695246,-0.55036986,0.49012583,0.20525557,0.13049178,-0.31589252,-0.27287424,-0.27743495,-0.56291866,0.5013672,0.31555194
P01160,-0.087454304,-1.2435664,-0.08063169,0.03782411,0.5744677,-0.28669113,0.41642147,0.38041958,-0.79696757,0.57365936,-0.66217834,-0.19452938,0.74322456,-0.6084885,0.5348645,1.0180377,-0.2695911,-0.12903813,-0.39038682,-0.73191476,-0.46722144,0.25590104,-0.6599884,0.09712897,-0.0034580715,-0.19555578,0.33907533,-0.08768581,-0.35588607,-0.5570475,-0.20995235,-0.61136216,0.44880882,-0.7593966,0.45853278,0.551135,0.7393059,-1.0577784,-0.06509159,0.29773092,1.002056,0.45465747,0.33616844,-0.06200462,0.40664384,0.86259866,0.6681102,-0.23469788,-0.41592687,0.18456958,-0.48847076,-0.3176115,-0.06707403,-1.1355274,-0.3008139,0.3144608,-0.256382,0.22894435,-0.46376818,-0.6607854,-0.03490968,0.1764436,0.2463632,-0.08659254
Q8RNU2,-0.03289397,1.1394892,0.2778747,0.09288634,-0.51766825,0.19844893,-0.32085365,-0.4598488,0.71843356,-0.482331,0.90972507,0.03996633,-0.70086104,0.5294567,-0.26993886,-0.63981235,0.38791475,-0.48744002,0.33332396,0.47917873,0.24624975,-0.42575347,0.7822794,-0.39620677,0.09040953,0.14809176,-0.25929862,-0.22195323,0.16322169,-0.018362623,-0.018140506,0.7414996,-0.36113125,0.39600477,-0.57903415,-0.49674478,-1.1780276,1.1940962,0.11962158,-0.3525208,-0.75010246,-0.36073998,-0.18466169,-0.26782963,-0.32448217,-0.96994233,-0.31401482,0.19882628,0.77314395,-0.48252892,0.17121014,0.41412592,0.3839491,1.0147525,0.53042406,-0.5039034,0.18865217,-0.48709494,0.6216151,0.5032656,-0.3786285,0.13916108,-0.9480637,-0.13236262
P01593,-0.54441285,-0.7805645,0.12705892,-0.042952776,-0.09906611,-0.21212547,0.2759218,-0.33156624,-0.7749564,0.86599237,-0.5011085,-0.08168152,0.7400407,-0.28326437,1.1348038,1.3969288,-0.27038518,0.12717241,-0.5351156,-0.30760857,-0.6251876,0.27266565,-1.0713302,-0.3446806,-0.12741594,0.55062664,0.2762221,-0.49961016,-0.0029231785,-0.40647045,-1.0190549,-0.18938701,0.42128298,-0.6909577,0.857576,0.23733091,0.51149756,-1.0939081,-0.11870938,0.113640584,0.77909195,-0.018281247,0.92913055,-0.0239361,0.31711653,0.82794464,0.78754294,-0.0026891436,0.48597088,0.16365846,-0.10266322,-0.48333743,-0.39850858,-1.4652736,-0.11727077,0.6674358,-0.13132991,-0.45064092,-0.4532141,-0.6133483,-0.7485187,-0.5497272,-0.19806144,0.48176342
P01594,-0.54441285,-0.7805645,0.12705892,-0.042952776,-0.09906611,-0.21212547,0.2759218,-0.33156624,-0.7749564,0.86599237,-0.5011085,-0.08168152,0.7400407,-0.28326437,1.1348038,1.3969288,-0.27038518,0.12717241,-0.5351156,-0.30760857,-0.6251876,0.27266565,-1.0713302,-0.3446806,-0.12741594,0.55062664,0.2762221,-0.49961016,-0.0029231785,-0.40647045,-1.0190549,-0.18938701,0.42128298,-0.6909577,0.857576,0.23733091,0.51149756,-1.0939081,-0.11870938,0.113640584,0.77909195,-0.018281247,0.92913055,-0.0239361,0.31711653,0.82794464,0.78754294,-0.0026891436,0.48597088,0.16365846,-0.10266322,-0.48333743,-0.39850858,-1.4652736,-0.11727077,0.6674358,-0.13132991,-0.45064092,-0.4532141,-0.6133483,-0.7485187,-0.5497272,-0.19806144,0.48176342
P06993,0.12967677,0.27549237,-0.25834325,0.08283971,-0.14039029,-0.074225724,0.34488928,-0.40392324,0.2800606,0.15579107,0.46088958,0.61884195,-0.34515035,0.3274689,-0.09139034,-0.84782356,-0.6712571,0.415241,-0.41788465,0.5775414,0.40016174,0.20004714,0.06378149,0.17616785,-0.06627172,-0.23329863,-0.39392537,0.63655007,0.45665854,0.61967593,0.21522737,-0.0950435,0.15251526,0.8107652,-0.26539725,-0.249488,-0.098149754,0.24616738,0.29532743,0.86111164,-0.745611,-0.23033513,-0.29804823,0.7355577,0.30214816,-0.25322652,-0.36502236,0.44521356,-0.34802952,0.070136726,0.15902358,-0.4268784,-0.37695584,0.33043563,0.15803204,-0.09835226,1.1022032,0.4287905,-0.26209688,0.5790795,0.022726506,-0.51325876,0.3943141,0.39074826
Q8DTS9,0.012539133,0.9090633,0.14016329,0.105179355,-0.47803363,0.17923683,-0.09672764,-0.50263214,0.5991809,-0.17185548,0.8337717,0.44498032,-0.65120614,0.58174103,-0.19968992,-0.8599103,-0.177376,0.0018161908,-0.023731023,0.8101239,0.34768033,-0.11341923,0.4355651,-0.19196263,-0.048910055,0.06752285,-0.31953812,0.3056971,0.4805281,0.38269392,0.113780275,0.40374818,-0.16290647,0.8088763,-0.49847144,-0.5939226,-0.79944026,0.8761843,0.27800882,0.22941242,-0.95280385,-0.36792317,-0.24604982,0.22359943,-0.04948884,-0.76235884,-0.44691184,0.38216856,0.2778375,-0.29894227,0.27603766,-0.015846122,-0.017330047,0.9196615,0.3382925,-0.33970642,0.7274504,-0.053698294,0.25660753,0.7127848,-0.17813762,-0.27829686,-0.38077343,0.21720672
O00204,-0.679312,-0.44664776,-0.37508288,0.1214295,0.056525487,-0.018462058,0.5238962,-0.11159985,-0.44356614,0.47030225,-0.034724653,0.5262187,0.42816666,-0.14870363,0.47021085,0.48239,-0.56091774,0.7593403,-0.79509217,0.45063764,-0.16404589,0.40168118,-0.509429,-0.04552894,0.02839375,0.018957332,-0.32261378,0.35657886,0.16451949,0.36664587,-0.07482371,-0.22539222,0.51766807,0.40361816,0.5205074,-0.26250565,0.5566391,-0.5260448,0.3311226,0.7070702,-0.112119816,-0.1981265,0.40676644,0.2545936,0.43942413,0.21671109,0.17098281,0.21697702,-0.18828124,0.29462534,0.15340605,-0.7762938,-0.72109544,-0.3526228,-0.44505456,0.40074798,0.54517275,0.11525323,-0.116679825,0.23039661,-0.2834674,-0.84995097,0.44266194,0.3724284
P00533,-0.29768294,-0.7077495,-0.23847298,-0.00093098544,0.038902603,-0.21023826,0.52113366,-0.3276863,-0.6380784,0.8616075,-0.25072342,0.3440278,0.619667,-0.07551511,0.8495185,0.5783685,-0.78008175,0.5455627,-0.86957115,0.20045954,-0.2851712,0.37629983,-0.8930831,0.107254386,-0.32925418,0.18659052,-0.07340311,0.41544512,0.34490615,0.05914654,-0.35621718,-0.45030907,0.42830265,0.13943855,0.6100351,0.12382612,0.73933697,-0.8379233,0.14354819,0.8612436,-0.011791223,-0.052112725,0.25131708,0.5795393,0.43761277,0.70154524,0.300977,0.35822958,-0.18546605,0.42535722,0.079113886,-0.802916,-0.7757522,-1.098623,-0.27031437,0.58756185,0.7007867,0.007982835,-0.55099154,-0.16228065,-0.38231528,-0.7784866,0.502801,0.6422506
Q8WZ42,-0.7594633,-0.48561895,0.07107836,0.03310229,-0.1401766,-0.205036,0.34748873,-0.5579558,-0.70670897,0.8349231,-0.31922716,-0.025644049,0.6118163,-0.059980936,1.2286482,1.2328262,-0.26489553,0.32958338,-0.61961067,0.0022368766,-0.5551198,0.27418646,-0.93261427,-0.36794904,-0.091885805,0.6804614,0.14072043,-0.51065075,0.276386,-0.13462654,-0.94760644,-0.049905952,0.40770462,-0.45811072,0.83140695,0.0076148957,0.40409315,-0.75918823,-0.062322,0.22929995,0.6045472,-0.29837984,0.9236536,-0.038950734,0.40391746,0.5789171,0.56227005,0.17321068,0.6045258,0.19653283,0.15619764,-0.58062536,-0.5810485,-1.2646737,0.048085663,0.69671965,0.13800749,-0.702059,-0.27387765,-0.39877725,-0.84835285,-0.84791625,-0.27592623,0.54818565
P12318,-0.6095567,-0.9305807,-0.10290028,0.03253515,0.10822672,-0.21327797,0.40513355,-0.13578644,-0.9230773,0.79834574,-0.5557031,0.0010009632,0.8808057,-0.39891595,1.0109382,1.4132305,-0.33280537,0.31234854,-0.60955125,-0.341972,-0.6371752,0.33724275,-1.0443503,-0.23373193,-0.10148506,0.3163013,0.20862381,-0.36138576,-0.05345236,-0.35293525,-0.74213946,-0.2995246,0.56150705,-0.5999603,0.9092468,0.15967399,0.6808494,-1.1323519,-0.034815766,0.2108053,0.79526776,0.09833434,0.83865595,-0.044187076,0.43044108,0.8133536,0.7267936,-0.0077219065,0.19089724,0.20847963,-0.15448944,-0.574645,-0.47170612,-1.2944362,-0.27232984,0.5977354,-0.14926511,-0.29902208,-0.34412137,-0.5717114,-0.6077589,-0.5136065,0.01047942,0.34944436
P06907,-0.6343676,-0.9554691,-0.1987492,0.10799779,0.17248932,-0.159914,0.4976787,-0.082301006,-0.890643,0.783528,-0.47125888,0.09256552,0.85665256,-0.3130766,0.96901256,1.2255303,-0.44270167,0.37882268,-0.7045771,-0.20668498,-0.5700053,0.38627642,-0.9355983,-0.11733082,-0.13233826,0.23959944,0.11560637,-0.18214206,0.0749886,-0.18018216,-0.56991583,-0.34028295,0.6160538,-0.3671415,0.8608104,0.054288507,0.7345523,-1.0490702,0.037588395,0.3879686,0.65804976,0.028120656,0.6450527,0.015971594,0.5217177,0.72372705,0.56680876,0.105876975,-0.0032227011,0.20616679,-0.056988187,-0.62802786,-0.5381877,-1.191611,-0.27727738,0.5486975,0.0985115,-0.23257853,-0.30393046,-0.49347782,-0.56345993,-0.5896025,0.13767311,0.36459255
O15305,-0.30678028,0.48429957,-0.11719592,0.1710513,-0.3126438,0.0034763617,0.24923731,-0.5405456,0.25530145,0.1534073,0.47826368,0.6130085,-0.23068595,0.402534,0.096571386,-0.6116576,-0.5320014,0.43264875,-0.3981133,0.77551943,0.18658485,0.16156918,0.087531306,0.024256513,0.012740251,0.028280884,-0.4293269,0.32190302,0.4903502,0.63019705,-0.1024818,0.10444831,0.24886128,0.71218014,-0.07987065,-0.418111,-0.251846,0.30955753,0.39496216,0.6671393,-0.7227698,-0.44941795,-0.056873538,0.43149093,0.2609665,-0.4493572,-0.38144144,0.53538054,0.10263442,-0.027837774,0.29820374,-0.52549165,-0.31894353,0.33857685,0.16941233,-0.012940437,1.0194693,0.058368992,-0.060154684,0.5621123,-0.31480962,-0.7040304,0.044626966,0.348344
P14550,-0.2797242,0.6597806,-0.021872953,0.16110544,-0.4176508,0.06405638,0.12905863,-0.5987514,0.34887302,0.06807342,0.591405,0.5511389,-0.3174898,0.47661278,0.079578415,-0.62382185,-0.42576605,0.32521084,-0.29550147,0.82772636,0.19444771,0.09411593,0.15112248,-0.08766666,-0.00300828,0.10578942,-0.39123368,0.27132878,0.5063489,0.5615815,-0.12535861,0.22535552,0.12634549,0.71838045,-0.14578366,-0.50615776,-0.4343582,0.4800863,0.3849558,0.51351994,-0.8058,-0.43989596,-0.037446953,0.34304965,0.19608167,-0.5503401,-0.3940226,0.5001956,0.23505197,-0.11314168,0.3253932,-0.4068201,-0.23799846,0.5057417,0.24358669,-0.09114116,0.92053694,-0.035581954,0.034255363,0.59674317,-0.33591223,-0.62629837,-0.13722666,0.324158
P67870,-0.7439792,0.31228662,-0.010817007,0.11129703,-0.408014,-0.23838799,0.3240682,-0.8945913,-0.23478642,0.6426566,0.17848703,0.31555584,0.1990532,0.38500547,0.97731715,0.305823,-0.34564927,0.54126084,-0.6095687,0.55525506,-0.34983808,0.1850557,-0.44229287,-0.12714279,-0.0964881,0.53141737,-0.25822753,-0.30264178,0.5951484,0.38566712,-0.91959345,0.20698032,0.29313725,0.103733644,0.41499785,-0.2869861,-0.06619679,-0.09507033,0.19765876,0.42964557,-0.13121346,-0.70990914,0.48585394,0.1273804,0.3703112,-0.047041737,-0.10500539,0.6022889,0.73947424,0.2104954,0.4636521,-0.5873102,-0.5135159,-0.6598016,0.32027492,0.48514277,0.8684608,-0.6867818,-0.17093584,0.13864602,-0.87725794,-1.0650843,-0.31826544,0.5546833
P28482,-0.6361693,0.559112,0.004034384,0.14596179,-0.4711291,-0.16280931,0.28315106,-0.90986085,-0.013504032,0.542669,0.33688796,0.43574628,0.019960597,0.4852983,0.7248585,-0.08891697,-0.4495634,0.5239497,-0.53540444,0.7360406,-0.18718861,0.14753734,-0.2928145,-0.07496852,-0.08089326,0.41490397,-0.3888982,-0.09724213,0.64319766,0.5062366,-0.77703774,0.22115111,0.21561202,0.35058653,0.25533643,-0.3637455,-0.20164748,0.11735147,0.30757502,0.54451334,-0.4882069,-0.73964787,0.30065513,0.28608918,0.28052777,-0.22742279,-0.28262186,0.65485245,0.6410079,0.14561467,0.45408788,-0.5937876,-0.46079478,-0.33554238,0.3175933,0.3288184,1.0290153,-0.5131472,-0.18390012,0.36026603,-0.80552375,-1.0564059,-0.22761483,0.5435153
P09914,-0.19748344,-0.4914353,-0.16419108,0.18045953,0.17562504,-0.14719442,0.36857453,0.025296375,-0.36073855,0.22781563,0.037649922,0.06383062,0.2879331,-0.10056874,0.20790945,0.38952017,-0.25675046,-0.16273233,-0.32784927,-0.12324183,-0.18426886,0.05736061,-0.08291324,0.1436247,-0.07607037,-0.0502107,-0.053707488,0.044632852,0.07779959,-0.0844711,-0.07650447,-0.18765889,0.37605044,-0.067420736,0.12451895,-0.0035861954,0.100341514,-0.33568984,0.04152414,0.39439648,0.18551113,0.12074877,-0.11794139,0.010533661,0.27783898,0.15650569,0.12749359,0.1657595,-0.15591696,-0.08731292,-0.15850034,-0.24759096,0.044658247,-0.33228803,-0.070788845,-0.005163476,0.2804019,0.029616842,-0.009609662,-0.2963908,-0.2276216,-0.0035457294,-0.0639319,0.01403754
Q7Z3B3,-0.7119981,-0.2573198,-0.49328882,0.15287675,0.042726073,0.033370737,0.46270904,0.011483761,-0.2117851,0.16214356,0.1820581,0.7008927,0.19761902,-0.09474415,0.055541195,0.039074972,-0.39873856,0.7681761,-0.66350776,0.630005,0.01240775,0.34356353,-0.017220398,0.14321646,0.2030582,-0.19023064,-0.54697907,0.4120759,0.09993133,0.5887496,0.18588234,-0.08775864,0.5633719,0.5973423,0.2517433,-0.4455679,0.3070669,-0.25355825,0.4467493,0.64784044,-0.38250372,-0.24213533,0.21294051,0.1954273,0.4559292,-0.20728625,-0.04405897,0.2725195,-0.26830444,0.11677258,0.15654436,-0.71670604,-0.53554696,0.2424499,-0.36428097,0.12925094,0.695517,0.3676095,0.12577945,0.43816966,-0.119490825,-0.714068,0.4368344,0.16639799
O95868,-0.5921246,-1.0395954,-0.19386323,0.068632916,0.24808742,-0.19419959,0.43972963,0.035211176,-0.91840345,0.6867611,-0.5783331,0.00020253658,0.9168468,-0.51112616,0.9000815,1.3819153,-0.37148646,0.28769836,-0.624147,-0.40591958,-0.6039844,0.3659963,-0.9480138,-0.15629342,-0.058710683,0.1438877,0.2119336,-0.24482866,-0.17101313,-0.3155086,-0.5928791,-0.41599247,0.6042448,-0.5773234,0.8517667,0.19941097,0.75993425,-1.1389693,0.0130459,0.2673485,0.8257654,0.21869291,0.7387337,-0.07400278,0.46205708,0.805261,0.6846047,-0.06196843,-0.010501956,0.22288056,-0.22964698,-0.5687967,-0.4271395,-1.1756718,-0.35927573,0.5277108,-0.18174987,-0.13671952,-0.3434798,-0.55915964,-0.44845206,-0.3719034,0.15104161,0.21544692
E7EZF3,-0.75481665,0.3437155,-0.081840545,0.1551266,-0.36157092,-0.15072468,0.33828932,-0.7139496,-0.16470973,0.50600374,0.26002014,0.45151344,0.16704902,0.36153698,0.6608206,0.0964354,-0.41406924,0.59134835,-0.6131184,0.6623906,-0.25029355,0.21366061,-0.31286055,-0.05303102,-0.017725263,0.32679227,-0.38056368,-0.08700408,0.5425675,0.4662395,-0.6077851,0.17833203,0.3489103,0.3400755,0.36797068,-0.36700904,-0.014987178,-0.0255343,0.33754346,0.5328518,-0.35751233,-0.6604413,0.34256113,0.1824978,0.35151702,-0.20804025,-0.17870018,0.57085466,0.4956613,0.15018125,0.3915502,-0.66285527,-0.49669328,-0.31515312,0.119204625,0.3328727,0.8744399,-0.4250989,-0.09728738,0.25833187,-0.76795655,-1.0425266,-0.13901713,0.4633487
Q16659,-0.80487156,0.18310371,-0.16797398,0.21648765,-0.2234944,0.009957801,0.2691883,-0.38938728,-0.16435882,0.24138737,0.2989071,0.4360613,0.21125507,0.17670318,0.4509538,0.22773008,-0.19968802,0.4618139,-0.4956742,0.547451,-0.20632204,0.21534762,-0.08873144,-0.12244525,0.12962838,0.1819017,-0.3393919,-0.10148692,0.27040064,0.38514888,-0.36677352,0.21290393,0.41619655,0.2598441,0.2996832,-0.48291096,-0.06443092,-0.03596115,0.32679668,0.33537054,-0.24845134,-0.44318363,0.37458277,-0.0854867,0.37618184,-0.31576133,-0.040707193,0.379822,0.35080534,-0.009007283,0.28360063,-0.52576053,-0.33693972,0.01851897,-0.0004395963,0.13871476,0.58420336,-0.24597879,0.17764822,0.21734315,-0.60717803,-0.7620051,-0.17739101,0.19298962
O14526,-0.86058414,-0.18453547,-0.2594421,0.1531847,-0.11767468,-0.1241305,0.5041575,-0.42979467,-0.46188512,0.6384309,0.026517078,0.4856536,0.44610122,0.11813342,0.74462587,0.46189356,-0.5082431,0.7304044,-0.80147475,0.5442317,-0.33306354,0.38092232,-0.53165203,0.016994298,-0.023188736,0.22002563,-0.37216234,0.039457273,0.39527917,0.4050356,-0.48912033,-0.07361217,0.544402,0.30160192,0.59283644,-0.2880307,0.41101378,-0.446404,0.3140376,0.6399493,-0.13529006,-0.48308572,0.40854934,0.1914835,0.4720833,0.10552755,0.022665545,0.46027982,0.20750216,0.2607442,0.30134997,-0.81166524,-0.68343234,-0.5533289,-0.19433182,0.48741913,0.7735218,-0.22808929,-0.14581272,0.15419121,-0.64030606,-1.0418907,0.1707449,0.49753612
P14099,-0.3321809,-0.4449921,-0.3986271,0.1420655,0.11213665,-0.12560132,0.54815584,-0.14184444,-0.3316684,0.39043137,0.07344755,0.5240209,0.24481535,-0.0589413,0.26665083,0.07406236,-0.62075806,0.49731538,-0.66160727,0.36720443,0.00013589859,0.32560578,-0.2566572,0.24885541,-0.08837104,-0.12706135,-0.3098446,0.47569296,0.23937559,0.3884983,0.027728792,-0.30211434,0.4834825,0.44150028,0.23026422,-0.13471237,0.38122848,-0.43322274,0.2382223,0.85979205,-0.26755083,-0.08435762,-0.028781839,0.42842054,0.43188614,0.20173325,-0.025799312,0.34850904,-0.38835537,0.18603212,0.060360283,-0.6518089,-0.4964127,-0.26380157,-0.22340319,0.18506584,0.81334454,0.2956581,-0.21178734,0.12646541,-0.17435847,-0.57584226,0.47322112,0.35801366
Q9Y0D3,-0.13791949,0.9113588,0.08785896,0.1288508,-0.48563716,0.20628203,-0.12623888,-0.4063901,0.60080266,-0.3264772,0.8363962,0.36323693,-0.6025481,0.50131243,-0.21992266,-0.69894737,0.0047925264,-0.01299002,0.04657975,0.76963395,0.2989096,-0.15605462,0.56309927,-0.2797256,0.04431739,0.04828404,-0.33940923,0.15454178,0.33082247,0.35636738,0.13301851,0.50793713,-0.09591929,0.7251336,-0.49364322,-0.63498604,-0.86242026,0.9619004,0.31453866,0.064363815,-0.8737808,-0.3491244,-0.13897175,0.0020356923,-0.08006963,-0.8924031,-0.39649376,0.32965434,0.40977257,-0.32960045,0.26033062,0.05280916,0.03237054,1.0490686,0.30252105,-0.38199788,0.51004463,-0.14471811,0.46608165,0.6829454,-0.18286222,-0.16600034,-0.51283944,0.013985699
Q9CW03,-0.6203083,0.54944956,0.028779298,0.21873394,-0.41469577,-0.08504243,0.21062703,-0.7809291,0.049218077,0.31800166,0.40749013,0.38022876,0.0262945,0.4781336,0.5735532,-0.09405775,-0.2606207,0.2879371,-0.37574124,0.61645573,-0.1583195,0.12204835,-0.075825565,-0.13401759,-0.0050650276,0.35697228,-0.3064007,-0.24489824,0.5188212,0.38648495,-0.6751071,0.33180165,0.27439415,0.23875563,0.16132027,-0.43190974,-0.37306863,0.19480477,0.2517158,0.327852,-0.3868095,-0.624436,0.26517963,0.03613574,0.32241133,-0.35803562,-0.21443889,0.5941991,0.63284016,-0.05583465,0.39525768,-0.44613177,-0.2391392,-0.116944104,0.3658669,0.15534127,0.8227911,-0.50450397,0.033295974,0.23385575,-0.791749,-0.8228742,-0.42468327,0.3454357
P02585,-0.7109574,0.2415972,0.119021,0.13205983,-0.34894782,-0.24554531,0.22603813,-0.9317947,-0.24550563,0.58044535,0.14105561,0.09396723,0.21866402,0.2977654,1.1089779,0.5337324,-0.21496186,0.27729458,-0.50076145,0.29824892,-0.37228763,0.1304282,-0.4308994,-0.27108505,-0.056298066,0.7035849,-0.0023068488,-0.60389096,0.4832953,0.24891827,-1.0565776,0.25983787,0.2446717,-0.19973952,0.4033033,-0.17904851,-0.16170405,-0.1267261,0.024187826,0.23978302,0.21312399,-0.61103874,0.6077219,-0.0776067,0.33907962,0.046878204,0.049274676,0.48678312,0.92660356,0.11024366,0.39655468,-0.44074386,-0.3289849,-0.79397786,0.45263422,0.48312184,0.6225567,-0.9116612,-0.12649867,-0.116819486,-0.9493536,-0.91475564,-0.58307445,0.49904686
O54983,-0.07767232,0.7175962,0.043331467,0.15820737,-0.3990367,0.11275638,0.01821822,-0.4485534,0.47416475,-0.14568108,0.7307466,0.4448259,-0.50528175,0.5036712,-0.16571867,-0.74072623,-0.23116153,0.054679617,-0.09010176,0.7438002,0.3001094,-0.033926696,0.39192578,-0.11261219,-0.018046837,0.007040024,-0.32507688,0.29955673,0.43113983,0.41300467,0.12710652,0.31784645,-0.0053298324,0.73754746,-0.41803053,-0.53922474,-0.6579286,0.7191686,0.31216225,0.3162483,-0.81447256,-0.3092496,-0.2060593,0.2006788,0.06788956,-0.69080484,-0.40124485,0.38966084,0.1903388,-0.263121,0.22921291,-0.13537358,-0.026007328,0.8157854,0.28447738,-0.3087919,0.729748,0.014189877,0.21454394,0.5948738,-0.16545846,-0.29100594,-0.30642158,0.15543996
Q9H6Y7,-0.68043137,-0.6963834,-0.38998637,0.122000165,0.13156265,-0.10078665,0.63801795,-0.16757435,-0.6500579,0.7314022,-0.18979992,0.49112388,0.61868155,-0.14402287,0.7223447,0.6386166,-0.718146,0.78506124,-0.91309977,0.36759117,-0.2837435,0.48882604,-0.75119674,0.06947243,-0.1210784,0.07203227,-0.26005274,0.34537205,0.26590654,0.3018761,-0.24264291,-0.3751926,0.6134955,0.30189797,0.6777617,-0.13846634,0.7645644,-0.80095,0.26059425,0.823197,0.008783705,-0.1735992,0.3764335,0.36556923,0.5363594,0.4985907,0.2283406,0.32141525,-0.23479493,0.35582983,0.13748977,-0.89141023,-0.8206697,-0.7598171,-0.45130038,0.55277836,0.67534703,0.075169325,-0.30725047,0.055941135,-0.39397866,-0.9392333,0.5351778,0.5407494
P01704,-0.5354283,-0.77342623,0.14416368,-0.041588545,-0.10042034,-0.203851,0.25551033,-0.32241267,-0.76138306,0.8577842,-0.5013244,-0.08988011,0.7304993,-0.2860626,1.1219537,1.3961306,-0.2532588,0.0978289,-0.5177715,-0.32345,-0.62719715,0.25986296,-1.0481603,-0.35395113,-0.11377105,0.5486815,0.27539587,-0.5159502,-0.03273389,-0.42223793,-1.023204,-0.18743704,0.41087955,-0.7039717,0.8391221,0.24863294,0.4991241,-1.0815554,-0.12032313,0.097333126,0.7908922,-0.022484545,0.9241333,-0.044441946,0.29652324,0.82095325,0.7830169,-0.015637634,0.50951266,0.15960272,-0.11148207,-0.46720392,-0.37589982,-1.4558358,-0.117232144,0.6660897,-0.15182789,-0.46238422,-0.4411916,-0.6159885,-0.7446149,-0.5272002,-0.21901321,0.46427923
P0CY35,-0.5006742,0.9270847,0.18242748,0.15979856,-0.58319855,-0.094664276,0.08259955,-1.1369225,0.27958775,0.3554621,0.5027985,0.3203009,-0.17288122,0.64103687,0.6715474,-0.29295307,-0.28947487,0.26962695,-0.27675238,0.7049812,-0.093903095,0.0068924557,-0.056314684,-0.289711,-0.089637995,0.600147,-0.2520342,-0.36972585,0.70685494,0.39985725,-0.9365151,0.5177152,0.0097686425,0.21786742,0.06742936,-0.50798005,-0.69324833,0.43230006,0.18977833,0.17390317,-0.5632137,-0.7242029,0.3584357,0.13796833,0.2662256,-0.4045713,-0.32816917,0.6615921,0.92682993,-0.09849307,0.5140134,-0.3239959,-0.19550315,-0.08501598,0.6478423,0.17590418,0.86725056,-0.7600979,-0.020397104,0.38097537,-0.870069,-0.93766695,-0.65405226,0.48712337
O48737,-0.23610193,0.6808197,-0.15310507,0.10716736,-0.3444619,0.2181955,-0.04853186,-0.15694956,0.5202249,-0.4429445,0.77347374,0.48741674,-0.53540087,0.2745156,-0.36200678,-0.6289151,-0.05689743,0.30317426,-0.061825365,0.8153063,0.3656615,-0.047458,0.5984848,-0.20355535,0.16220483,-0.11405028,-0.41960323,0.31739005,0.17123356,0.5533032,0.44968542,0.3859114,0.064969815,0.8591594,-0.46976295,-0.6977566,-0.6189396,0.8988742,0.46522942,0.19334088,-0.8600721,-0.2263528,-0.0528725,-0.001292225,0.007071454,-0.9161924,-0.39807346,0.2366307,0.13010529,-0.22230741,0.1963411,-0.082168624,-0.11238584,1.2899536,0.06968252,-0.37876374,0.424263,0.12573048,0.5719594,0.8020018,0.11747585,-0.16584948,-0.23396689,-0.1763461
O24146,-0.3101458,0.5520012,0.010655551,0.19120216,-0.38208923,-0.06176846,0.21559659,-0.71790314,0.16420059,0.2655748,0.48222125,0.45273528,-0.16466424,0.4529772,0.3372626,-0.41011703,-0.44859943,0.25182787,-0.35731468,0.68376106,0.05080992,0.09942339,-0.033970088,-0.044357896,-0.08728123,0.20484185,-0.30336773,0.13689722,0.53946865,0.4414178,-0.3884766,0.1814875,0.16492157,0.48902914,-0.031852715,-0.37041923,-0.35208097,0.27383912,0.27780327,0.5462409,-0.6104423,-0.4687362,0.01170712,0.30904233,0.24001849,-0.32353488,-0.3111652,0.55557555,0.33537605,-0.05001408,0.3153974,-0.42490804,-0.2566186,0.08083548,0.3113527,0.028015599,0.96181506,-0.20975761,-0.098705985,0.37237012,-0.5434636,-0.67376256,-0.18780832,0.4101586
Q9JL25,-0.83823204,0.08185563,-0.25665516,0.22356506,-0.16724716,0.008508372,0.33223766,-0.32339847,-0.2188127,0.25757688,0.28094563,0.5080659,0.23625618,0.14545566,0.3964583,0.2172753,-0.2665236,0.54120713,-0.5571506,0.5917063,-0.20568104,0.26803073,-0.09304308,-0.03587766,0.13762283,0.10433069,-0.4107802,0.009094473,0.2743867,0.44667244,-0.28669265,0.13160573,0.49296325,0.32684943,0.33923057,-0.4870194,0.01873669,-0.1243951,0.35757896,0.4225303,-0.2824859,-0.42456043,0.30928338,-0.01718343,0.40837514,-0.30198628,-0.064004175,0.3926557,0.23109372,0.01547065,0.26576367,-0.62113756,-0.3725094,0.036003873,-0.099910505,0.15052849,0.6565608,-0.117035285,0.1652996,0.25314143,-0.56193906,-0.7781156,-0.046139587,0.2238279
H2C3I7,0.23575166,0.71135443,0.008033215,0.072625674,-0.19240375,0.13836107,-0.06840265,-0.091367885,0.61784804,-0.39809704,0.7962634,0.3797842,-0.7675013,0.3705872,-0.59718394,-0.9945076,-0.06684522,-0.03488285,0.08046974,0.6126177,0.5062782,-0.17888379,0.69312394,-0.032777503,0.05775034,-0.30706483,-0.3005283,0.54607534,0.2561959,0.3591684,0.67875934,0.26851648,-0.22971258,0.84876883,-0.7884919,-0.5057597,-0.7103149,0.99601877,0.28733057,0.29126564,-0.89597356,-0.11064808,-0.4356938,0.17783064,-0.11307742,-0.8148481,-0.45808306,0.1740821,-0.16404909,-0.25434554,0.03771679,0.14581674,0.080339074,1.2438214,0.18366283,-0.5369081,0.5333575,0.31044322,0.3455572,0.77220094,0.29105008,0.078733966,-0.14291036,-0.12175182
P40054,-0.026050419,0.89354753,0.070840836,0.09170744,-0.4049376,0.2254707,-0.15587431,-0.25839782,0.6415998,-0.38918465,0.84486735,0.3795954,-0.71156806,0.45585307,-0.38555717,-0.80731064,0.03419427,0.010591932,0.07858953,0.74323773,0.38457757,-0.19536021,0.672782,-0.23094872,0.08193532,-0.07076876,-0.35719025,0.27059284,0.26483515,0.37332362,0.3658395,0.46726593,-0.1519745,0.8208785,-0.63504386,-0.63940394,-0.83654714,1.0601449,0.32804814,0.109058306,-0.914841,-0.30809274,-0.2230095,0.020325877,-0.14219075,-0.9281701,-0.4490538,0.2563196,0.26073682,-0.30862492,0.1965386,0.12137964,0.038138468,1.210928,0.24545704,-0.44441593,0.4658054,-0.021544322,0.5101403,0.7726465,0.0045394897,-0.086027116,-0.41432366,-0.069720514
Q07637,0.17058173,0.78889954,0.08078858,0.0888339,-0.26692864,0.17881101,-0.107864216,-0.1560325,0.65179855,-0.37529606,0.84726423,0.3662511,-0.77870387,0.44685283,-0.51682335,-0.9733364,-0.030189827,-0.10188355,0.08749327,0.6588434,0.47151023,-0.19018601,0.70499766,-0.07463814,0.058396246,-0.21761993,-0.31751835,0.44398287,0.2819991,0.3443392,0.54778016,0.33850262,-0.22235802,0.8377655,-0.77162594,-0.5389339,-0.7823797,1.0185041,0.27302876,0.21780568,-0.90198797,-0.19078645,-0.4205231,0.12975252,-0.12653151,-0.842767,-0.46637157,0.21609321,-0.0077413796,-0.30814838,0.09521024,0.15862896,0.122225106,1.2209823,0.23820804,-0.5227763,0.5546496,0.18721603,0.37407437,0.752256,0.16699389,0.032738104,-0.2756269,-0.08148035
Q8DQX8,0.032209843,0.9483161,0.11478467,0.069463536,-0.42429313,0.23803198,-0.15738493,-0.3251817,0.6867754,-0.3356593,0.88335466,0.42137375,-0.7626153,0.4981692,-0.37813982,-0.91289717,-0.04139082,0.002425857,0.05041112,0.80953944,0.43809754,-0.18156917,0.6130203,-0.22287038,0.026692938,-0.032166243,-0.34322727,0.35902363,0.3625458,0.40727305,0.34541315,0.4400978,-0.22932163,0.88795817,-0.6346472,-0.62441885,-0.8373207,1.0585197,0.30954012,0.16858774,-1.0058116,-0.32115325,-0.26691842,0.1339123,-0.15970603,-0.9052639,-0.46234056,0.27606085,0.21365947,-0.29587847,0.22621724,0.11477104,-0.0118715875,1.1888506,0.260438,-0.43134326,0.57035255,0.011695057,0.41548455,0.83605945,0.003688857,-0.15241101,-0.3592533,0.037934445
Q9H0A6,-0.6438788,-0.12364747,-0.35161823,0.18615438,-0.05955906,-0.0634595,0.46009102,-0.2641347,-0.23922396,0.3114612,0.21604183,0.6131407,0.20358722,0.06660291,0.2858867,0.04901232,-0.48199278,0.6270125,-0.64519656,0.59780526,-0.06896292,0.32929885,-0.13533685,0.1314249,0.048419002,-0.027733818,-0.44346458,0.2876192,0.28013992,0.5265984,-0.08781442,-0.08379619,0.5165014,0.4999522,0.29243308,-0.34104943,0.20069155,-0.24152333,0.35370812,0.6962629,-0.36958003,-0.3336716,0.12775269,0.2554666,0.43149123,-0.1342455,-0.11895441,0.41107416,-0.07071191,0.114990756,0.20679447,-0.7241253,-0.47943118,-0.019552886,-0.18850558,0.18173277,0.8304024,0.1323072,-0.0073905885,0.28999978,-0.36278194,-0.7627282,0.26169965,0.3274631
O33983,0.08629221,0.62610865,-0.04685638,0.06277762,-0.27608573,0.099265814,-0.020160928,-0.2241996,0.4803436,-0.25241455,0.7015218,0.45383433,-0.583037,0.3427591,-0.3774784,-0.8084903,-0.18142074,0.17918506,-0.060623668,0.6663106,0.41437465,-0.052225664,0.45372677,-0.0753885,0.0502734,-0.15064263,-0.3263536,0.46537897,0.2640139,0.42605892,0.49039412,0.22859105,-0.09858579,0.81072664,-0.53233415,-0.49565673,-0.54731107,0.79191756,0.33677906,0.37774044,-0.8672504,-0.17385726,-0.22590008,0.23509356,0.009529714,-0.6842482,-0.37175566,0.24145819,-0.04668248,-0.16835894,0.10089882,-0.08280299,-0.10945432,1.0277884,0.14767845,-0.36620396,0.5767095,0.23858637,0.28447577,0.7161202,0.15252353,-0.16127113,-0.08742435,-0.0024967194
O50202,-0.24088156,0.8350323,0.18030344,0.2187529,-0.49524143,0.065340355,-0.022744536,-0.71534157,0.39814246,-0.030326925,0.68730927,0.24418238,-0.3201814,0.58577615,0.19016281,-0.4833665,-0.054905154,-0.1616553,-0.0026860386,0.59889895,0.066447444,-0.08777809,0.31823793,-0.24948888,-0.035793323,0.27445704,-0.24055336,-0.18434684,0.44404092,0.18429402,-0.40083304,0.511299,0.012578927,0.34026578,-0.21346435,-0.5000435,-0.83252394,0.6511032,0.18679166,0.038051203,-0.6004506,-0.44660124,-0.024607338,-0.045696873,0.12003647,-0.62377906,-0.29512838,0.47512966,0.6464116,-0.35859156,0.30363998,-0.06370596,0.12266685,0.4283049,0.53881145,-0.22084683,0.62773174,-0.43773687,0.25460887,0.31920087,-0.6069963,-0.3189696,-0.7157773,0.18556426
Q59263,0.17114192,0.77079237,-0.013966204,0.06795867,-0.20632057,0.18263683,-0.07913764,-0.07810801,0.66121143,-0.4370742,0.8252568,0.4091964,-0.79941744,0.35909727,-0.60665834,-1.0174127,-0.053465303,0.031150177,0.0694318,0.68240905,0.530858,-0.17806427,0.7349678,-0.07692493,0.08178729,-0.29159883,-0.32827425,0.5444095,0.2648914,0.43205726,0.69643337,0.30956534,-0.21729532,0.9121521,-0.7863765,-0.57265973,-0.73226565,1.0641963,0.3196168,0.2704845,-0.93915516,-0.13991106,-0.39908957,0.1526736,-0.118863136,-0.8950848,-0.49157527,0.17863142,-0.14223786,-0.261693,0.07622945,0.15546748,0.035320375,1.3358328,0.17431526,-0.5423786,0.5200809,0.29540032,0.4114434,0.8664027,0.3066491,0.038246587,-0.14747268,-0.14354064
P14907,-0.48694196,0.907272,-0.024315506,0.10818494,-0.40177134,0.21861193,-0.22188675,-0.20109822,0.4717441,-0.54691213,0.8128342,0.30254164,-0.47303098,0.1909016,-0.25113484,-0.2344322,0.49483925,0.3117577,0.10694015,0.55386895,0.22605078,-0.09131423,0.6552601,-0.7254218,0.3847397,0.0529498,-0.34664243,-0.2992877,-0.21900089,0.28921214,0.25404397,0.8306403,-0.079874136,0.4665431,-0.4309502,-0.792982,-0.7753632,1.0910316,0.29947472,-0.31786707,-0.550727,-0.47960457,0.4772472,-0.5620582,-0.13186681,-0.91768324,-0.21409479,0.0056513194,0.68947464,-0.20162931,0.11867407,0.14588948,-0.08206479,1.3337964,0.095555745,-0.25897223,-0.15531226,-0.35906553,0.95156276,0.7574982,-0.13191818,-0.24321201,-0.6300591,-0.3191579
P0DJL7,-0.27137992,0.80913,0.10702658,0.18589239,-0.4680207,0.121037856,-0.083322406,-0.4823573,0.4211677,-0.24594352,0.7435526,0.21417627,-0.3754583,0.4588147,-0.009224273,-0.41222978,0.10969373,-0.12918684,0.07293111,0.589367,0.1110052,-0.14132583,0.46979615,-0.29587686,0.06244998,0.15046513,-0.26496536,-0.121563494,0.26103112,0.19584945,-0.10874373,0.5490491,-0.010408737,0.41576058,-0.28511313,-0.5482303,-0.84559935,0.78820527,0.24204466,-0.06295584,-0.6271321,-0.34190074,-0.009654395,-0.17688316,0.0181572,-0.77660364,-0.2547566,0.33238378,0.58454543,-0.37208307,0.2179493,0.029113825,0.14120743,0.75293165,0.38285074,-0.3401785,0.39174843,-0.33308136,0.46968043,0.40211827,-0.42431784,-0.15410183,-0.70031875,-0.016372005
P09591,-0.25233656,1.0608871,0.19048296,0.15387933,-0.6554387,0.10857869,-0.081792906,-0.8999826,0.48572466,0.041770652,0.7555276,0.4149464,-0.41079473,0.6744563,0.24958159,-0.5979618,-0.18967819,0.109234095,-0.103288226,0.8555789,0.10394333,-0.07436083,0.2018503,-0.34600806,-0.09835437,0.39235058,-0.3152874,-0.05322605,0.6188899,0.33972293,-0.48553208,0.56925595,-0.09320686,0.5417333,-0.1508159,-0.64851433,-0.89472944,0.72317326,0.26202866,0.09187116,-0.9081379,-0.5771764,0.053311188,0.15527952,0.079695225,-0.6790146,-0.406845,0.5560206,0.72774667,-0.28906655,0.44927356,-0.15776545,-0.079469845,0.51569045,0.5201926,-0.13057706,0.76904047,-0.48183268,0.23683971,0.5781649,-0.6378662,-0.56885254,-0.620139,0.39974326
O75792,-0.43189994,0.30798584,-0.22233635,0.14695008,-0.24416156,-0.029500071,0.33930713,-0.48546827,0.10790019,0.22886586,0.3777538,0.6620594,-0.088588774,0.27674618,0.15431854,-0.44820803,-0.5898242,0.61786807,-0.5364031,0.75555515,0.122072265,0.24849087,-0.02803809,0.07677305,0.04019658,0.0038879514,-0.480215,0.36185887,0.42489624,0.6811609,-0.08496776,0.005836333,0.32844657,0.71089363,0.086562596,-0.36477458,-0.03040266,0.118387595,0.4186423,0.76484907,-0.6678308,-0.46081093,0.029299349,0.47234982,0.32502362,-0.34332228,-0.32033035,0.50701684,0.025127038,0.087272346,0.28581086,-0.6701387,-0.46556547,0.20979041,0.022529412,0.09696477,1.0180519,0.1219482,-0.114262156,0.53856736,-0.31637442,-0.8292446,0.2266461,0.38971826
P41911,0.052332804,0.83332694,0.03485799,0.09113231,-0.2927241,0.21882075,-0.14925057,-0.11370832,0.65165186,-0.474206,0.84341234,0.34301063,-0.76103896,0.38275692,-0.5185027,-0.8557752,0.07137849,-0.04249037,0.12964725,0.67581564,0.42657185,-0.22688292,0.7719544,-0.17139488,0.1260968,-0.19693436,-0.3402213,0.34884343,0.18128742,0.35733497,0.54055476,0.40986186,-0.1881834,0.8108996,-0.7457267,-0.59918225,-0.8227831,1.0933533,0.31327507,0.1268079,-0.8846982,-0.20423262,-0.3169427,-0.007307075,-0.17358454,-0.93364364,-0.4590465,0.18787578,0.11231988,-0.30577904,0.11132574,0.18456185,0.09810111,1.3197825,0.19739376,-0.51884896,0.41678458,0.10177905,0.53777856,0.7962812,0.14956515,0.066244364,-0.3487963,-0.184844
P09913,-0.28099677,-0.7525403,-0.22165842,0.16691454,0.2800932,-0.14451112,0.44674793,0.14274791,-0.5413864,0.35616875,-0.14963824,0.070473544,0.46575037,-0.23931947,0.32203045,0.64670277,-0.31957063,-0.030161403,-0.44419324,-0.20053668,-0.26924872,0.13994655,-0.28805876,0.11719833,-0.06537674,-0.059764653,-0.016729914,0.06327686,0.008228296,-0.12305165,-0.079408884,-0.30569708,0.46890333,-0.14129658,0.28624496,0.044961706,0.35842463,-0.59082484,0.04512505,0.43682763,0.36939573,0.17151897,0.028804697,0.010767501,0.34271666,0.35870045,0.26817486,0.09383247,-0.26703912,0.011021387,-0.1887391,-0.34443134,-0.095935404,-0.55686885,-0.23103234,0.1400249,0.18735631,0.073606595,-0.07803395,-0.35776165,-0.19658305,-0.08659819,0.08866307,0.048692137
P00423,-0.68086326,0.26100796,0.057475105,0.1843156,-0.2834915,-0.15646562,0.21582407,-0.71752876,-0.17689316,0.36260197,0.22871871,0.14238238,0.23659304,0.24215695,0.8035418,0.37475783,-0.17579913,0.20572591,-0.42445105,0.3412075,-0.2965145,0.14212185,-0.26337692,-0.23402631,-0.020726513,0.5115429,-0.036303,-0.45393136,0.37289464,0.21286452,-0.7631453,0.2626175,0.29397324,-0.0631343,0.3584533,-0.23235965,-0.17938803,-0.028185306,0.11447501,0.21962619,0.041242577,-0.4691592,0.46406806,-0.14850265,0.34006897,-0.110027835,0.045360185,0.43864396,0.71655065,-0.013283387,0.2881651,-0.40508842,-0.24719606,-0.4606853,0.2976739,0.27430084,0.51111984,-0.67950225,0.024134278,-0.052810177,-0.8425906,-0.74240947,-0.519065,0.3210302
Q8TBC4,-0.55953354,0.562305,-0.033962086,0.16793911,-0.4230177,-0.06762395,0.26181883,-0.74667084,0.09077908,0.38277987,0.41033405,0.52818084,-0.0575134,0.45561084,0.4655045,-0.29612857,-0.48195297,0.50397813,-0.49232104,0.7906183,-0.049268946,0.16770153,-0.14236802,-0.045724817,-0.011156093,0.24830884,-0.4312622,0.08360627,0.5694748,0.56706667,-0.49989846,0.17989548,0.23844218,0.5255749,0.15691271,-0.40240112,-0.20553303,0.19084793,0.37244305,0.6078234,-0.6379427,-0.6428435,0.16232038,0.3437598,0.27135086,-0.3379096,-0.32482854,0.60829294,0.4272886,0.069636084,0.39312497,-0.60940474,-0.414399,-0.022791177,0.2103994,0.18070745,1.0290926,-0.26982224,-0.1304214,0.45497882,-0.64904773,-0.9505046,-0.101000205,0.46936136
O00182,-0.64696693,-0.23268291,-0.17056458,0.13153861,-0.06778149,-0.148923,0.38374338,-0.36405328,-0.44742873,0.45884004,-0.00013581663,0.2513546,0.46186692,0.0016519353,0.68396735,0.5837009,-0.35179138,0.44747925,-0.6281401,0.2376078,-0.3229102,0.24635243,-0.45121032,-0.12689346,-0.057974193,0.2965203,-0.10799453,-0.119660154,0.26156834,0.15801612,-0.40967676,-0.009201695,0.44193622,0.06650536,0.53475034,-0.18203124,0.27209264,-0.35747236,0.1898897,0.4456098,0.10521819,-0.2960258,0.43557268,0.0078461245,0.40790263,0.12956867,0.1648642,0.3158116,0.2509917,0.15822701,0.17304602,-0.58248955,-0.4659576,-0.5863711,-0.089526,0.3708665,0.39693898,-0.3533554,-0.015807107,-0.091046005,-0.58452094,-0.73821497,-0.06408058,0.30940947
P14902,-0.20892206,0.25052136,-0.27547616,0.1618465,-0.15667245,0.022888746,0.25435144,-0.22926413,0.22906123,-0.092936896,0.51628447,0.6138581,-0.28168374,0.2505029,-0.23431408,-0.5793347,-0.38361025,0.40649575,-0.31777012,0.67909706,0.2913711,0.1518022,0.29335403,0.13289052,0.07587412,-0.1844281,-0.4553268,0.46445438,0.30930284,0.59802556,0.3316254,0.0663068,0.29176944,0.76105785,-0.25033683,-0.49273193,-0.24342716,0.34525838,0.38636297,0.5829899,-0.6903028,-0.19498411,-0.14121097,0.3105551,0.2954832,-0.5189805,-0.32034656,0.3626223,-0.1973358,-0.11498709,0.1543569,-0.41419137,-0.22600353,0.7143786,0.03392828,-0.19257626,0.7898507,0.35464895,0.15054531,0.5375748,0.023483526,-0.38983753,0.12472932,0.08473166
P0A1D3,-0.17912114,1.1144487,0.23623614,0.14997898,-0.61560214,0.18666753,-0.21041438,-0.7360739,0.5970147,-0.23985103,0.870569,0.22882476,-0.5182506,0.6135858,0.05439427,-0.57743436,0.12913889,-0.21018809,0.13390347,0.6771214,0.15797244,-0.23267002,0.49441212,-0.43005925,-0.025603816,0.32389712,-0.26684982,-0.19938545,0.38415685,0.13248545,-0.3142263,0.71320057,-0.19426411,0.44102228,-0.32379848,-0.6085234,-1.0992672,0.9457879,0.1598595,-0.2213799,-0.8033792,-0.48390302,-0.018066384,-0.122303106,-0.10223907,-0.8441404,-0.32785407,0.389565,0.8331924,-0.43270153,0.3453275,0.13914658,0.16383106,0.7636094,0.5551576,-0.32034758,0.4464637,-0.5547874,0.4884642,0.5092678,-0.5855294,-0.21840736,-0.8667378,0.16082932
O95257,-0.93077123,-0.43420437,-0.17770667,0.1917125,-0.027743768,-0.12767272,0.4478076,-0.37168357,-0.6804616,0.61906326,-0.1305085,0.14415836,0.6554557,-0.04158584,1.0040325,1.0560364,-0.30968267,0.41717112,-0.6829854,0.14217487,-0.5332848,0.3293693,-0.6789569,-0.17027408,-0.008260906,0.448123,-0.03974142,-0.38912484,0.2540771,0.097755104,-0.7213789,-0.0300509,0.5682664,-0.18642874,0.7774834,-0.19442311,0.39195704,-0.65774965,0.0826941,0.33027086,0.41695738,-0.28328308,0.6368489,-0.16799021,0.5107461,0.3176191,0.33771056,0.28365853,0.38771358,0.114793465,0.19921976,-0.61967427,-0.52717483,-0.8931144,-0.10010533,0.5151433,0.33631545,-0.5197527,-0.05819092,-0.26033765,-0.8108753,-0.82589984,-0.16132903,0.40554714
P21266,-0.57241166,0.6106645,0.019234039,0.19542296,-0.45244423,-0.07233384,0.20011878,-0.7704715,0.10866344,0.2710531,0.45928335,0.42026463,-0.04378763,0.46305487,0.48723546,-0.20308264,-0.3333634,0.35006148,-0.38811558,0.7293048,-0.08157313,0.13311513,-0.07991457,-0.1466335,-0.022292297,0.32680437,-0.31985825,-0.07532808,0.5465903,0.45316154,-0.541609,0.29900765,0.21385472,0.38266155,0.14372185,-0.42803976,-0.36247548,0.2610784,0.31330416,0.41033378,-0.5391481,-0.5837524,0.21855175,0.14698088,0.27409017,-0.4080698,-0.24780276,0.57788205,0.55550486,-0.026234612,0.38144878,-0.49276963,-0.29122218,0.021116093,0.28825882,0.11182695,0.85343015,-0.39726233,0.011625193,0.35990927,-0.69804746,-0.82523215,-0.33334547,0.36530215
Q9BYE9,-0.23342791,-0.34754065,-0.053381503,0.13241836,0.017915074,-0.19453892,0.34955198,-0.3658589,-0.3851655,0.51090026,-0.028285243,0.069575176,0.36467785,0.0071171895,0.5911576,0.45677638,-0.45032933,-0.0001901798,-0.49521792,-0.031264793,-0.25208658,0.10729939,-0.45196342,0.03413798,-0.21189451,0.20269749,0.0155095905,-0.0014454946,0.2543309,-0.048564468,-0.4598208,-0.17996065,0.28875995,-0.07157026,0.29637742,0.05540754,0.19986874,-0.41754848,0.032361828,0.5045938,0.15614513,-0.07169694,0.10974258,0.19555077,0.28420043,0.34798872,0.15434113,0.27251938,0.094278395,0.07020483,0.0031055212,-0.37942362,-0.21648882,-0.7566031,0.05169263,0.25146008,0.45104778,-0.24861713,-0.2939945,-0.32997966,-0.48948467,-0.38336334,-0.042428523,0.36172602
Q8TBB1,-0.774006,-0.3405291,-0.29412052,0.21896985,0.032262214,-0.054042418,0.43643564,-0.1814314,-0.49020728,0.39988095,0.034325205,0.35568056,0.46274334,-0.06273518,0.54664284,0.59442765,-0.3325772,0.47900784,-0.64372146,0.2958465,-0.30820626,0.29030472,-0.3331452,-0.026324742,0.047804076,0.1235643,-0.2411882,-0.0146837495,0.18246016,0.24989545,-0.28861952,-0.052796025,0.5508255,0.13511331,0.48315588,-0.31945372,0.3040248,-0.43344513,0.24520028,0.46529204,0.0773766,-0.24967451,0.368034,-0.045001104,0.46118838,0.059740752,0.13232301,0.2724233,0.0734581,0.08631257,0.15235597,-0.6052033,-0.42556408,-0.36876404,-0.20130248,0.27114516,0.4660204,-0.14772893,0.05992275,-0.032585233,-0.514112,-0.6872599,0.05631663,0.24870455
K1MKZ7,0.21343938,0.71550053,-0.0098849395,0.070383176,-0.21254943,0.15099692,-0.043207526,-0.119213,0.63959664,-0.36870545,0.8084592,0.43181702,-0.7664587,0.40623894,-0.562029,-1.0426507,-0.119859114,0.03602788,0.036397472,0.67250335,0.5229443,-0.12762314,0.6666275,-0.038529262,0.046206187,-0.27710378,-0.3191877,0.55038536,0.32052878,0.44305593,0.6590854,0.27732158,-0.17368898,0.9075068,-0.75791484,-0.5478987,-0.698241,0.9843248,0.30209526,0.3134067,-0.9127851,-0.14157283,-0.41623014,0.21809044,-0.048744943,-0.8373836,-0.47647396,0.22651175,-0.16869177,-0.26297182,0.08769643,0.10355081,0.031055171,1.2339356,0.19819978,-0.5172946,0.5971555,0.32317257,0.33881664,0.81262434,0.28805292,-0.005596401,-0.13131878,-0.07390339
Q95017,-0.8019228,0.38211846,0.030791238,0.103550054,-0.43629858,-0.2453346,0.29164323,-0.9810993,-0.21374579,0.6411235,0.19055247,0.26201174,0.17091279,0.40792173,1.0400347,0.35168725,-0.30550346,0.55206484,-0.59365785,0.5727862,-0.3660276,0.17227647,-0.45174268,-0.18506071,-0.07313949,0.6179999,-0.2304015,-0.37809858,0.63035226,0.39988357,-0.9945133,0.25711548,0.2334373,0.055484395,0.42593965,-0.296255,-0.11572568,-0.05046463,0.18524985,0.3767854,-0.09538724,-0.75927085,0.5778773,0.09925216,0.36592406,-0.06897902,-0.0866855,0.5771696,0.84634423,0.21592082,0.50393367,-0.5844121,-0.51398987,-0.66468716,0.3610674,0.5140773,0.82512444,-0.78569525,-0.17139953,0.15865837,-0.9115561,-1.1237581,-0.39660692,0.5665242
Q15477,-0.5113604,-0.14386484,-0.4026551,0.1072706,-0.027336773,-0.053748686,0.5083729,-0.28443965,-0.14036585,0.34570968,0.16096425,0.7007824,0.13986292,0.02974987,0.21557398,-0.14111994,-0.66502786,0.78381884,-0.7291537,0.6345864,0.07788427,0.3829664,-0.23764005,0.16036808,0.035515394,-0.097145535,-0.4955865,0.48556522,0.2670959,0.6423364,-0.0061836876,-0.19670284,0.45774344,0.66343725,0.27774158,-0.2526326,0.35103378,-0.2435388,0.39929625,0.8926347,-0.51642925,-0.33188793,0.1290074,0.5099587,0.4257411,-0.021132693,-0.12828577,0.39848876,-0.23557289,0.2455981,0.20900908,-0.7810428,-0.6772409,-0.052009612,-0.23605278,0.25517285,0.931132,0.29710728,-0.20671788,0.44120693,-0.21945436,-0.87335527,0.55174524,0.43913257
P00374,-0.4213823,0.5440135,-0.07926265,0.16751863,-0.37969956,-0.031777713,0.2553501,-0.64228606,0.19985123,0.24557585,0.44998246,0.5908965,-0.1554528,0.4247573,0.24274707,-0.4943897,-0.54693294,0.48510686,-0.45100933,0.8032573,0.09199192,0.16902035,-0.020146733,-0.023773938,-0.002362337,0.12215239,-0.4271862,0.24530017,0.5429401,0.6252392,-0.2549676,0.13852592,0.23113021,0.66606385,0.041730247,-0.40158904,-0.22040763,0.26936573,0.41217253,0.66098636,-0.7049713,-0.5335914,0.03386095,0.41782594,0.24901998,-0.4254881,-0.36683372,0.5686626,0.23898798,0.031006992,0.33871302,-0.58058333,-0.36936936,0.19592212,0.16190612,0.07154059,1.0300523,-0.08789927,-0.09879481,0.5357889,-0.4619081,-0.8452149,-0.0070947185,0.42288285
O43464,-0.6243018,-0.6868373,-0.39709496,0.10772458,0.19706188,0.0312307,0.5394798,0.087057024,-0.551724,0.5126972,-0.15359046,0.4686656,0.52487427,-0.32680765,0.50489205,0.68458855,-0.5533131,0.7162501,-0.7984664,0.2823768,-0.18805724,0.41275704,-0.60421747,-0.08978486,0.043681648,-0.053443372,-0.23802514,0.40221187,0.0112853395,0.23332503,-0.024989586,-0.35364476,0.5176843,0.29305562,0.5481096,-0.22654241,0.7014165,-0.70511574,0.26883698,0.67362946,0.06794209,-0.04060435,0.48313648,0.21441293,0.43623003,0.41090763,0.3161087,0.06704173,-0.34929302,0.31081837,0.04995446,-0.7162088,-0.73684007,-0.44921613,-0.55367,0.41406298,0.38083488,0.20088772,-0.1411652,0.16794425,-0.17138977,-0.7255058,0.5485559,0.32120398
P01764,-0.5170766,-0.7767351,0.13514516,-0.04804918,-0.09819253,-0.21134831,0.26956552,-0.34156534,-0.7622302,0.8725252,-0.497347,-0.08590737,0.7336796,-0.27672803,1.1345935,1.3782184,-0.27238005,0.11598065,-0.53058654,-0.3142445,-0.6171953,0.2734758,-1.0696883,-0.3438292,-0.13793771,0.5508952,0.28187847,-0.48794517,0.0021077516,-0.40746665,-1.0237426,-0.19764364,0.4085131,-0.68916816,0.84776044,0.24629402,0.50810975,-1.085968,-0.12371918,0.12080604,0.7697368,-0.020697508,0.9215009,-0.0067664757,0.3137184,0.8328766,0.78618187,-0.001743352,0.4814492,0.16481562,-0.09907821,-0.4773032,-0.39799944,-1.4778044,-0.106195524,0.6660034,-0.12010911,-0.44636774,-0.46501923,-0.61467844,-0.74256235,-0.5478789,-0.19584996,0.49158436
Q9HD42,-0.6889179,0.4936919,0.19200425,0.2279478,-0.35707402,-0.13852024,0.096191466,-0.93558556,-0.05244488,0.3553852,0.3175243,0.046320632,0.12379968,0.37628883,0.92825806,0.32137626,-0.10148877,0.07733092,-0.27257976,0.29410756,-0.33154994,0.07380469,-0.15099227,-0.32605797,0.03432248,0.66727984,0.020478606,-0.76874727,0.41401058,0.2290895,-1.0188602,0.43414474,0.20487908,-0.22396119,0.24704105,-0.27070102,-0.4443975,0.13146539,0.045258388,0.03909394,0.14681807,-0.5995039,0.5206762,-0.28388512,0.296778,-0.21993594,-0.013639815,0.4946411,1.0457627,-0.08806513,0.35156232,-0.2816407,-0.071354255,-0.4530747,0.55127424,0.27520925,0.5325155,-0.96542114,0.08252902,-0.090483814,-0.99517596,-0.76129335,-0.8332686,0.3329882
P27797,-0.8041606,0.5799062,0.15752618,0.1680241,-0.42187086,-0.15857822,0.14797412,-1.0438372,-0.044797238,0.44062576,0.29868424,0.13222325,0.092635214,0.4004194,0.9944354,0.2879588,-0.1675309,0.35158858,-0.3952152,0.47109026,-0.29328382,0.11139387,-0.26369447,-0.34855995,0.027700616,0.7180737,-0.06809288,-0.64749664,0.5483097,0.36535457,-1.0463347,0.4419401,0.14504892,-0.098655775,0.30176362,-0.33882743,-0.3644434,0.120361894,0.10131365,0.1326122,-0.0070772255,-0.71663755,0.6764459,-0.11544474,0.3466464,-0.19030264,-0.04398606,0.50535357,1.0102708,0.045882836,0.46894357,-0.41003656,-0.29539368,-0.4339844,0.51157475,0.37623373,0.6210669,-0.93812305,-0.04507505,0.10704577,-0.96638894,-1.040576,-0.67322946,0.4166367
Q9K498,0.14580792,0.54439425,0.05093708,0.090716906,-0.20285587,0.07313096,-0.08712286,-0.11003285,0.45556012,-0.33113036,0.68616515,0.21615815,-0.57087916,0.3038905,-0.43602023,-0.66447085,0.036235042,-0.24118808,0.112124905,0.4152648,0.31286567,-0.19352011,0.5956592,-0.036066003,0.05738559,-0.21110988,-0.22623476,0.30405185,0.12220456,0.13581544,0.42689672,0.2415832,-0.16447532,0.52331114,-0.61410284,-0.35549897,-0.66923106,0.78601193,0.2176496,0.17451411,-0.67349356,-0.044969585,-0.36672086,0.041452147,-0.1253953,-0.653874,-0.3036111,0.14923869,0.032894712,-0.27687484,-0.055079624,0.1218314,0.21860778,0.959507,0.19431798,-0.4778206,0.3824721,0.14370021,0.32869968,0.47479212,0.10679029,0.18996413,-0.32078978,-0.17850998
O95319,-0.8021349,-0.13173693,-0.005100579,0.06866236,-0.25246122,-0.24417323,0.36911085,-0.75819343,-0.5230007,0.7796901,-0.09116097,0.14226134,0.4388311,0.17298871,1.2004082,0.85178673,-0.28073952,0.5080519,-0.6952209,0.3074419,-0.47298664,0.24976793,-0.7131346,-0.23773047,-0.10517079,0.6508776,-0.044737518,-0.42356786,0.4749422,0.15551576,-0.9601548,0.082669266,0.381296,-0.17490761,0.6572265,-0.16915354,0.21474874,-0.4527239,0.06079977,0.35409397,0.263449,-0.5273911,0.72152317,0.035296492,0.44455692,0.3028193,0.23139717,0.41482052,0.6890191,0.2343954,0.39764902,-0.6228461,-0.60957146,-1.0441442,0.20469595,0.65286875,0.5709658,-0.75406516,-0.22209758,-0.15373635,-0.8660048,-1.0177794,-0.28615636,0.602559
O09118,-0.52890444,-0.56846136,-0.25491214,0.040883303,-0.020417351,-0.19376323,0.5635428,-0.38737836,-0.6260142,0.8547829,-0.18104683,0.37806493,0.6141647,-0.010957412,0.906625,0.60928667,-0.7241961,0.6917249,-0.9022555,0.32769355,-0.3303684,0.41549248,-0.87471503,0.02874805,-0.24945873,0.22077277,-0.18001302,0.27920592,0.39619112,0.17217697,-0.4281648,-0.31108734,0.4738649,0.20948264,0.678589,-0.021097898,0.70999855,-0.7386139,0.20896704,0.8249069,-0.032041963,-0.2353447,0.3689957,0.4699157,0.46972415,0.55419326,0.24970129,0.40488753,-0.046510983,0.42609078,0.18379381,-0.84368384,-0.8426221,-1.0155377,-0.27267292,0.619424,0.7340251,-0.11989343,-0.4415663,-0.06830366,-0.5167046,-0.9531163,0.42863804,0.64246196
P45880,-0.6104044,0.10075409,0.14921279,0.13678966,-0.28104427,-0.23553315,0.22132564,-0.8295364,-0.2877297,0.5635364,0.08223079,0.007983282,0.2911229,0.22526976,1.0785524,0.63012964,-0.22546333,0.1091645,-0.46683592,0.13914427,-0.38964432,0.120186836,-0.4624248,-0.27601874,-0.084116384,0.67355824,0.09839882,-0.6014882,0.39135703,0.12750706,-1.0150623,0.17285174,0.2561251,-0.28307727,0.42493513,-0.062852345,-0.10279599,-0.21213426,-0.03777101,0.22894141,0.32171416,-0.4683074,0.5455189,-0.10271744,0.30138263,0.13724361,0.13773957,0.4216384,0.8664209,0.07199629,0.29162252,-0.39545903,-0.2569749,-0.88490856,0.3999258,0.45489335,0.50019014,-0.87425756,-0.14717239,-0.26331007,-0.92166567,-0.7441084,-0.5862145,0.47149423
O60381,-0.70326066,0.015001886,-0.3674083,0.1808224,-0.07256885,0.110918835,0.2687389,0.03484172,-0.05070206,-0.047020473,0.3497452,0.5832515,0.0530074,-0.01536404,-0.028278086,0.013530314,-0.15570325,0.5641509,-0.4496469,0.61131537,0.023192257,0.20025605,0.21523178,-0.008411452,0.27553138,-0.14684388,-0.47757876,0.22971483,0.06466608,0.5006364,0.20643106,0.15145078,0.46049288,0.5219037,0.054073624,-0.59458613,-0.008942708,0.06405096,0.45688942,0.36732426,-0.4024908,-0.22504659,0.24272329,-0.07169089,0.3456702,-0.48349482,-0.07353964,0.21591079,-0.0676095,-0.044005528,0.14720115,-0.463549,-0.30423918,0.584551,-0.23705427,-0.06827121,0.47878903,0.21867453,0.36858886,0.4312778,-0.13647166,-0.5026159,0.090619355,-0.07769611
P06312,-0.52769876,-0.77486885,0.15023786,-0.03405541,-0.09337737,-0.19864729,0.24382693,-0.31043234,-0.75974697,0.8486633,-0.50439435,-0.101448834,0.7300614,-0.29150397,1.1033403,1.3989787,-0.24450466,0.06608337,-0.50659084,-0.3433637,-0.6342159,0.2478613,-1.0307506,-0.3507007,-0.105179325,0.53206646,0.2764424,-0.5203359,-0.056958247,-0.44181973,-1.0199404,-0.19066215,0.4018942,-0.7191625,0.8230064,0.26479456,0.4939186,-1.079437,-0.11756661,0.087205425,0.803446,-0.012761246,0.9020392,-0.05997192,0.2783785,0.8197638,0.78038317,-0.027512124,0.51290756,0.15655594,-0.12276378,-0.45564228,-0.3517793,-1.4482763,-0.120913655,0.65907973,-0.16472258,-0.46470058,-0.43884963,-0.6286117,-0.7421116,-0.49745998,-0.2267068,0.4500657
P0A935,0.09136096,0.26786715,-0.3168617,0.06762551,-0.15355396,-0.06743371,0.36080986,-0.39147997,0.29898483,0.10380949,0.4343971,0.67156446,-0.33568236,0.2920417,-0.15703222,-0.8736865,-0.69854814,0.5447253,-0.45714158,0.6036074,0.41786432,0.22060132,0.06193105,0.15752086,-0.037224155,-0.23749219,-0.44151765,0.660488,0.44472936,0.7049293,0.27943173,-0.086868875,0.17929322,0.8685358,-0.21029817,-0.27919927,-0.059199125,0.26519614,0.35590777,0.89362735,-0.7584083,-0.26177648,-0.23979318,0.7632345,0.32135087,-0.3314597,-0.37795952,0.4374822,-0.36661896,0.09511301,0.17789361,-0.47522655,-0.45526302,0.38010353,0.123587266,-0.0788473,1.0800103,0.4690621,-0.2285797,0.64859015,0.073757246,-0.5846508,0.4609654,0.36792985
P0C8E7,-0.43361062,-0.91542697,-0.110703155,0.15262596,0.53280693,0.046478394,0.11641385,0.7749323,-0.5936141,-0.07580393,-0.30063653,-0.31477213,0.5209272,-0.68128145,0.03604914,1.1647124,0.46599722,-0.38944373,-0.043139257,-0.684319,-0.40201527,-0.07159195,0.092089735,-0.15723178,0.30485523,-0.28147697,0.13090494,-0.29492858,-0.73569274,-0.6204107,0.19489712,-0.18807538,0.35647148,-0.68359,0.11925747,0.079350114,0.23409176,-0.45304456,-0.03626225,-0.30103722,0.86797386,0.44367993,0.35061315,-0.74093664,0.03406182,0.20068873,0.61548775,-0.47262764,-0.12873669,-0.13389456,-0.5124194,0.071330145,0.2712091,-0.11906806,-0.41314027,-0.059534386,-0.83990175,0.022548482,0.40970927,-0.47083497,0.11060567,0.575122,-0.21577929,-0.6964025
O43572,-0.6281309,-0.057773612,-0.42900106,0.15357664,-0.051018316,0.03417938,0.37085816,-0.07071574,-0.064337865,0.037881047,0.30264115,0.6860826,0.062102206,0.015690155,-0.04919843,-0.12939155,-0.35978514,0.68880004,-0.5518295,0.67470574,0.068214685,0.2689799,0.13084099,0.1322973,0.18971351,-0.16032475,-0.5355824,0.3783106,0.16447042,0.6079924,0.2299418,0.009800951,0.49850923,0.6548726,0.12411443,-0.5026684,0.10898025,-0.032435246,0.45935374,0.5900729,-0.49461442,-0.27188626,0.14370073,0.18131715,0.40173072,-0.3890152,-0.14956859,0.30752838,-0.18764432,0.033054337,0.17077616,-0.63716507,-0.41836902,0.44553196,-0.25219363,0.025566246,0.6833643,0.3172086,0.20156574,0.46335286,-0.10844478,-0.641273,0.29449913,0.10200049
Q9H211,-0.8442346,-0.5660996,-0.41667092,0.13676834,0.114627585,-0.03427759,0.6336269,-0.11784561,-0.5490857,0.61614347,-0.111711666,0.56319976,0.5681373,-0.1546728,0.60533667,0.6083899,-0.6571509,0.856467,-0.9226244,0.49046388,-0.24777131,0.5135091,-0.64124787,-0.012097344,0.011492986,0.012268692,-0.38723183,0.3437735,0.19795622,0.40518203,-0.17632425,-0.29015473,0.6203603,0.39951232,0.6771629,-0.2497887,0.7235957,-0.7074399,0.34890407,0.732764,-0.054709718,-0.237426,0.46350178,0.26829267,0.5326945,0.31312025,0.2033665,0.2509407,-0.2039846,0.3408932,0.16966125,-0.8935677,-0.8309365,-0.5025402,-0.55001414,0.5277971,0.60827076,0.11838268,-0.17805976,0.23170194,-0.37803715,-1.0080898,0.53030866,0.48510438
Q9H0M0,-0.9558693,-0.020229138,-0.2108936,0.18363519,-0.15480772,-0.054717135,0.38064665,-0.43164316,-0.4028424,0.47135216,0.088133976,0.393652,0.41849682,0.09978037,0.69987667,0.54922765,-0.30411237,0.6416913,-0.67681354,0.47883657,-0.37047607,0.29579794,-0.39780614,-0.1405422,0.08610305,0.30105132,-0.29829127,-0.17402546,0.3293374,0.3520793,-0.5211198,0.12397342,0.5037813,0.16103439,0.56674206,-0.40905866,0.21491152,-0.296637,0.30508843,0.38432384,-0.02340913,-0.47920087,0.5565116,-0.065442465,0.46440867,-0.07015349,0.07432993,0.37039098,0.37022045,0.13014312,0.31440878,-0.6637692,-0.5516411,-0.37220013,-0.11409618,0.38255307,0.53413063,-0.37598568,0.06073807,0.12599511,-0.7178548,-0.9836825,-0.083553046,0.3454967
O42661,-0.89470124,-0.10083276,0.1964982,0.22497243,-0.21059065,-0.08207892,0.12304371,-0.63642186,-0.48053053,0.54650575,0.018551446,-0.12746006,0.40830994,0.055023156,1.1439352,1.1324346,-0.10767512,-0.02611246,-0.41826206,0.004936602,-0.57395595,0.14045988,-0.5089862,-0.42956832,0.109555274,0.7656331,0.14719862,-0.8749236,0.14412723,-0.0023308322,-1.1002426,0.19385453,0.3379201,-0.5829025,0.5081339,-0.07843441,-0.016233586,-0.39643613,-0.052699752,0.035728358,0.64055663,-0.37543517,0.7136775,-0.4543153,0.19639528,0.16332166,0.35533306,0.23914132,1.0344394,0.0038247257,0.17603448,-0.38557655,-0.15699449,-0.8472283,0.21888404,0.5116629,0.19282654,-0.98534137,0.058095776,-0.43638766,-1.0169181,-0.6027499,-0.73434776,0.32593435
Q92448,0.06701359,0.6253068,-0.08997893,0.11700483,-0.16659941,0.17410587,-0.04487148,0.014210703,0.5623296,-0.48454323,0.77975875,0.39641002,-0.6983167,0.30373,-0.59239995,-0.84778714,-0.012072377,0.0399217,0.06577793,0.6262087,0.4474815,-0.15978909,0.7622175,-0.03325562,0.14466086,-0.32610354,-0.3594482,0.44604912,0.16321096,0.41101778,0.69344175,0.3040166,-0.063615195,0.83200294,-0.7466554,-0.5940436,-0.6913569,0.95994604,0.34314412,0.2272942,-0.81490654,-0.09271115,-0.3700748,0.03585159,-0.057483044,-0.8717847,-0.4568353,0.17595473,-0.12327372,-0.29152018,0.050525904,0.108363464,0.10546285,1.3482326,0.11344093,-0.5447688,0.44011724,0.2900864,0.5091695,0.74387455,0.28288537,0.111129954,-0.19606026,-0.25314867
P08621,-1.0343385,-0.16111542,0.036604866,0.15594922,-0.18086581,-0.10114509,0.27666482,-0.6115433,-0.5620474,0.61629325,-0.12980662,0.014011711,0.47391897,0.0009944066,1.1607089,1.1489329,-0.15174879,0.3554262,-0.5644642,0.18109599,-0.54269975,0.23656857,-0.65756774,-0.4252035,0.10120846,0.7344322,0.057464406,-0.70099604,0.27426368,0.098125875,-0.9968622,0.17857355,0.4253276,-0.40600553,0.7104249,-0.21830405,0.17693624,-0.49070826,0.03982947,0.11650935,0.5400042,-0.41738588,0.93158305,-0.3367715,0.39355567,0.25244993,0.40079042,0.21412893,0.79940695,0.09492014,0.28788343,-0.51681525,-0.48827314,-0.8924132,0.120334886,0.6035604,0.20306233,-0.85849696,-0.016825035,-0.21140465,-0.9484027,-0.91508806,-0.48313963,0.409895
P61077,-0.7556789,0.48958436,0.068154246,0.0909187,-0.47288176,-0.25478914,0.26696086,-1.0813026,-0.12112142,0.6349886,0.23052862,0.24765465,0.09989838,0.45964608,1.0574859,0.26687574,-0.3094142,0.5390966,-0.5683774,0.5958166,-0.32212585,0.12678576,-0.41163623,-0.21662448,-0.09426661,0.6692468,-0.23479556,-0.3950592,0.6855144,0.4277553,-1.0697577,0.29145947,0.14640847,0.05373193,0.3576661,-0.30485764,-0.21518096,0.03791395,0.1650731,0.3638156,-0.1432268,-0.81414074,0.58775914,0.15644976,0.34498206,-0.09323252,-0.13841608,0.6044708,0.92348844,0.22406842,0.5500535,-0.5466556,-0.4788715,-0.649532,0.4563441,0.52264017,0.86764276,-0.84289795,-0.19854692,0.21166922,-0.9045981,-1.1409853,-0.44180077,0.5850626
P19087,-0.5075511,0.6774684,0.04392014,0.1935136,-0.4686366,-0.06424327,0.20607239,-0.85614264,0.1580019,0.3700762,0.44918978,0.45863384,-0.11578143,0.54129356,0.51103586,-0.33128327,-0.4076082,0.3531001,-0.39677477,0.7675531,-0.05605063,0.09953728,-0.091261715,-0.09174594,-0.05028666,0.32674998,-0.38354784,-0.03581168,0.6182287,0.49372858,-0.6480617,0.27205926,0.18979973,0.4181955,0.07667708,-0.43557382,-0.39303964,0.27784577,0.31323603,0.48891878,-0.62281376,-0.66173327,0.16029486,0.26918006,0.2584079,-0.3591656,-0.34016824,0.64570385,0.5605486,-0.010981254,0.42666718,-0.48734808,-0.3075718,-0.04676582,0.38233137,0.14904058,1.0166103,-0.3994404,-0.10475429,0.41142505,-0.7251283,-0.8760109,-0.28411496,0.45432723
P11325,0.048043102,0.8329156,0.031283483,0.06981379,-0.33719033,0.2116199,-0.11196566,-0.20146269,0.6690983,-0.40034196,0.8261453,0.41843984,-0.75413084,0.41792634,-0.46840402,-0.9154301,-0.048817977,0.0692438,0.052702814,0.761619,0.45686674,-0.16618998,0.676783,-0.1815047,0.06936054,-0.14404164,-0.34374934,0.41567758,0.29469842,0.45581162,0.49378762,0.3867362,-0.1711494,0.89740205,-0.67618746,-0.60958534,-0.76512045,1.050183,0.34518144,0.2301305,-0.9562159,-0.24394761,-0.27496743,0.12076455,-0.11673036,-0.9159615,-0.4792141,0.23788378,0.07141159,-0.2641458,0.16304547,0.11478661,-0.013557728,1.2637832,0.19730486,-0.4538844,0.517121,0.13473313,0.44003576,0.8435299,0.14282854,-0.075013876,-0.26018935,-0.07961367
Q9NRI5,-0.6612061,-0.8592467,-0.6597977,0.11683905,0.34895492,0.06308252,0.64664936,0.4044225,-0.4596452,0.25649297,-0.13315623,0.65291667,0.45683673,-0.45748898,0.09573412,0.43529612,-0.48922646,0.89130116,-0.7832011,0.4035105,0.026191697,0.44834524,-0.30587786,0.09016015,0.19241041,-0.39008537,-0.46749467,0.676418,-0.13231882,0.39822066,0.41841972,-0.35524914,0.60300845,0.55828875,0.4152988,-0.31186914,0.7754591,-0.6716622,0.38209692,0.74547195,-0.08221901,0.024299536,0.38662404,0.26324365,0.49756905,0.24104746,0.2770746,-0.019998183,-0.7133988,0.30514312,-0.0060814023,-0.7480328,-0.76596755,-0.046973407,-0.7058276,0.2794513,0.427298,0.62183374,-0.0015100017,0.3822146,0.1716441,-0.6474372,0.8549424,0.16734973
P18708,-0.48430428,0.47217205,-0.030475602,0.18183887,-0.39049384,-0.13568503,0.300933,-0.79190326,0.019646857,0.43235007,0.3693487,0.46634373,-0.02493307,0.44659546,0.5694387,-0.21535735,-0.4847565,0.3955917,-0.47755146,0.6726339,-0.09275998,0.14344794,-0.18587834,-0.00994198,-0.095084935,0.29545692,-0.35359603,0.011476811,0.5797775,0.48013932,-0.6103963,0.15923068,0.26972708,0.39813367,0.14309338,-0.34124416,-0.22267307,0.10814834,0.27349848,0.5836543,-0.50422984,-0.59989434,0.13110009,0.2972176,0.30028462,-0.2139859,-0.29818082,0.64057964,0.45233944,0.05991243,0.3795028,-0.5336199,-0.36987686,-0.21424498,0.30525318,0.20671287,1.0349241,-0.34777462,-0.16038713,0.3137084,-0.70330465,-0.86147493,-0.17022735,0.48749888
O81862,-0.08238323,0.319657,-0.117319,0.14369583,-0.18763818,0.0020974344,0.13986252,-0.22585292,0.23039381,-0.09898356,0.5358244,0.4291757,-0.30492306,0.25883362,-0.16719809,-0.5127777,-0.2562051,0.15814158,-0.19088568,0.5326181,0.23828073,0.04648664,0.29634887,0.019993529,0.02608407,-0.11109145,-0.282251,0.34800035,0.2611148,0.35794875,0.27284837,0.13130462,0.13295889,0.58772475,-0.30790168,-0.3892065,-0.36544186,0.4133739,0.28566667,0.44011694,-0.59044105,-0.14975972,-0.16751352,0.19325554,0.1758194,-0.46738017,-0.24827829,0.30814174,-0.04792932,-0.14485061,0.08003488,-0.24271095,-0.09173516,0.6237081,0.10656656,-0.24313751,0.6211056,0.18951435,0.17710772,0.43206805,-0.03141521,-0.22471029,-0.06734898,0.037296623
B7GTK2,0.15875691,0.93393326,0.16365327,0.07291555,-0.3313274,0.21252564,-0.2031337,-0.19239205,0.7137783,-0.4239045,0.89980084,0.28957176,-0.83573794,0.4666005,-0.51088566,-0.94366735,0.09781062,-0.21954921,0.17412198,0.6451278,0.45388037,-0.29137796,0.76313186,-0.16203955,0.07817185,-0.14335799,-0.30716518,0.33654594,0.24415435,0.25125116,0.46381286,0.43381315,-0.33682302,0.77706367,-0.80137587,-0.53319633,-0.9034648,1.1331784,0.2350395,0.09643604,-0.93394893,-0.24036978,-0.4061666,0.042378075,-0.26369908,-0.90374327,-0.45128164,0.18638067,0.17083181,-0.3381458,0.113449305,0.26289,0.17556033,1.2429422,0.28785464,-0.53815067,0.47675407,0.039034396,0.4513965,0.7636829,0.075336024,0.08958349,-0.42137516,-0.11013153
P01139,-0.69318736,-0.9863863,-0.22815125,0.12819421,0.21553741,-0.13054815,0.49708775,-0.028429283,-0.9092631,0.7693621,-0.50333726,0.08189069,0.8588009,-0.35591912,0.9686225,1.2606308,-0.41954088,0.40518066,-0.7080874,-0.22490932,-0.5792877,0.4059441,-0.91609275,-0.12953785,-0.076299325,0.2012957,0.107181,-0.21545918,0.033383068,-0.1575311,-0.58341247,-0.35218328,0.66804284,-0.40128574,0.8490267,0.0279667,0.7484615,-1.0755621,0.049737103,0.35830477,0.7140787,0.046898473,0.67291236,-0.01772619,0.5526963,0.7342621,0.57139635,0.08374282,-0.016851649,0.19027443,-0.06260353,-0.6320069,-0.53215724,-1.1453152,-0.28469133,0.5432086,0.07563877,-0.20844053,-0.3034511,-0.4761768,-0.53820765,-0.5746717,0.1498813,0.3206458
Q13387,-0.72274077,-0.4243051,-0.58949095,0.09311365,0.14830486,0.11201763,0.4657017,0.28594384,-0.18536705,0.032966517,0.09617397,0.72224176,0.22959879,-0.2843166,-0.094079345,0.11203929,-0.34409487,0.8692444,-0.6905249,0.6109678,0.0887465,0.3279935,-0.0017162021,0.08248973,0.29815182,-0.32224476,-0.5692135,0.5581823,-0.075610146,0.5466987,0.43757507,-0.09596333,0.53017527,0.6731855,0.24208039,-0.49902856,0.46781045,-0.27593237,0.5154947,0.596286,-0.34626967,-0.11732836,0.35803646,0.14388746,0.44060978,-0.1869143,0.07476117,0.073028766,-0.4826316,0.17545746,0.09241371,-0.6422919,-0.624745,0.38304096,-0.55275124,0.1201855,0.47092378,0.53474325,0.19464657,0.5396916,0.12833534,-0.64238036,0.6279074,0.027171755
P11124,0.40475217,0.44996288,-0.20610425,0.08768284,0.16253307,0.14764751,-0.048696846,0.33391184,0.5207588,-0.5480781,0.67587745,0.39162365,-0.6927139,0.08232049,-0.9344763,-1.039166,0.03240504,0.015859615,0.15115225,0.3878966,0.550982,-0.21197975,0.8726112,0.16110834,0.15528531,-0.70619655,-0.33024597,0.68658596,-0.0369729,0.28492555,1.0857811,0.12011486,-0.17189252,0.8014996,-0.9335335,-0.47508538,-0.5692699,0.9613097,0.35327393,0.28773618,-0.83118314,0.16971686,-0.6120021,0.10504798,-0.11474468,-0.7690387,-0.46012184,0.005478354,-0.59854895,-0.2558671,-0.15375805,0.22287789,0.18071507,1.4729232,-0.011744869,-0.70619595,0.34970742,0.64281064,0.50341403,0.77666974,0.66385865,0.4233705,0.10441576,-0.44425297
O60678,-0.62732124,0.3754578,-0.11932348,0.1696072,-0.33313012,-0.071580455,0.32737684,-0.61805105,-0.015011299,0.38059825,0.35090256,0.5593368,0.03851512,0.35845134,0.44473562,-0.17215616,-0.483318,0.5653103,-0.5564362,0.744616,-0.07984465,0.22256067,-0.16574794,0.0027330965,0.01789916,0.1810143,-0.44656646,0.116628036,0.49511957,0.56918156,-0.40800717,0.10815438,0.3350528,0.5199168,0.2294631,-0.3859719,-0.06308677,0.056907892,0.37654793,0.641649,-0.5585441,-0.58747923,0.17560507,0.31332287,0.3152413,-0.28719378,-0.26647386,0.5655055,0.3118101,0.101075366,0.35231528,-0.66736734,-0.45144695,-0.0443127,0.077803746,0.20477307,0.97687364,-0.18274389,-0.10145337,0.40211993,-0.6029237,-0.93837076,-3.6135316e-06,0.43284553
O18334,-0.68576217,0.4663224,0.07102762,0.10416198,-0.46791175,-0.25250202,0.26665732,-1.0554457,-0.11737023,0.61949533,0.23436342,0.2510337,0.09570445,0.4373215,1.01338,0.2249023,-0.32306826,0.46324682,-0.5519091,0.5580926,-0.2889685,0.12230791,-0.40226397,-0.196812,-0.116429314,0.63697004,-0.20813243,-0.36552182,0.65036285,0.38899884,-1.0267248,0.27862093,0.1680013,0.058232363,0.3354945,-0.27501798,-0.21476598,0.027333738,0.15478766,0.38157058,-0.15372342,-0.757119,0.52836716,0.15498084,0.3211163,-0.069601215,-0.13865438,0.59889406,0.87406206,0.19843458,0.5000193,-0.51724595,-0.45110717,-0.6477817,0.46418753,0.47307935,0.86539817,-0.81259924,-0.21074626,0.1648288,-0.89777577,-1.0828483,-0.4381847,0.5687885
O94906,-0.7544576,0.26956093,0.018536702,0.097728685,-0.39492452,-0.25938034,0.31504327,-0.9105318,-0.27219296,0.6599619,0.1428888,0.26169077,0.22547954,0.3559342,1.0331925,0.40611464,-0.3044246,0.52519757,-0.61837417,0.49765828,-0.37104923,0.18338408,-0.4810735,-0.16533193,-0.08862327,0.5863514,-0.1932714,-0.37498736,0.5805879,0.33265352,-0.9386218,0.22511339,0.2917949,0.03733621,0.4501274,-0.2621755,-0.040324315,-0.12584612,0.16050917,0.379447,-0.023875112,-0.7004067,0.56046903,0.086316995,0.37389874,-0.005122043,-0.047271453,0.55345076,0.7838722,0.21252526,0.463137,-0.57879263,-0.5124419,-0.7317928,0.33546844,0.51511353,0.78925025,-0.76323503,-0.17236942,0.062908456,-0.8946599,-1.0799949,-0.37475696,0.558681
P01709,-0.54045033,-0.7759551,0.13848166,-0.042834222,-0.09915587,-0.20648225,0.26241183,-0.32248807,-0.76512456,0.85875344,-0.5023821,-0.08566925,0.7334947,-0.28632703,1.1250274,1.3964721,-0.25720295,0.1089644,-0.52290744,-0.31760758,-0.62653464,0.26382446,-1.0537163,-0.35206932,-0.116036385,0.54914033,0.27440387,-0.51329666,-0.025245698,-0.4168099,-1.020934,-0.18708119,0.4165897,-0.70012003,0.8449323,0.24313802,0.5037274,-1.0854506,-0.11983187,0.100972034,0.78779197,-0.021822017,0.92813635,-0.040746056,0.30400407,0.822412,0.7842747,-0.011840163,0.50234973,0.16085473,-0.10960975,-0.4716897,-0.38300207,-1.456217,-0.118233025,0.66743964,-0.14788423,-0.4585532,-0.4422508,-0.6133678,-0.7446415,-0.5338979,-0.21239796,0.4670443
Q6HEJ4,-0.19355811,1.0372294,0.1251829,0.091471285,-0.6028565,0.20315254,-0.1828106,-0.60407436,0.5726848,-0.22118208,0.8358395,0.41461506,-0.54948074,0.54530615,-0.07307115,-0.63965786,-0.013844438,0.13653034,-0.0142882615,0.85851616,0.25714678,-0.12531473,0.4044582,-0.37745205,0.014203738,0.21274766,-0.3538674,0.08861381,0.37913677,0.37277892,-0.029187243,0.5711048,-0.14965618,0.721476,-0.34735572,-0.66944915,-0.8584614,0.95801693,0.33996683,0.054363675,-0.9793459,-0.46819866,0.022804469,0.04355755,-0.077049375,-0.8606551,-0.37220773,0.3630585,0.58469266,-0.27024662,0.34741157,-0.030641202,-0.11503944,0.94804263,0.3369749,-0.26389325,0.52722234,-0.29173118,0.45035535,0.71845067,-0.31634146,-0.37240502,-0.52545667,0.1597873
O94806,-0.7575828,-0.010274999,-0.21498604,0.12996481,-0.21101607,-0.17227179,0.46901453,-0.5614073,-0.36615852,0.63935393,0.09978396,0.49097744,0.32541674,0.2039465,0.72617674,0.270934,-0.55035573,0.71659434,-0.7641947,0.592513,-0.28451335,0.3199013,-0.48268974,0.04504323,-0.06430316,0.24144524,-0.38403094,0.061167356,0.4777577,0.44665444,-0.5245869,-0.02741656,0.46997404,0.3615238,0.4953353,-0.25709552,0.3017791,-0.30703413,0.32967687,0.6941623,-0.2600909,-0.5535742,0.31652352,0.29164493,0.41049585,0.041970596,-0.08171899,0.53847104,0.2767007,0.2750079,0.33453074,-0.7862896,-0.6578045,-0.53456056,-0.06998293,0.45411995,0.90434265,-0.2685566,-0.21004388,0.19448231,-0.66817594,-1.0488273,0.13724959,0.54249465
P19338,-0.9091042,-0.28463024,0.12006956,0.06659621,-0.18496814,-0.054015215,0.16530266,-0.4258933,-0.5941313,0.6073411,-0.25091136,-0.07542378,0.5211853,-0.22196203,1.1274699,1.3508837,-0.100871764,0.18163657,-0.49494386,-0.01953793,-0.55000836,0.15398675,-0.738647,-0.59571004,0.090126306,0.7422253,0.16636615,-0.6654402,0.02025604,-0.13555925,-0.9471436,0.056483004,0.32896206,-0.602635,0.7442591,-0.03649886,0.21753392,-0.5694942,-0.018759519,-0.0053399056,0.651025,-0.21393995,1.0094036,-0.3734842,0.16512603,0.36873168,0.5548719,0.03870718,0.84548086,0.12342776,0.09421846,-0.43731266,-0.44111875,-0.9580643,-0.021987636,0.5970465,-0.14605854,-0.82145965,0.023314852,-0.24917075,-0.86119646,-0.63998204,-0.5157776,0.27638102
P18433,-0.8115916,-0.1913345,-0.32480082,0.15473515,-0.05269606,-0.037385497,0.4837849,-0.29455227,-0.37994528,0.5056878,0.058529682,0.5585424,0.36633068,0.027052753,0.5291382,0.3236788,-0.5258005,0.781117,-0.77813876,0.5741608,-0.21990694,0.37107298,-0.4081419,0.021156907,0.061752427,0.08884831,-0.4200123,0.19619605,0.29473677,0.47727376,-0.27623418,-0.10233219,0.5419092,0.4200424,0.49718288,-0.3346568,0.4076974,-0.39344612,0.37527135,0.6821981,-0.21875714,-0.41372886,0.3669529,0.23647374,0.45379582,0.042269006,0.009527944,0.38642797,0.04308114,0.23879303,0.261986,-0.81065845,-0.67065156,-0.30905008,-0.28623357,0.39308542,0.74004364,-0.03358542,-0.09861056,0.2725788,-0.4802202,-0.9805511,0.30644438,0.4258158
P0AC13,0.035091236,0.6465991,-0.0458183,0.10361291,-0.35553387,0.07579861,0.1067103,-0.49545708,0.47422585,-0.023668021,0.65759766,0.567852,-0.51500916,0.4894581,-0.16282125,-0.89341336,-0.47452372,0.2624528,-0.23255575,0.7736085,0.38055068,0.06684404,0.23999244,-0.041986495,-0.049173806,-0.03725548,-0.35266858,0.48604196,0.5210724,0.5684048,0.1709668,0.16650814,0.0076994,0.8693691,-0.35595423,-0.4796276,-0.46286523,0.6088085,0.3473591,0.55726373,-0.8784431,-0.30690184,-0.23938012,0.488796,0.15443532,-0.5702102,-0.4453657,0.4330733,-0.017411176,-0.13745637,0.25117293,-0.2725588,-0.2064948,0.69607675,0.25498992,-0.21723208,0.93696606,0.18543334,0.0010273829,0.7054402,-0.061550274,-0.45978266,-0.020392269,0.31860906
A8MT69,-0.9783273,-0.33537087,0.019694656,0.22714104,-0.07596944,-0.081838466,0.269551,-0.43365195,-0.6226915,0.52504796,-0.11324771,-0.052262023,0.57196426,-0.057387687,1.0678287,1.2363216,-0.123996794,0.118807055,-0.51615536,0.0049476437,-0.60932916,0.2119877,-0.56231177,-0.32433042,0.10731244,0.6121204,0.10557589,-0.7359316,0.113395214,-0.032355726,-0.93513566,0.124391526,0.5029182,-0.48772714,0.6863292,-0.12340814,0.17412862,-0.5665464,0.008409344,0.07378582,0.67315274,-0.26918888,0.7295209,-0.4620323,0.3679364,0.25860596,0.42575976,0.19300596,0.7426429,-0.008624539,0.15613744,-0.4334102,-0.28106964,-0.90171015,0.048670877,0.50862306,0.12529573,-0.8001778,0.067643754,-0.4274429,-0.9636867,-0.64947754,-0.53585815,0.31110305
A6NED2,-0.48841503,-0.5370868,-0.41056973,0.12644637,0.12400553,-0.11224421,0.6131991,-0.19013762,-0.4407027,0.5532495,-0.043601573,0.5540965,0.40779722,-0.096822016,0.46408746,0.28852615,-0.717019,0.6878421,-0.8215307,0.4082708,-0.082363635,0.42564753,-0.5054179,0.165023,-0.104702845,-0.04067588,-0.30699062,0.469962,0.25192776,0.40329552,-0.08508447,-0.35025966,0.5339748,0.44332138,0.44172987,-0.11767325,0.590185,-0.5980499,0.26720887,0.9028149,-0.19876498,-0.15067764,0.16713388,0.46134505,0.47353736,0.35188687,0.07231395,0.33817038,-0.33774787,0.30705982,0.12412381,-0.79900116,-0.698866,-0.5010183,-0.3504369,0.38832238,0.79602015,0.22188081,-0.3074309,0.14275815,-0.2644037,-0.8179924,0.569305,0.49553233
P13743,-0.2608834,0.8184079,0.111473605,0.18266784,-0.515087,0.035772566,0.05114498,-0.7696106,0.35026354,0.108127534,0.6338738,0.42156684,-0.3165194,0.5795308,0.22762887,-0.5491891,-0.30322474,0.13645759,-0.19276057,0.76881444,0.10197848,0.007655101,0.13439985,-0.18848664,-0.073224455,0.26673725,-0.2972107,0.057961535,0.56643736,0.38531873,-0.36309117,0.37942642,0.039228268,0.5398126,-0.14033064,-0.5117589,-0.64086664,0.5478505,0.28614312,0.31810606,-0.75204605,-0.50241303,0.0005313903,0.20820841,0.15465872,-0.5448213,-0.36644587,0.53848106,0.5028497,-0.1977918,0.35954896,-0.27943075,-0.12940222,0.36416876,0.4155809,-0.098029055,0.846137,-0.30421257,0.08160536,0.48084718,-0.5487696,-0.58273864,-0.42451575,0.36328125
P0DOB5,0.232853,0.7980974,0.08584951,0.08409466,-0.17787488,0.19064093,-0.17814457,0.01076402,0.6894787,-0.5263928,0.8499428,0.25512883,-0.8402435,0.3551236,-0.6765,-0.9658051,0.124842264,-0.24620068,0.2108694,0.5367401,0.4727806,-0.31022277,0.88626164,-0.06297743,0.14223781,-0.32749316,-0.30193022,0.41858557,0.107062355,0.24233866,0.68974775,0.3461022,-0.30606794,0.75864273,-0.9008952,-0.4823034,-0.84708273,1.141258,0.26109457,0.123161,-0.8534031,-0.10845512,-0.5099044,-0.008259587,-0.25778595,-0.90692776,-0.47743836,0.11181631,-0.023394525,-0.3321628,-0.00634712,0.30052838,0.26364842,1.3590608,0.20651433,-0.6182659,0.38505638,0.19483283,0.5030754,0.7427268,0.2656278,0.27467135,-0.32774192,-0.27425253
P40429,-0.6865752,0.2965093,0.23515606,0.23261093,-0.2939635,-0.14873758,0.09703978,-0.88000524,-0.18598424,0.446671,0.23457173,-0.08906999,0.20718956,0.2741247,1.0897651,0.62347656,-0.14037925,-0.053917296,-0.32750303,0.10685705,-0.4320141,0.070891425,-0.30276,-0.34949678,0.029439222,0.7343242,0.13119797,-0.8376293,0.34326977,0.15334423,-1.1334677,0.30127496,0.19914037,-0.3936633,0.3101863,-0.14008293,-0.32914492,-0.05139184,-0.061265014,0.068487786,0.39913362,-0.5110421,0.5231986,-0.32320464,0.22479713,-0.053838044,0.090650074,0.4238132,1.096708,-0.050173342,0.28380585,-0.28637984,-0.03672799,-0.69065887,0.49277934,0.35951924,0.45744336,-1.0458757,0.012553308,-0.29491925,-1.0369387,-0.63244593,-0.83908015,0.38178936
P00734,-0.68686795,-0.8712816,-0.15753679,0.1348935,0.18218686,-0.12846068,0.42659733,-0.06612667,-0.83571523,0.6636175,-0.44727492,0.0073382705,0.8191728,-0.34576395,0.9196985,1.2735553,-0.33221313,0.26201954,-0.6245308,-0.2728067,-0.5828223,0.3073234,-0.8240006,-0.18615374,-0.044207025,0.27122748,0.13743986,-0.32571688,-0.010908115,-0.22657569,-0.6199557,-0.24685398,0.5807887,-0.44918612,0.80774003,0.043101877,0.63185763,-0.9692259,0.012072422,0.2559463,0.75169605,0.017551359,0.68307155,-0.12835342,0.460467,0.6462669,0.5745807,0.035032332,0.12304699,0.1449856,-0.07464699,-0.52232033,-0.4192654,-1.1119921,-0.23307742,0.5101357,-0.038645595,-0.337421,-0.22096083,-0.5253413,-0.60131323,-0.5178126,0.0019859746,0.27983207
O75368,-0.7758447,0.6389518,0.033935227,0.15708646,-0.5006427,-0.1296668,0.22214079,-0.90317684,0.013824873,0.44731346,0.36891085,0.3902445,0.05977775,0.5116476,0.7279483,-0.021535382,-0.31881836,0.5165455,-0.4821359,0.745738,-0.23396088,0.16189888,-0.22322145,-0.16751784,0.008483302,0.46340415,-0.36752808,-0.2557483,0.62124187,0.4864961,-0.7852073,0.34706363,0.2151292,0.2840833,0.30730775,-0.42467755,-0.27857274,0.17884383,0.32416582,0.3736174,-0.43809387,-0.7636077,0.41824976,0.12331226,0.32318914,-0.3602978,-0.22976899,0.6187582,0.75224,0.09204131,0.47028747,-0.58379215,-0.4092573,-0.21670933,0.30200037,0.3010576,0.87094676,-0.59955424,-0.049980104,0.35813484,-0.85737836,-1.0925914,-0.381374,0.44431913
D9IL10,-0.14355633,1.174899,0.18837254,0.09184295,-0.6315144,0.2784228,-0.26384214,-0.64391345,0.6691795,-0.27924913,0.91086775,0.38952503,-0.6607376,0.5994254,-0.11953473,-0.7054523,0.06547696,0.0015568212,0.056443393,0.83731467,0.2868995,-0.23103659,0.51820475,-0.42677984,-0.01874647,0.24068111,-0.36257064,0.054527666,0.4075956,0.30438197,-0.09963001,0.659416,-0.25830665,0.71775883,-0.44937706,-0.71449006,-1.0220149,1.068375,0.26568907,-0.060088113,-1.0440677,-0.5108772,-0.048660375,0.024496362,-0.19868118,-0.9239756,-0.41951057,0.35007656,0.6741121,-0.3359238,0.38647875,0.11633089,-0.03876872,1.0265454,0.41226134,-0.31317195,0.50229377,-0.39287782,0.50544316,0.7541891,-0.37472636,-0.29941842,-0.63251275,0.16591516
O95390,-0.5702199,-0.88436264,-0.42872453,0.087556064,0.23615435,-0.09473144,0.6673503,-0.060616955,-0.7101319,0.7680708,-0.2937923,0.49833268,0.6577615,-0.25606441,0.69017255,0.6616389,-0.791424,0.8276062,-0.9416118,0.3034352,-0.25377387,0.53498185,-0.8245069,0.091858596,-0.14793602,-0.0049669147,-0.21367708,0.48082253,0.1908163,0.25765535,-0.12888463,-0.5049949,0.62781537,0.2851272,0.67987156,-0.05490378,0.8943281,-0.92600954,0.25815704,0.8917236,0.061116703,-0.05257089,0.379442,0.44311154,0.56432456,0.6581748,0.31028485,0.25449502,-0.42592895,0.41130197,0.05653256,-0.91253,-0.8860075,-0.81963634,-0.5381782,0.5879598,0.6163411,0.22903126,-0.38053846,0.049851246,-0.25565746,-0.8855462,0.70030504,0.53653127
O94649,-0.17506418,0.20761156,-0.2830981,0.1637371,-0.046323974,0.1106488,0.11871536,0.14662535,0.25150624,-0.38346207,0.5808212,0.4832808,-0.3860221,0.1089002,-0.50421715,-0.4788025,-0.051701717,0.22116593,-0.088484235,0.5498433,0.3060373,-0.025351757,0.5924635,0.0967744,0.19264378,-0.36989117,-0.41020584,0.40398714,0.06463357,0.39142823,0.66679585,0.1936068,0.21279123,0.70447713,-0.4759085,-0.59777814,-0.37368715,0.5526111,0.39785013,0.30771682,-0.6271959,-0.005766716,-0.21304005,-0.025099982,0.12260038,-0.6753259,-0.28806898,0.14296952,-0.27919206,-0.2378145,-0.009485222,-0.09495789,0.021339852,1.158258,-0.08867601,-0.44157588,0.3869251,0.38694108,0.5083908,0.52825207,0.23493786,0.032212965,-0.032673873,-0.3063299
P99999,-0.91058195,0.37038684,0.09017254,0.17796873,-0.3525664,-0.17197192,0.2161735,-0.9575016,-0.21230663,0.5120134,0.19173196,0.12834167,0.21236809,0.3220512,1.0836794,0.5299128,-0.17736605,0.40241286,-0.46964687,0.40462565,-0.39501655,0.17101038,-0.37129205,-0.3175193,0.046797793,0.71261466,-0.060222626,-0.6688052,0.50808275,0.34194303,-1.0744072,0.35221633,0.250296,-0.16767135,0.4220058,-0.31239983,-0.19482163,-0.06320919,0.07969284,0.16769153,0.16906483,-0.6888047,0.7227024,-0.16767174,0.3928783,-0.08264529,0.04683256,0.47047535,0.9664319,0.092309326,0.45708188,-0.47588384,-0.36932865,-0.5989482,0.41568628,0.4707833,0.60180306,-0.9276437,-0.052624196,0.024515875,-0.98474413,-1.052065,-0.60100967,0.4528028
P05112,-0.17894518,-1.2916235,-0.18193689,0.09426979,0.697951,-0.19848108,0.44308805,0.71573496,-0.7148616,0.3518308,-0.55865145,-0.19615278,0.65208614,-0.7402946,0.29681456,0.9733501,-0.15721428,-0.18479991,-0.35899043,-0.72948784,-0.34142286,0.18321161,-0.35603118,0.14574087,0.115051016,-0.4085755,0.23978133,0.027210962,-0.48809505,-0.46429396,0.09740277,-0.61016273,0.48895368,-0.58424896,0.24300373,0.4203059,0.76268995,-0.9258237,-0.030240811,0.2686063,1.00803,0.5452067,0.20033598,-0.17435387,0.29990828,0.69330424,0.5971713,-0.31351763,-0.59293115,0.11309253,-0.57493365,-0.20606793,0.052503254,-0.7350055,-0.44508213,0.13085201,-0.32766187,0.34990406,-0.24698627,-0.55888385,0.1831926,0.33382413,0.29118282,-0.32710195
P61459,-0.652531,0.5700576,0.012360028,0.19671677,-0.44466534,-0.109704025,0.23092593,-0.83516824,0.013136838,0.36869958,0.40954965,0.38752645,0.034745142,0.46260092,0.6465578,-0.057085156,-0.32338616,0.38084096,-0.4398426,0.6774737,-0.17144585,0.15531906,-0.17105618,-0.14236014,-0.02381749,0.40087268,-0.3147338,-0.17866604,0.561268,0.43222678,-0.6936792,0.29174313,0.24186137,0.27901706,0.23138994,-0.40128216,-0.31755382,0.16173893,0.26579398,0.39060575,-0.42494434,-0.64099085,0.2928462,0.118863344,0.3101591,-0.32128012,-0.21751767,0.5987886,0.65071493,0.019880503,0.4122739,-0.528223,-0.3296408,-0.15915655,0.31424177,0.20590624,0.86456424,-0.50405127,-0.024957716,0.2966457,-0.801787,-0.9066357,-0.36394426,0.42220148
P61457,-0.652531,0.5700576,0.012360028,0.19671677,-0.44466534,-0.109704025,0.23092593,-0.83516824,0.013136838,0.36869958,0.40954965,0.38752645,0.034745142,0.46260092,0.6465578,-0.057085156,-0.32338616,0.38084096,-0.4398426,0.6774737,-0.17144585,0.15531906,-0.17105618,-0.14236014,-0.02381749,0.40087268,-0.3147338,-0.17866604,0.561268,0.43222678,-0.6936792,0.29174313,0.24186137,0.27901706,0.23138994,-0.40128216,-0.31755382,0.16173893,0.26579398,0.39060575,-0.42494434,-0.64099085,0.2928462,0.118863344,0.3101591,-0.32128012,-0.21751767,0.5987886,0.65071493,0.019880503,0.4122739,-0.528223,-0.3296408,-0.15915655,0.31424177,0.20590624,0.86456424,-0.50405127,-0.024957716,0.2966457,-0.801787,-0.9066357,-0.36394426,0.42220148
Q8NEU8,-0.71873343,0.10470004,-0.19811736,0.18636748,-0.2139021,-0.119256884,0.40526742,-0.51426816,-0.23258694,0.4589325,0.21302348,0.5286349,0.21771199,0.2468004,0.54384375,0.08786078,-0.44704348,0.59382254,-0.6308897,0.6136738,-0.20149314,0.27918148,-0.24532127,0.05618894,0.00536317,0.16900781,-0.40918833,0.035826083,0.4261006,0.47806573,-0.43116352,0.0443169,0.4714559,0.3733023,0.34730625,-0.33862847,0.10139683,-0.16752225,0.33245537,0.6145584,-0.32674265,-0.53795266,0.2338154,0.19763854,0.40627968,-0.14564122,-0.15361518,0.5390093,0.26315278,0.13825154,0.3133663,-0.6996404,-0.4840736,-0.25535333,0.0037442325,0.29219496,0.88873744,-0.19991308,-0.06865642,0.23407789,-0.62558186,-0.9179188,0.034466505,0.40349108
P0A6F1,-0.056068346,0.7757242,0.023214765,0.10541123,-0.44346443,0.14149645,0.0066981316,-0.5094448,0.52718705,-0.10462304,0.7218973,0.5439311,-0.5500399,0.5226646,-0.16428861,-0.8386895,-0.35557085,0.22322252,-0.16412348,0.84007454,0.34030533,-0.00038279407,0.3233167,-0.13742104,-0.031414296,0.04295045,-0.35633826,0.3844979,0.5030779,0.5387055,0.12361173,0.29237482,-0.021895193,0.8726546,-0.36918646,-0.5814687,-0.6007168,0.73415375,0.36818913,0.4087665,-0.9234865,-0.35760108,-0.17844647,0.34721944,0.080533996,-0.69681,-0.45930335,0.4245963,0.15776478,-0.20974787,0.29216692,-0.20221642,-0.15362096,0.8289243,0.27017614,-0.24752441,0.8258359,0.050168917,0.15153915,0.73197466,-0.12854315,-0.43973058,-0.19114912,0.26863688
P47897,-0.45945528,0.54852426,-0.09268974,0.14586402,-0.38319984,0.017794963,0.23191848,-0.5941582,0.23897196,0.19425702,0.47440916,0.61549973,-0.17245209,0.41901726,0.18861195,-0.5101818,-0.50630563,0.52108717,-0.44637653,0.8524241,0.10689391,0.17360383,0.029277125,-0.034238882,0.044217657,0.10905059,-0.47516036,0.24247272,0.49915254,0.6616385,-0.2117913,0.1480161,0.24209231,0.7025926,0.044270433,-0.45606956,-0.22595073,0.30534324,0.44495007,0.6413831,-0.7682342,-0.5360866,0.05873938,0.40102288,0.26338488,-0.4758247,-0.37559366,0.55258465,0.22348815,0.007875297,0.35179755,-0.58875316,-0.37780997,0.31094635,0.13046603,0.05743867,1.0023026,-0.039390787,-0.042356767,0.5905136,-0.41941315,-0.8342178,0.007507965,0.36838835
Q8N3Y7,-0.16577892,0.54598576,0.0200289,0.20100892,-0.33775938,-0.0064389156,0.14443262,-0.55103534,0.2618421,0.06890666,0.5801419,0.3975349,-0.27896726,0.44791958,0.09736523,-0.5248497,-0.32658502,0.05828526,-0.20651819,0.6195674,0.15150176,0.04141505,0.18034856,-0.037797913,-0.059956286,0.084314734,-0.2752493,0.19122072,0.45080295,0.35432687,-0.13694668,0.2105301,0.10533403,0.5212565,-0.21709983,-0.39225796,-0.48593906,0.42231375,0.24877739,0.42960572,-0.6242962,-0.32544124,-0.13931707,0.22394025,0.1824519,-0.44412386,-0.31102544,0.45966867,0.22904088,-0.17745179,0.22129938,-0.27886736,-0.07502752,0.371539,0.30991545,-0.16242665,0.82654065,-0.080348074,0.04029224,0.3756985,-0.36620355,-0.39950097,-0.26549146,0.24991798
P18627,-0.4241786,-1.2015294,-0.3995629,0.083348684,0.43821117,-0.1041043,0.6351241,0.3127952,-0.8513456,0.7114814,-0.44514173,0.3641519,0.7243023,-0.5573367,0.6034344,0.96707517,-0.66968274,0.6122482,-0.8394087,-0.06842871,-0.29965752,0.4823752,-0.8542135,0.06657642,-0.09788886,-0.18782125,0.010594897,0.5072557,-0.06905593,0.031338267,0.016886119,-0.7092921,0.59153396,0.017055687,0.62517786,0.034632564,0.9902355,-1.1317583,0.1477485,0.7832212,0.40360206,0.26743883,0.41559783,0.28548783,0.46289822,0.81074524,0.4689546,-0.035656802,-0.6872721,0.36499625,-0.21800613,-0.7306273,-0.6785651,-0.8030292,-0.6811327,0.45793235,0.24715193,0.3907802,-0.37376988,-0.13732514,-0.02654241,-0.48042545,0.7286753,0.28353217
P55055,-0.8910669,-0.28334513,-0.27032316,0.14865255,-0.08417843,-0.113399334,0.5302468,-0.4063474,-0.5469705,0.7102485,-0.033007935,0.44737083,0.51575154,0.07258063,0.82720745,0.5979051,-0.5378236,0.744555,-0.83940333,0.50722605,-0.3823253,0.39845237,-0.6502676,-0.007836156,-0.04580391,0.25000766,-0.34094226,0.04582836,0.39464334,0.35775653,-0.52872336,-0.11765363,0.55314714,0.25028744,0.66562784,-0.27575704,0.49414378,-0.54905945,0.28978422,0.6422314,-0.061062653,-0.44193542,0.45870385,0.19469705,0.4865124,0.21542187,0.09842786,0.43114635,0.18621543,0.27840495,0.2873198,-0.8308911,-0.74236965,-0.6662662,-0.24496119,0.5396428,0.7364978,-0.23645218,-0.18625152,0.12314479,-0.65602976,-1.055576,0.21210825,0.54335815
O00472,-1.0168644,-0.12722297,-0.3249488,0.17724462,-0.06757958,0.060177546,0.3775307,-0.15458693,-0.38375494,0.32065323,0.08915598,0.47500315,0.4426885,-0.036299773,0.49283773,0.5898845,-0.26033798,0.7124852,-0.6917299,0.5184176,-0.33173293,0.331415,-0.28469902,-0.18684849,0.19885556,0.1218421,-0.38012463,-0.014634449,0.15802267,0.39116862,-0.23924634,0.10571534,0.541272,0.25773394,0.5725637,-0.51774526,0.29793364,-0.3292771,0.39620528,0.33699158,-0.07401563,-0.3452734,0.5765659,-0.14733827,0.47299275,-0.16993219,0.12872943,0.22628257,0.15138628,0.12149827,0.2407985,-0.65319115,-0.55229455,-0.091488495,-0.34464768,0.30157498,0.3757332,-0.14750196,0.22207922,0.23458575,-0.5438801,-0.9035648,0.0545806,0.21113732
P9WQN9,-0.10805258,0.56507605,-0.06805474,0.13092141,-0.33564326,0.04219367,0.1439699,-0.4885996,0.36918637,0.01822944,0.583084,0.5769571,-0.38801423,0.43588242,-0.07174514,-0.75058913,-0.4545448,0.3383297,-0.28541237,0.77137524,0.29262757,0.10496428,0.19806996,-0.029731654,-0.00640345,-0.00656265,-0.37227243,0.39770716,0.46177346,0.57181966,0.10942367,0.15665808,0.11592178,0.78276116,-0.25398478,-0.45702323,-0.38175485,0.4932341,0.3777208,0.5743215,-0.79947746,-0.3486564,-0.13681331,0.40636253,0.21298417,-0.52881646,-0.39079884,0.4544086,0.042291168,-0.10143126,0.25459775,-0.37183732,-0.25040606,0.59606314,0.20212072,-0.13884628,0.90410304,0.12986973,0.036025964,0.6323582,-0.14234245,-0.53212476,-0.011831507,0.28063127
P0AFM6,-0.3562822,0.84072274,0.1606407,0.23325117,-0.52371216,0.059477407,-0.027420357,-0.7239099,0.35950482,-0.057364903,0.6846341,0.22030553,-0.23777014,0.55747813,0.25836664,-0.3717646,0.017425545,-0.11343946,0.0027891695,0.6004263,0.0060378388,-0.060604952,0.3096404,-0.3178299,0.0082334615,0.32811657,-0.23436882,-0.30433702,0.4163609,0.17966917,-0.44078997,0.589337,0.05746796,0.2758657,-0.113528304,-0.5165518,-0.84934545,0.63861454,0.20323002,-0.0573045,-0.527744,-0.47459832,0.080483,-0.14507404,0.14516892,-0.6749953,-0.23268872,0.47630247,0.7604747,-0.35754657,0.32081178,-0.09889651,0.12315372,0.4062441,0.5229754,-0.20084855,0.5392454,-0.5334945,0.35682875,0.29692614,-0.665737,-0.3725038,-0.8062621,0.15082094
A0A0H3L8I8,-0.15391289,0.96261597,0.17184955,0.15322141,-0.5712306,0.12993938,-0.086557284,-0.7094711,0.50408316,-0.07252445,0.7768845,0.38508338,-0.47676405,0.6174689,0.055399265,-0.6602072,-0.14167818,0.007747367,-0.04016134,0.7870683,0.18112655,-0.09867385,0.3204604,-0.28474727,-0.06980403,0.25035697,-0.29884595,0.04861624,0.5138775,0.30831406,-0.22432879,0.5092173,-0.08987977,0.6059073,-0.2955337,-0.59959924,-0.8551085,0.7794004,0.25831816,0.120517865,-0.85658413,-0.47218278,-0.06753472,0.116533495,0.02927978,-0.71998656,-0.3907654,0.46581978,0.56293887,-0.3150835,0.34936088,-0.08310516,-0.015591305,0.6671296,0.44581372,-0.2365213,0.69602776,-0.31978762,0.2744399,0.56399906,-0.46492702,-0.3935145,-0.5686777,0.27640116
Q93VT9,-0.48510316,0.37998223,0.37990922,0.24895059,-0.27435872,-0.08261922,-0.04780498,-0.84781,-0.057705525,0.37349418,0.30126274,-0.22939983,0.12769583,0.30128706,0.9601428,0.5460026,-0.05889446,-0.3860726,-0.16702978,-0.025188427,-0.42187107,-0.041911766,-0.15299967,-0.38443998,0.002724599,0.7018312,0.23446779,-0.88605815,0.22918925,0.00012990087,-1.1146514,0.2908472,0.104943775,-0.49137697,0.14461792,-0.054294825,-0.49174118,0.09032722,-0.10491372,-0.078428164,0.39477813,-0.3867149,0.348451,-0.3963469,0.06801298,-0.122880846,0.04309503,0.3742032,1.1816473,-0.19493784,0.17643964,-0.122919366,0.22296622,-0.56005025,0.5159397,0.23068532,0.32186627,-1.0749792,0.07207413,-0.3909884,-1.0043019,-0.3186706,-1.0299938,0.28429028
P19793,-0.8736701,0.1146412,-0.09844284,0.112478465,-0.31452596,-0.19576614,0.40154487,-0.7393868,-0.38440272,0.71491975,0.089439616,0.35121152,0.34036824,0.28848857,0.96555823,0.4624679,-0.39901304,0.67308676,-0.72576654,0.5850749,-0.40611893,0.27126724,-0.57029384,-0.086646006,-0.070079744,0.46273693,-0.31404626,-0.19407122,0.55767566,0.37380952,-0.8146646,0.10202078,0.387862,0.16632105,0.56399024,-0.29281893,0.18020606,-0.26079425,0.2630892,0.51403946,-0.124688074,-0.6690732,0.5232878,0.1554336,0.40533692,0.04163885,-0.02032376,0.5442671,0.58465976,0.26397657,0.42550805,-0.72064185,-0.6533561,-0.69251215,0.082475916,0.5460994,0.81775063,-0.56719124,-0.18564183,0.14969757,-0.83092064,-1.1295413,-0.11477091,0.57614964
G5EEG7,-0.5016002,0.29517323,-0.0013353908,0.21286859,-0.2671015,-0.12281735,0.23702376,-0.6268509,-0.07184295,0.30144626,0.30775684,0.27850753,0.087731205,0.31385416,0.52232957,0.040456913,-0.2610382,0.15471804,-0.37548307,0.40511096,-0.16064182,0.09730449,-0.089875355,-0.067940146,-0.046389986,0.29023048,-0.1842689,-0.21006565,0.39380762,0.2601958,-0.5637015,0.20507738,0.309303,0.12647972,0.13507977,-0.3001936,-0.24987768,0.07271513,0.18705615,0.35757545,-0.20053275,-0.4305692,0.18777737,-0.0022944584,0.3261425,-0.19386037,-0.11523745,0.4972408,0.47521496,-0.0761576,0.259555,-0.3736666,-0.17459965,-0.2214183,0.31148717,0.117180906,0.6974106,-0.41797167,0.0037605092,0.045306914,-0.6887919,-0.6066539,-0.36215338,0.27404982
Q60591,-0.8116679,-0.19137251,-0.3051253,0.13246925,-0.071664885,-0.10601939,0.52770174,-0.3796669,-0.39677802,0.60759133,0.029853478,0.57258624,0.38714182,0.08435211,0.6056355,0.2852696,-0.59528613,0.80817,-0.8301507,0.61310875,-0.24659674,0.39980277,-0.45861152,0.08144367,-0.005041193,0.10624839,-0.44039518,0.19511174,0.36973977,0.49750954,-0.34983158,-0.123925336,0.54837996,0.4424894,0.53058696,-0.27125752,0.4657728,-0.42431623,0.38230988,0.74177355,-0.25016657,-0.46990484,0.32643554,0.3057686,0.46913508,0.08418484,-0.0363426,0.45777416,0.06590039,0.29187745,0.27823985,-0.85033256,-0.71719724,-0.43566823,-0.26033363,0.46447682,0.8565276,-0.07145966,-0.18923467,0.2578981,-0.53453773,-1.066861,0.32956803,0.5248844
Q12018,-0.19432,0.7112719,-0.07996738,0.12300444,-0.29944205,0.22043908,-0.12478256,-0.005792646,0.5268572,-0.56228083,0.7588042,0.30964404,-0.61798745,0.28180066,-0.47590533,-0.549675,0.23457989,0.06942847,0.15665767,0.60217464,0.27940774,-0.20027713,0.8086008,-0.26072884,0.23060757,-0.19558375,-0.3968891,0.0826996,0.012232811,0.35097227,0.48960337,0.5126786,0.022006355,0.6772877,-0.5987612,-0.70155483,-0.787419,1.0438939,0.37515357,-0.028390884,-0.7112223,-0.22793265,-0.12370432,-0.26862547,-0.11327173,-0.98250735,-0.39329258,0.1715821,0.24310891,-0.3274374,0.09482168,0.17298421,0.12228662,1.3520386,0.12896955,-0.49050832,0.17948765,-0.018699288,0.78058237,0.68482304,0.062161013,0.081494436,-0.4890619,-0.37631685
P41250,-0.40149155,0.49471357,-0.13147198,0.14605029,-0.3327877,0.037571058,0.2386137,-0.53373843,0.2566539,0.13531056,0.4876011,0.62859905,-0.20375693,0.38203514,0.11586742,-0.55043066,-0.5023225,0.5083642,-0.4275448,0.8339,0.15881819,0.1814471,0.078102864,-0.009216242,0.055016574,0.058719322,-0.47251314,0.2953911,0.45409653,0.66954654,-0.1256386,0.115739234,0.2572839,0.7238557,-0.012793057,-0.45750406,-0.22826688,0.3060201,0.4273025,0.6467464,-0.76761883,-0.47272262,0.022572972,0.40635476,0.28162083,-0.4715798,-0.37094018,0.52301973,0.13730074,-0.0119492635,0.33090493,-0.56224793,-0.3701604,0.38932425,0.12356411,0.024214622,0.9858762,0.058102332,-0.023601808,0.6076436,-0.3238744,-0.7452037,0.059832513,0.32821202
P00957,-0.06163183,0.6869116,-0.020485878,0.09812899,-0.41313344,0.06295864,0.13046464,-0.63670164,0.43672195,0.10465028,0.5950893,0.5894784,-0.4395873,0.51762635,0.023894154,-0.82937443,-0.5653265,0.3477749,-0.3048016,0.8275218,0.29277927,0.090731844,0.10913827,-0.0711492,-0.06324591,0.07605158,-0.37147093,0.40737748,0.5765048,0.6115995,-0.071480975,0.15955476,0.041054714,0.8306187,-0.20475505,-0.4530264,-0.40353775,0.51176834,0.3696057,0.6298425,-0.894933,-0.41697773,-0.15563792,0.5526528,0.17522667,-0.48528594,-0.45911244,0.5183411,0.107959814,-0.069084324,0.32689902,-0.37072992,-0.29129848,0.4836647,0.28071633,-0.08565167,1.0449,0.06258442,-0.097826056,0.6957605,-0.2420146,-0.6319436,-0.010798655,0.4416154
P10300,-0.53941095,-0.99427843,-0.08961317,0.058888204,0.18268532,-0.21373309,0.36734092,-0.040507287,-0.90851384,0.7011207,-0.5914753,-0.06300101,0.885696,-0.45035765,0.90798485,1.408224,-0.29572535,0.1735313,-0.54520273,-0.45553493,-0.6580736,0.29338193,-0.938174,-0.17735928,-0.06591837,0.22766978,0.23444293,-0.37379372,-0.17266864,-0.42729187,-0.6873208,-0.33327982,0.5628047,-0.67928,0.8298404,0.24966678,0.66173077,-1.1255368,-0.027018547,0.16302823,0.88625365,0.17714061,0.7367921,-0.11400533,0.40348548,0.80498564,0.71644,-0.0634064,0.15338366,0.17946611,-0.22640315,-0.5084437,-0.32191655,-1.2548261,-0.2728076,0.5446164,-0.23534094,-0.25917804,-0.32792786,-0.6676015,-0.54048234,-0.3305624,-0.011516973,0.24590391
P03612,0.2916745,0.24511299,-0.20749165,0.101847336,0.23390828,0.23304915,-0.16196287,0.62560517,0.4162654,-0.6556668,0.555715,0.31072176,-0.62163955,-0.13161013,-1.0643905,-0.71521455,0.22480366,-0.20616594,0.28030923,0.15445383,0.41539735,-0.29070112,0.97850096,0.12968792,0.29627627,-0.71448517,-0.30315238,0.43924868,-0.38429442,0.07023656,1.0662512,0.09905448,-0.06054514,0.5389506,-0.88609207,-0.42152172,-0.5718477,0.8544493,0.33547178,0.030264303,-0.5654642,0.30723807,-0.5951812,-0.21643507,-0.2682087,-0.7317742,-0.35523978,-0.13354337,-0.4641333,-0.38049382,-0.3278819,0.29589653,0.41104913,1.5121077,-0.16640677,-0.73521423,0.007596694,0.5934549,0.7358504,0.628849,0.65330756,0.70765376,-0.09517361,-0.6799348
P20826,-0.4339495,-1.1984082,-0.30236953,0.16199069,0.610422,-0.08055532,0.43278968,0.73793817,-0.70990753,0.24652466,-0.46106672,-0.09576233,0.6699505,-0.71761113,0.28488824,1.0430506,-0.07989333,0.00026798993,-0.3968795,-0.55944556,-0.33731234,0.19806911,-0.24501711,0.024032176,0.21446064,-0.3635272,0.08108474,-0.016592097,-0.48495048,-0.28792578,0.14023076,-0.44918355,0.5818527,-0.43569604,0.29822457,0.15882125,0.6930697,-0.84374845,0.067564666,0.21136186,0.888261,0.42269477,0.30507386,-0.28297395,0.3324491,0.4926297,0.5543924,-0.28148416,-0.49293566,0.091831304,-0.45672253,-0.2536312,-0.026718993,-0.48832196,-0.4928048,0.11628344,-0.34146893,0.27396798,-0.008627787,-0.43584347,0.14080556,0.18459049,0.25156683,-0.3786602
P12931,-0.7382449,0.17466158,-0.08160199,0.10004148,-0.34755582,-0.2213171,0.4073968,-0.7723524,-0.3007079,0.7048196,0.14659607,0.38399836,0.27145144,0.3110447,0.9044205,0.30308354,-0.49327463,0.6435905,-0.7295473,0.6059127,-0.3154351,0.2542455,-0.56915367,-0.058220904,-0.12237769,0.41856548,-0.32471317,-0.06590085,0.584169,0.39906073,-0.7510073,0.070642225,0.32175145,0.26512516,0.48865977,-0.2511937,0.16847026,-0.19739074,0.2742992,0.6194714,-0.25235656,-0.6520227,0.42137232,0.28074354,0.34302554,0.037150994,-0.074096255,0.57019335,0.52083975,0.29028583,0.4069859,-0.7166286,-0.64993554,-0.6697284,0.102035865,0.49932194,0.9124092,-0.5062087,-0.26004398,0.18039143,-0.7914704,-1.1092789,-0.050139595,0.6027539
P50142,-0.22677064,1.033164,0.2605454,0.17767362,-0.5707445,0.116135225,-0.16840321,-0.83160746,0.5089719,-0.12673414,0.7513583,0.16814652,-0.38050762,0.5987079,0.2317167,-0.4871629,0.07472662,-0.21399707,0.111413196,0.5793662,0.06832908,-0.17253348,0.39077696,-0.4218338,-0.027864572,0.41201493,-0.16908044,-0.3561862,0.40124965,0.11421141,-0.5045049,0.68064356,-0.120801516,0.26409695,-0.20628683,-0.5181782,-1.0299081,0.8115323,0.12865031,-0.19025692,-0.6245471,-0.48619345,0.079683006,-0.14840266,0.020480309,-0.7217504,-0.27372092,0.43446317,0.90445215,-0.41181874,0.34164265,0.06655207,0.17061001,0.49594778,0.6382761,-0.23390228,0.4682368,-0.6441143,0.38079002,0.36460966,-0.6907903,-0.29589865,-0.91602904,0.19211653
P05981,-0.65194225,-0.80812764,-0.15335847,0.09042895,0.0652052,-0.16496238,0.49891585,-0.25329354,-0.84020376,0.86698,-0.39150816,0.11893242,0.81067914,-0.2012228,1.0730606,1.16745,-0.48595655,0.43266305,-0.758199,-0.08756338,-0.5344981,0.38024104,-1.0191787,-0.15874599,-0.18672195,0.34255666,0.09152146,-0.13688333,0.22771071,-0.13444987,-0.6742405,-0.2958058,0.5199966,-0.27780822,0.8719491,0.004016392,0.70665246,-0.99366,0.017930597,0.45972896,0.5172125,-0.08944829,0.686097,0.13481998,0.4833177,0.71881706,0.54281664,0.16841096,0.089630745,0.24754746,0.04037784,-0.66972184,-0.6502847,-1.2455492,-0.22272043,0.59986097,0.24683712,-0.32314318,-0.38261792,-0.41175205,-0.6595639,-0.76280355,0.14250848,0.50446796
Q8Y5E6,0.17381722,0.77942383,0.060178936,0.07711582,-0.2831699,0.16827497,-0.07428768,-0.20329934,0.6472752,-0.3318217,0.8341526,0.4134719,-0.7645641,0.4594353,-0.48936388,-1.0008082,-0.10929452,-0.029230893,0.0392323,0.6969341,0.48692095,-0.14678885,0.63867915,-0.07653734,0.02260926,-0.19569232,-0.3147853,0.4880766,0.3484751,0.39849186,0.53099036,0.31664464,-0.2049394,0.8842352,-0.7255153,-0.54841787,-0.74198115,0.9802961,0.2823252,0.2757452,-0.9274218,-0.2009831,-0.39898527,0.20551753,-0.084398985,-0.82226807,-0.47095045,0.24720958,-0.046600502,-0.28320247,0.12207532,0.10787922,0.054487083,1.1759844,0.23716299,-0.48958862,0.6175309,0.21615994,0.31653267,0.778672,0.1673469,-0.050717384,-0.21751446,-0.008011006
A0A2P1GIW2,0.034482643,0.36002403,-0.20608816,0.11500488,-0.159116,0.027481366,0.15611295,-0.16597216,0.3529164,-0.22852707,0.60850424,0.5234952,-0.4585926,0.2713091,-0.4014236,-0.74731654,-0.3066176,0.2719312,-0.1731183,0.63819534,0.39992934,0.051165015,0.40288544,0.075615555,0.033311214,-0.25442752,-0.35324246,0.56314325,0.29159787,0.504734,0.55454475,0.117553316,0.0915739,0.8073839,-0.4548695,-0.46019453,-0.38264334,0.5636191,0.3571621,0.5113145,-0.7619873,-0.0871705,-0.26226848,0.30715275,0.1842012,-0.58581823,-0.34541038,0.27260035,-0.27712494,-0.14292938,0.074870855,-0.20711444,-0.14536145,0.9301134,0.06272544,-0.33267346,0.66339403,0.4128391,0.19943312,0.6188314,0.20654812,-0.18084586,0.08863802,0.00042595528
P20592,-0.73754394,0.099043496,-0.12061454,0.21517543,-0.21416001,-0.11091223,0.3369327,-0.5622436,-0.278315,0.42256895,0.21817958,0.336129,0.27688682,0.2087206,0.69364995,0.3585016,-0.30698556,0.38395455,-0.5487454,0.43736073,-0.29056376,0.21906783,-0.30002695,-0.07285173,-0.0076963007,0.31858847,-0.22542723,-0.18683293,0.38270316,0.3176006,-0.61230886,0.115958564,0.4144852,0.12497836,0.37943712,-0.34276062,-0.010367528,-0.17557602,0.19933942,0.41195175,-0.09899461,-0.4521612,0.35001066,-0.0077715814,0.39448872,-0.080415495,-0.01868423,0.4631103,0.43677273,0.035127707,0.30022755,-0.54836726,-0.36486313,-0.37695628,0.11650672,0.26562405,0.69307345,-0.41225398,-0.008240081,0.04401949,-0.74495703,-0.7891055,-0.21623014,0.3707322
O60242,-0.66047215,-0.8111827,-0.23296191,0.12041416,0.11405553,-0.15031415,0.5240467,-0.18358476,-0.8265397,0.8034628,-0.35252035,0.1825189,0.7825634,-0.18323147,0.95889634,1.0506799,-0.5033866,0.4864797,-0.76568013,-0.019716423,-0.514519,0.37856486,-0.881164,-0.066404074,-0.15201032,0.2639594,-0.00033117086,-0.086279705,0.21229796,-0.03951311,-0.53697884,-0.29946366,0.5906278,-0.16999912,0.8034964,-0.04820163,0.69319487,-0.9250712,0.08223774,0.51318914,0.45244282,-0.10467993,0.55804783,0.113521345,0.53009677,0.62341195,0.43077525,0.22694066,0.011215086,0.23718299,0.06143476,-0.6948034,-0.6298926,-1.1117208,-0.24805804,0.5607309,0.3260219,-0.24797563,-0.28284296,-0.3605643,-0.5831246,-0.7373562,0.18845797,0.45090002
Q99816,-0.92644143,0.16321447,-0.05931893,0.14150992,-0.29822007,-0.17738338,0.33821294,-0.74374825,-0.34647855,0.5919121,0.10138196,0.2928596,0.34168717,0.27080777,0.94893,0.52241015,-0.26684242,0.5802063,-0.63027585,0.48628974,-0.42209667,0.25378063,-0.4523263,-0.16181925,0.0034501553,0.51344335,-0.22103675,-0.40238386,0.48832768,0.33646065,-0.85037935,0.21412788,0.40913865,0.037429567,0.5461236,-0.32468247,0.068635136,-0.20836343,0.2103346,0.33628646,0.029984696,-0.6468267,0.6156656,-0.04567431,0.44000053,-0.040389344,0.023425274,0.49295503,0.68571275,0.1671494,0.4185157,-0.62417877,-0.53701043,-0.61669564,0.16389367,0.49881816,0.6611542,-0.67266273,-0.0624334,0.07099233,-0.8848866,-1.0928398,-0.31075314,0.4680644
P08393,-0.6038041,-0.17003462,-0.42025197,0.06449188,0.15744525,0.30714935,0.09424167,0.67431,-0.11361581,-0.44204512,0.26421946,0.557601,-0.11038488,-0.2857176,-0.54150945,0.1817095,0.21335602,0.73981863,-0.24109286,0.52821213,0.07873362,0.087291665,0.32251036,-0.29189622,0.5001555,-0.3551063,-0.44559467,0.3719605,-0.3235483,0.22831509,0.9993708,0.20397288,0.26504725,0.5792579,-0.08207578,-0.8543668,0.10133597,0.28665662,0.52006066,0.08226502,-0.30616474,0.0094070695,0.41449082,-0.46626112,0.12662396,-0.5242016,0.064846374,-0.27967873,-0.45383263,-0.0708855,-0.085477725,-0.21075203,-0.33285305,1.2631131,-0.67542344,-0.16099954,-0.2849812,0.42638916,0.89793414,0.7574372,0.40034294,-0.12839329,0.21770447,-0.50337744
Q96HA8,-0.24996367,0.15532717,-0.3299238,0.158666,-0.10805784,-0.043492876,0.36173695,-0.28565428,0.15520771,0.0464662,0.39865857,0.6824168,-0.17414689,0.21197107,-0.13089296,-0.58431166,-0.5322019,0.54936045,-0.45661944,0.6678021,0.2686988,0.23262739,0.16826172,0.19234091,0.050554987,-0.18587384,-0.48349422,0.48722395,0.34206608,0.6799378,0.2334142,-0.028851945,0.36501926,0.75819224,-0.11637416,-0.3836181,-0.072707534,0.17061102,0.3960338,0.75936747,-0.6585414,-0.2837959,-0.11716255,0.45339686,0.36685684,-0.3979497,-0.3221323,0.4387425,-0.24429764,-0.0013247877,0.18122813,-0.56298566,-0.36377522,0.44322067,0.009274933,-0.054430343,0.9404258,0.3730902,-0.0010208115,0.523245,-0.045313194,-0.5811283,0.311841,0.2199195
E9Q401,-0.19652312,-0.22358608,-0.35137165,0.026417593,-0.040960673,-0.23848972,0.5501255,-0.44475505,-0.24505903,0.59459037,0.037067335,0.5745132,0.16385826,0.08965825,0.47700664,-0.15118131,-0.8596637,0.6889833,-0.7690646,0.47012278,0.01235123,0.3325349,-0.42838198,0.26294184,-0.20858186,-0.030343533,-0.31691414,0.49080035,0.41187155,0.53490925,-0.18586051,-0.28735623,0.43905666,0.527416,0.22863749,0.0013318434,0.43009382,-0.37548247,0.3017932,1.0377756,-0.43698394,-0.24433963,-0.049599566,0.6982415,0.4215926,0.2807659,-0.12901133,0.55298626,-0.24116705,0.37618858,0.17697331,-0.7064506,-0.69982517,-0.55446947,-0.06948839,0.35669076,1.105026,0.19341458,-0.48378193,0.22164628,-0.29361576,-0.81960255,0.5565822,0.5991712
O75324,-0.5640241,-0.71302414,-0.36051878,0.22173154,0.49900585,0.23781413,0.19545676,0.9706105,-0.34695446,-0.26717693,0.035164956,0.119598,0.23012507,-0.506679,-0.31331387,0.6463277,0.34124386,-0.031776123,-0.09140489,-0.15646541,-0.09736883,0.02789432,0.4152353,-0.031409413,0.53216064,-0.54101837,-0.24712802,0.05443933,-0.5409536,-0.12459742,0.6605685,-0.079339966,0.43133715,-0.029274989,-0.052265503,-0.4114844,0.16973296,-0.19878563,0.20919573,-0.047544315,0.32819125,0.3017725,0.13224487,-0.57786363,0.1491363,-0.21360216,0.3476913,-0.3474103,-0.5085376,-0.21169679,-0.35442555,-0.03530546,0.15851057,0.63385534,-0.55093503,-0.2977347,-0.37179577,0.41622066,0.6641903,0.044216625,0.29566932,0.3617128,0.05519159,-0.6850513
O15085,-0.78191435,-0.13817185,-0.2566374,0.18756133,-0.104186565,-0.11508133,0.4616022,-0.40213493,-0.4047915,0.5249294,0.086502984,0.4786183,0.37037313,0.10969236,0.6220639,0.35616046,-0.44994193,0.6263674,-0.71421707,0.50255555,-0.27893418,0.32750934,-0.38060254,0.040412262,-0.0051580556,0.16946527,-0.3478226,0.03377043,0.35314542,0.39793724,-0.42070445,-0.036118325,0.5340836,0.2805656,0.46717873,-0.30927923,0.28155297,-0.35819742,0.30272958,0.6035379,-0.1410921,-0.43800148,0.3258241,0.13794976,0.46113113,0.023155987,-0.017852537,0.45447522,0.17882787,0.1730365,0.27083817,-0.7247296,-0.5531355,-0.41806686,-0.113626845,0.3640807,0.76246935,-0.18591064,-0.07553803,0.12343316,-0.60437566,-0.90825695,0.107159406,0.4099449
P07102,0.26937374,0.33176655,-0.25740623,0.070221335,-0.082516104,-0.021761335,0.20757784,-0.14416422,0.40558615,-0.2236036,0.61908007,0.523602,-0.5246354,0.29500976,-0.5178933,-0.95205456,-0.37525186,0.26258534,-0.1713551,0.5663235,0.52563274,0.060988575,0.40044287,0.17736968,-0.026156995,-0.38733122,-0.34853095,0.72350186,0.34674722,0.5076683,0.71195346,0.037648987,0.015767984,0.8921328,-0.5551358,-0.39933825,-0.3384106,0.60015893,0.32045683,0.5914935,-0.8234345,0.00013240054,-0.40789187,0.49143368,0.22134967,-0.5320099,-0.37471274,0.25411373,-0.5072308,-0.130784,0.032059446,-0.1620762,-0.15614468,0.951519,0.11273734,-0.40148965,0.74864733,0.59775907,0.07657943,0.65778327,0.37212598,-0.112158164,0.23923397,0.043386713
P09467,-0.3621957,0.70221066,0.060245495,0.20707996,-0.45412496,-0.013876793,0.1570044,-0.7895871,0.24931516,0.23776105,0.53722066,0.45431295,-0.20804663,0.54767925,0.3525753,-0.46153283,-0.38721704,0.22114536,-0.29945952,0.74366784,0.038608313,0.06578505,0.03280943,-0.104765445,-0.06344347,0.2632515,-0.33801597,0.038433608,0.58315897,0.44656044,-0.49292877,0.2830898,0.14984378,0.48333058,-0.05187773,-0.4646964,-0.49299532,0.37871602,0.28582034,0.44098544,-0.6663222,-0.5525963,0.042537265,0.2567003,0.23064056,-0.4248858,-0.35973176,0.5987793,0.47517037,-0.11911495,0.38184568,-0.39143634,-0.20093317,0.15242505,0.39889765,0.011046145,0.9688617,-0.3046453,-0.035062127,0.42551833,-0.61847806,-0.69914854,-0.32263988,0.40597177
Q8KP52,-0.028554551,1.1145848,0.28566864,0.1011312,-0.520574,0.18807688,-0.30445367,-0.49550524,0.6956552,-0.43869838,0.90378296,0.04061369,-0.6679463,0.5488786,-0.2180408,-0.6414932,0.35469833,-0.5023464,0.31782123,0.4873615,0.22749098,-0.3981134,0.74452764,-0.37308043,0.06280556,0.17029315,-0.24700296,-0.22205852,0.20054464,-0.025211472,-0.065414,0.72048926,-0.34166628,0.37061366,-0.5446039,-0.4768758,-1.1709633,1.1411359,0.11010145,-0.3385843,-0.7442111,-0.35719243,-0.1984824,-0.24264213,-0.28884503,-0.9345747,-0.3088272,0.2307746,0.7682533,-0.48475242,0.17623636,0.38102865,0.39125758,0.9539355,0.5478271,-0.49036637,0.23151086,-0.48841286,0.58220905,0.46822566,-0.40872043,0.12648953,-0.9503033,-0.09779026
Q8G6C9,0.04959424,0.9290134,0.11558466,0.08044176,-0.39779118,0.23473534,-0.15842554,-0.2815617,0.69041127,-0.35346913,0.8844142,0.39674723,-0.7770818,0.49646428,-0.40692165,-0.9227882,-0.010890715,-0.039403334,0.07533082,0.7761342,0.44042605,-0.19585542,0.6571641,-0.20468351,0.043385264,-0.07159516,-0.34005284,0.3500571,0.34247696,0.3835513,0.37900665,0.43992242,-0.22361144,0.8688199,-0.67952985,-0.615256,-0.851841,1.0706719,0.29882717,0.1516465,-0.9728375,-0.30501324,-0.30095777,0.108466394,-0.1677035,-0.91483754,-0.4655386,0.26518863,0.19912799,-0.31271625,0.20449218,0.14112014,0.03612532,1.2066143,0.26254496,-0.46090922,0.55487245,0.023406819,0.4338106,0.8195754,0.026710317,-0.09838864,-0.3787603,-0.004679667
Q5BJF6,-0.6888002,-0.57912827,-0.28461108,0.25224185,0.17513275,-0.05507085,0.42817283,0.036248676,-0.5695285,0.32239258,-0.053677425,0.18690604,0.5463394,-0.18322852,0.49261466,0.7692879,-0.21989742,0.19832897,-0.51836276,0.011022288,-0.35880238,0.23382303,-0.25387648,0.0050804317,0.07384798,0.052189752,-0.13905898,-0.15109952,0.018376445,0.06684314,-0.24926049,-0.11004256,0.5829007,-0.11016254,0.43538663,-0.21434316,0.30226994,-0.5381633,0.14748067,0.33678412,0.35118973,-0.053028654,0.28766656,-0.21887931,0.45508334,0.13474533,0.25308043,0.16239169,-0.008670245,-0.014258906,-0.004466474,-0.44005388,-0.20652956,-0.43266416,-0.19353083,0.17946306,0.250395,-0.112913415,0.13171995,-0.26433358,-0.43525976,-0.36561772,-0.040952,0.054900058
P27361,-0.658846,0.49710467,-0.026429906,0.138214,-0.44513008,-0.16038235,0.31331328,-0.8614715,-0.0504239,0.56013006,0.31833258,0.45963338,0.051774025,0.44884297,0.7212286,-0.061901107,-0.483373,0.572247,-0.5787039,0.7470986,-0.19023968,0.17965847,-0.32940692,-0.051130734,-0.07385433,0.38297483,-0.40752333,-0.0429695,0.6241276,0.524949,-0.7332421,0.17185135,0.241211,0.38636622,0.2921505,-0.3455976,-0.11589395,0.06587654,0.3251302,0.59919786,-0.49968806,-0.72449,0.29310307,0.31692928,0.28638384,-0.19470236,-0.2678445,0.64346695,0.5801209,0.1767575,0.44003227,-0.64182574,-0.50893074,-0.34530044,0.243912,0.34635425,1.041977,-0.4569881,-0.20576763,0.37045348,-0.78273773,-1.0722142,-0.14307706,0.558556
B8Q027,-0.16316387,0.94956803,0.14145432,0.14667921,-0.5728404,0.13124412,-0.05180487,-0.7333929,0.5014232,-0.011866406,0.7496555,0.4652522,-0.47437325,0.628866,0.07537064,-0.7053163,-0.2646615,0.11396639,-0.116791025,0.85704374,0.19808613,-0.053443737,0.2479667,-0.24555856,-0.079578266,0.2442865,-0.32892036,0.14239147,0.579253,0.4054987,-0.2448633,0.43995497,-0.064781345,0.686804,-0.26018834,-0.6139535,-0.7759776,0.72876453,0.30325562,0.24253161,-0.9160596,-0.49048993,-0.07490478,0.23673871,0.05738297,-0.6803665,-0.4309813,0.50833994,0.49318442,-0.2661461,0.38482258,-0.17561217,-0.09661321,0.63017666,0.41919425,-0.18801066,0.8201288,-0.25647402,0.18246098,0.63067025,-0.4449923,-0.49764225,-0.45074725,0.35458356
P15391,-0.57620096,-1.1824893,-0.38945973,0.122790635,0.37256536,-0.092580736,0.6589659,0.20840842,-0.9231223,0.79308444,-0.47416192,0.34658846,0.82674044,-0.48724028,0.775274,1.0735543,-0.6696977,0.68350685,-0.8691792,-0.02999444,-0.4082768,0.5316673,-0.9321873,0.006284572,-0.12704107,-0.090113156,0.0057215914,0.35356343,0.01825331,0.04197047,-0.14039263,-0.6329138,0.67422026,-0.011926506,0.77168334,-0.024409994,0.9986027,-1.1604465,0.16157603,0.7368469,0.45880637,0.16567278,0.51742655,0.23424059,0.5449873,0.79353714,0.47706717,0.043866925,-0.53201234,0.35320836,-0.13478196,-0.7943311,-0.7297184,-0.91537845,-0.6320508,0.5147732,0.2662788,0.22172974,-0.34993985,-0.19606346,-0.20123707,-0.6191282,0.6174604,0.3436215
P02100,-0.42329374,0.57527626,-0.026038222,0.16020782,-0.41311502,-0.06160376,0.23598114,-0.7119023,0.17354135,0.28791937,0.45139915,0.54543126,-0.13367023,0.45430806,0.35186264,-0.4428051,-0.5019598,0.45507365,-0.43434477,0.8071914,0.045094848,0.16476959,-0.0709607,-0.060932312,-0.02633736,0.20704412,-0.38484675,0.15624215,0.55310065,0.5720519,-0.35194525,0.17791444,0.21285236,0.57923347,0.0698429,-0.37674016,-0.2588299,0.26248363,0.3854027,0.60944474,-0.6739057,-0.55670524,0.084880024,0.36119494,0.26438805,-0.38578063,-0.32757014,0.5908151,0.34488437,0.034724846,0.35700622,-0.55994457,-0.3768789,0.10844891,0.20710717,0.10847812,1.0040505,-0.18364002,-0.08032478,0.5000053,-0.5366763,-0.8473639,-0.096638516,0.43094045
P07395,-0.03666608,0.7147819,0.015038039,0.09939763,-0.43214524,0.056897853,0.10163284,-0.6411137,0.4405036,0.085463904,0.62680733,0.56243145,-0.450204,0.5325107,0.014006242,-0.8181338,-0.51632845,0.28969294,-0.26608473,0.8257282,0.2907542,0.0740879,0.1254633,-0.094957344,-0.081391275,0.08342141,-0.33893615,0.40019596,0.57361495,0.5582635,-0.04588821,0.19182897,-0.00048770756,0.81327903,-0.23317754,-0.45144677,-0.45484823,0.54890335,0.35262418,0.57261515,-0.89577913,-0.39712,-0.16143599,0.5049715,0.15615211,-0.5039423,-0.43806997,0.49801782,0.13423577,-0.09407841,0.30737436,-0.32593822,-0.2588632,0.51916474,0.28323027,-0.116392985,0.99271345,0.0353506,-0.05798363,0.6735401,-0.24448396,-0.5865197,-0.07257329,0.43661624
P13639,-0.40886846,0.85251415,0.12840591,0.17695116,-0.55980617,-0.085082054,0.1392298,-1.0428653,0.2564927,0.3761507,0.51021534,0.40350732,-0.19985704,0.63464063,0.57104343,-0.39006394,-0.39753568,0.2633773,-0.32315,0.7688254,-0.04874946,0.02715742,-0.08432955,-0.17122285,-0.12910815,0.4651145,-0.32289165,-0.12315743,0.7062925,0.44310802,-0.80037427,0.3747799,0.05812093,0.367507,0.033139132,-0.47327065,-0.58706087,0.38950527,0.24801177,0.37081596,-0.6709278,-0.67906827,0.1800273,0.26240796,0.23247406,-0.37235147,-0.38578567,0.6804704,0.72345597,-0.07169389,0.47050944,-0.37187564,-0.24289784,-0.06757264,0.54565084,0.14135292,1.0077924,-0.55993664,-0.09251351,0.42294088,-0.79929525,-0.86613595,-0.46425948,0.525873
P04278,-0.24890152,-1.103766,-0.35874757,0.062333904,0.39104974,-0.14193659,0.5981662,0.2068571,-0.7290455,0.6824863,-0.37676048,0.32959333,0.6034615,-0.4092988,0.4882741,0.70889914,-0.6933422,0.4352533,-0.77370924,-0.050960433,-0.2231254,0.3868646,-0.72530633,0.19046429,-0.1739186,-0.14403659,-0.028221369,0.5364294,0.03677898,0.005526334,0.036368024,-0.67043996,0.5092038,0.06476715,0.4904236,0.11532514,0.86614805,-1.00409,0.11909618,0.83495444,0.27056003,0.24221642,0.1796749,0.40248004,0.41741264,0.76577616,0.35633034,0.060309686,-0.6712641,0.32571125,-0.19798116,-0.6806353,-0.5728309,-0.8190412,-0.53791994,0.41224933,0.38857168,0.3812176,-0.42023563,-0.17142785,-0.016636714,-0.42885816,0.67017764,0.32116437
P12063,-0.09426989,0.74604505,-0.01965037,0.11263749,-0.36685863,0.19224714,-0.074217185,-0.21840446,0.5672551,-0.3898539,0.78297067,0.42014483,-0.60664636,0.39677903,-0.36736295,-0.73043984,-0.03798148,0.1083455,0.016239494,0.74347913,0.34937704,-0.1189888,0.62624574,-0.18687716,0.09247333,-0.10249476,-0.3692454,0.28754666,0.24346983,0.4391182,0.3914813,0.40666756,-0.020894289,0.8174909,-0.55208623,-0.6394736,-0.72278714,0.93342054,0.37326208,0.17650628,-0.84600836,-0.25741282,-0.17654258,0.019338503,-0.035482768,-0.8945848,-0.42450866,0.27195692,0.17214371,-0.2826513,0.18162653,0.024129797,0.0021043308,1.1801562,0.17798252,-0.41103777,0.4699816,0.055472597,0.5028287,0.7196739,0.033734947,-0.11065072,-0.3356908,-0.09916478
O00338,-0.46858653,0.36341277,-0.08593592,0.14903426,-0.33959347,-0.13344423,0.33082128,-0.69445246,-0.02406967,0.41352627,0.33301398,0.48877946,0.0067886263,0.33700606,0.49466556,-0.18263943,-0.5505426,0.50081605,-0.54653794,0.678711,-0.05270146,0.20323902,-0.2521963,-0.015074626,-0.08413531,0.2241056,-0.33408874,0.16168877,0.52989674,0.5060399,-0.42873573,0.072180636,0.26683766,0.47873363,0.18956685,-0.28397417,-0.06523565,0.050559983,0.32074803,0.6838687,-0.5166587,-0.512635,0.14135715,0.3742945,0.2882371,-0.17347088,-0.22958896,0.5598721,0.29875726,0.14060502,0.32452285,-0.6139025,-0.4660704,-0.1746869,0.14492655,0.21495613,0.9800226,-0.21059652,-0.20134503,0.34713778,-0.5786208,-0.87372273,-0.000774011,0.48311394
P12955,-0.11156392,0.4451116,-0.14439212,0.14411944,-0.2652196,0.0145547865,0.23251963,-0.45591602,0.33108023,0.040967837,0.5308834,0.61301696,-0.33921933,0.39313218,-0.083446234,-0.749677,-0.5365895,0.37581265,-0.3390248,0.7301975,0.3000154,0.14362706,0.17891294,0.055549994,-0.012010936,-0.07179872,-0.3979218,0.45587012,0.4637022,0.62194026,0.11631663,0.07505726,0.18876335,0.7938995,-0.2224225,-0.420509,-0.28413975,0.38876906,0.36583588,0.672057,-0.762531,-0.32373935,-0.16642517,0.47925243,0.2614632,-0.4747535,-0.4002438,0.47111726,-0.07670259,-0.06903768,0.23358151,-0.42341873,-0.27083054,0.5150076,0.16974507,-0.117818244,0.9732634,0.21642147,-0.038923874,0.59056795,-0.121806204,-0.54635787,0.10402435,0.2972391
P05696,-0.68165576,0.35529602,-0.02271767,0.11892657,-0.4182848,-0.2226888,0.33745834,-0.8730476,-0.18333846,0.6273908,0.22781943,0.3697613,0.15189816,0.39697424,0.8624313,0.16359445,-0.43369004,0.54887664,-0.62258357,0.6191945,-0.28156984,0.17897965,-0.43517068,-0.07988335,-0.11650139,0.45946148,-0.3108809,-0.15134825,0.6130178,0.42130473,-0.8125591,0.1706374,0.27065873,0.23746647,0.37265375,-0.2947663,-0.041768026,-0.049675584,0.25281274,0.5394818,-0.29087093,-0.6955465,0.38713872,0.23360604,0.3200319,-0.07608667,-0.1612587,0.6119085,0.6339695,0.21233653,0.4340497,-0.6198202,-0.5277623,-0.5666145,0.26259392,0.42554882,0.93965,-0.58088106,-0.21328121,0.20353816,-0.83147615,-1.06315,-0.2117303,0.56265265
O75317,-0.72746253,0.34037355,-0.090454265,0.11698194,-0.39453194,-0.19012465,0.3758827,-0.7887164,-0.17972352,0.6325492,0.22854051,0.46107575,0.15603219,0.3889097,0.7721761,0.078533635,-0.5087933,0.6680407,-0.66401446,0.7123806,-0.25902855,0.22817954,-0.41944942,-0.016587943,-0.06972472,0.35173082,-0.42088342,-0.032330666,0.6095015,0.5107648,-0.7015823,0.11643844,0.32206583,0.37711507,0.39360672,-0.30048248,0.053819895,-0.06324713,0.3485805,0.6413855,-0.41340175,-0.718687,0.3214362,0.32457983,0.31547374,-0.120766826,-0.20862958,0.62569386,0.522395,0.25684255,0.4244428,-0.7163121,-0.5919229,-0.46610713,0.12967293,0.4257388,1.012981,-0.43746036,-0.23087889,0.31370053,-0.77242255,-1.1125973,-0.05232483,0.57298064
O95393,-0.5670874,-1.0176076,-0.2947029,0.1374832,0.30573654,-0.11707359,0.52588636,0.12477227,-0.85339653,0.6641437,-0.43894047,0.13517702,0.77445,-0.398832,0.73466253,1.0695701,-0.46192887,0.39191326,-0.6839524,-0.18091847,-0.47959083,0.35829917,-0.7541496,-0.032004908,-0.066032246,0.04233873,0.041576065,0.008537676,-0.006756331,-0.1008129,-0.29420814,-0.4100841,0.63182867,-0.23691605,0.6970379,0.021368682,0.75567764,-0.99224925,0.110100634,0.48420095,0.5956753,0.101647004,0.47611257,0.034049593,0.5047321,0.65064645,0.46948916,0.05361592,-0.25430855,0.21411924,-0.12861025,-0.5984426,-0.48015895,-0.94353676,-0.39546227,0.44086492,0.107547745,-0.01008258,-0.23720893,-0.3906234,-0.33781487,-0.45299307,0.29471824,0.22757892
Q3E7X9,-0.67188835,0.6396054,0.24855834,0.29140076,-0.3801584,0.034135323,-0.0609643,-0.74488384,0.10207352,0.0507667,0.48320103,-0.06998837,0.06842222,0.35873106,0.6968324,0.2570288,0.15172267,-0.18506575,-0.008732066,0.28530365,-0.3140499,-0.03214392,0.14850087,-0.46644294,0.1540521,0.53727686,0.06722273,-0.8215045,0.21947296,0.077638134,-0.8281294,0.6137828,0.12581721,-0.23818012,0.15078905,-0.3455146,-0.67311394,0.38116685,0.09942781,-0.2496914,0.06019468,-0.45284823,0.4272422,-0.5376996,0.18531552,-0.5019538,0.031340405,0.37816587,1.090319,-0.3079824,0.2548995,-0.06251034,0.20202518,-0.027689382,0.503047,-0.0028305724,0.2731207,-0.9331767,0.37544534,-0.07545999,-0.9695022,-0.40760425,-1.057859,0.084388934
Q7YQK6,-0.2683255,0.79335344,0.09802646,0.1866466,-0.5001933,0.024902392,0.07690246,-0.77363694,0.3315535,0.1399787,0.6126529,0.43639988,-0.30368033,0.574627,0.24378937,-0.5494012,-0.33832544,0.159836,-0.21962929,0.7720647,0.098078966,0.022784239,0.10959875,-0.16266954,-0.073647246,0.25695118,-0.30751026,0.077834874,0.57793075,0.40615827,-0.37664658,0.34787723,0.06032449,0.5433349,-0.128975,-0.49686807,-0.6026508,0.5100702,0.2918185,0.36235815,-0.7439986,-0.50869715,-0.005091518,0.24028993,0.16910928,-0.51421094,-0.37171522,0.5522066,0.47717407,-0.17551987,0.36255464,-0.31074056,-0.1507854,0.32331526,0.4073009,-0.07555967,0.88814056,-0.28605777,0.04186126,0.48087516,-0.55087245,-0.61058533,-0.38403186,0.3825792
P32856,-0.76300764,0.18138167,0.08750466,0.17215097,-0.2946668,-0.20433718,0.22886026,-0.83982486,-0.293057,0.53265685,0.12859936,0.0909445,0.27465168,0.2640185,1.0524731,0.5891483,-0.18690518,0.25417212,-0.4717716,0.26426274,-0.41849607,0.1474983,-0.3950613,-0.24849296,-0.015953425,0.64830446,-0.0054931045,-0.63797086,0.42811742,0.22752017,-1.011424,0.2558377,0.31452107,-0.2217337,0.4279885,-0.20838812,-0.13919213,-0.16003847,0.0411282,0.20447138,0.26085818,-0.56529623,0.5867211,-0.16994527,0.36473212,0.019258127,0.079704106,0.46546137,0.8808236,0.056672856,0.35927567,-0.4319199,-0.29361853,-0.7362288,0.39593026,0.44179413,0.56477636,-0.8801355,-0.051297747,-0.1600563,-0.9605467,-0.8628044,-0.5921392,0.4412371
P15926,0.16987962,0.6647599,-0.06251791,0.06458971,-0.13167201,0.16661221,-0.1160709,0.04438284,0.55839694,-0.48558578,0.76573,0.37330514,-0.7282893,0.2185773,-0.64426744,-0.8775618,0.040889524,0.0539908,0.11711341,0.58600706,0.48022795,-0.19282305,0.73958385,-0.061217047,0.15468724,-0.34347174,-0.3252489,0.50445336,0.074761726,0.3459289,0.77269554,0.2630022,-0.1965248,0.78987634,-0.7770486,-0.5391751,-0.6740985,1.009493,0.3321912,0.23226002,-0.87121356,-0.054373752,-0.34863147,0.05481521,-0.14621961,-0.8240493,-0.41914025,0.08991087,-0.16185118,-0.23560867,-0.018047296,0.13774651,0.067552,1.3777328,0.08287732,-0.5599667,0.36306638,0.33030558,0.5073098,0.811518,0.3754546,0.16038036,-0.12547906,-0.2858271
O75717,-0.6220319,0.49408695,-0.046187468,0.21531497,-0.3655505,0.048098173,0.11607152,-0.43524638,0.12367745,-0.010641113,0.4980896,0.38069978,-0.023487039,0.31387225,0.21711609,-0.078802794,-0.064030476,0.2669066,-0.27334574,0.60597694,-0.03969205,0.07221122,0.17029396,-0.22718473,0.11504179,0.16627401,-0.31303728,-0.10712126,0.2852516,0.36315405,-0.21233049,0.41633472,0.25031444,0.37848988,0.05097937,-0.56195676,-0.39102554,0.37216792,0.35665092,0.1866675,-0.46169105,-0.43154866,0.2691375,-0.14411965,0.2407631,-0.59694695,-0.15012756,0.36568144,0.44462153,-0.16239639,0.2676658,-0.306423,-0.1458444,0.4111671,0.1514896,-0.085755445,0.48272467,-0.28966874,0.33081293,0.2929776,-0.5302141,-0.57666767,-0.40552926,0.053939775
P0CY29,0.02451682,0.7773058,0.040432423,0.0905411,-0.26299715,0.1792509,-0.19293088,-0.063608214,0.58048594,-0.54428643,0.7747626,0.23758103,-0.6909835,0.30179122,-0.52748656,-0.7033368,0.2093091,-0.10636521,0.21364504,0.52541196,0.3383832,-0.28234375,0.81471324,-0.20642903,0.1691768,-0.18193135,-0.29570538,0.17993693,0.036673702,0.22962895,0.52375805,0.45303074,-0.17762765,0.64114606,-0.6996523,-0.54660267,-0.84188825,1.0821894,0.2870794,0.0113686025,-0.73749334,-0.17993313,-0.24425209,-0.16228318,-0.20360306,-0.92356455,-0.39006785,0.122735515,0.21797504,-0.3169865,0.03276962,0.23756701,0.19625723,1.2816312,0.19743536,-0.52919453,0.20486532,-0.00089003146,0.64786816,0.6639002,0.11644387,0.16789618,-0.46598533,-0.3097943
Q13404,-0.81037307,0.37981984,0.018872797,0.10669002,-0.4323919,-0.23981136,0.29618162,-0.9513872,-0.21745254,0.6303036,0.19497353,0.28117955,0.179907,0.4042528,1.0005685,0.33349663,-0.3111908,0.5631635,-0.5945624,0.58017194,-0.36811978,0.18060726,-0.44013113,-0.17026085,-0.06312685,0.5886154,-0.2458757,-0.36548907,0.6191407,0.39876127,-0.9530304,0.25970465,0.25696942,0.082891524,0.43376556,-0.30602568,-0.09891464,-0.04868394,0.20559856,0.38079867,-0.11220705,-0.75258064,0.5618372,0.089863114,0.36898002,-0.09283546,-0.0925811,0.5755589,0.8171569,0.20678201,0.48937115,-0.59574366,-0.5163664,-0.63219225,0.33056542,0.49793297,0.819765,-0.7570377,-0.15455988,0.16335109,-0.9081409,-1.125232,-0.3812082,0.55047876
P0ABB4,-0.18918154,0.9935268,0.21399044,0.18315293,-0.5786961,0.09227939,-0.0798074,-0.8407608,0.474151,-0.008281611,0.75313663,0.3061071,-0.40366527,0.6487924,0.21176541,-0.57976186,-0.10699826,-0.09705507,-0.013897687,0.7084863,0.10055314,-0.1068439,0.2797107,-0.31393892,-0.0901144,0.35216087,-0.24988882,-0.12928827,0.5317992,0.21976301,-0.45420107,0.5579907,-0.0877252,0.4194175,-0.21964514,-0.5629817,-0.9266462,0.7224399,0.18274176,0.020643458,-0.75140065,-0.49965128,-0.016476564,0.041213587,0.06909527,-0.6556388,-0.35225177,0.5103909,0.718226,-0.35238165,0.37195626,-0.06008676,0.05610015,0.47354555,0.57160974,-0.19616115,0.6939149,-0.48345244,0.2522932,0.44884187,-0.6378022,-0.39934433,-0.71845174,0.3131125
P04911,-0.7987387,0.043599308,0.25605872,0.22013533,-0.25045416,-0.11618948,0.082541734,-0.76460314,-0.37741104,0.5485244,0.10362163,-0.13964352,0.32657626,0.14489889,1.1644287,0.97854203,-0.12911272,-0.05696527,-0.39331436,0.018936336,-0.52516896,0.11006622,-0.4748789,-0.42312482,0.07196219,0.80584466,0.16587028,-0.886937,0.21866596,0.04787764,-1.1473157,0.21920119,0.25279298,-0.55566376,0.41758433,-0.07503259,-0.1250175,-0.27616122,-0.082612,0.061739214,0.5763765,-0.43558025,0.6524813,-0.3881581,0.17185248,0.100376666,0.26828086,0.30063793,1.1078489,-0.004300356,0.2130318,-0.36643055,-0.10627839,-0.82318443,0.33187523,0.48708206,0.29108793,-1.0379332,0.01773721,-0.4233073,-1.0308444,-0.61280084,-0.7838811,0.3683455
O60341,-0.6708032,0.12135712,-0.29539397,0.13009259,-0.16517206,-0.019929033,0.4081768,-0.37017182,-0.06208248,0.3128113,0.2602127,0.6866735,0.096145555,0.16625899,0.26423454,-0.17721759,-0.54011625,0.7559567,-0.6696566,0.75212634,-0.0072450787,0.3196277,-0.12665501,0.08125161,0.114781514,0.0067623705,-0.5310245,0.29342934,0.3298052,0.6682088,-0.13721246,-0.028333727,0.45052174,0.6333194,0.27275088,-0.37114134,0.16988868,-0.08692939,0.4493726,0.7397197,-0.55368626,-0.48480853,0.18346345,0.36257958,0.39576885,-0.24490629,-0.20947054,0.47190222,0.029239338,0.16018584,0.29421008,-0.7720363,-0.5783317,0.07373817,-0.152881,0.230614,0.93461853,0.111889005,-0.07331491,0.5015588,-0.37996078,-0.9326818,0.31034428,0.38103023
P27278,0.099987656,0.4554769,-0.18048857,0.09319648,-0.23083739,0.015024482,0.21202832,-0.36019108,0.43210363,-0.054079987,0.58478016,0.60993576,-0.47875232,0.40280315,-0.28347304,-0.9381729,-0.52053016,0.35262936,-0.28871983,0.68092895,0.44737333,0.11914511,0.25589222,0.07118276,-0.027396452,-0.19226977,-0.38758034,0.5923619,0.47159344,0.6230537,0.37353334,0.07622864,0.09075291,0.89694744,-0.38247505,-0.42747378,-0.32002363,0.5296793,0.35759196,0.6626562,-0.82524693,-0.22029537,-0.28224385,0.55578184,0.23912194,-0.5363862,-0.4288536,0.40257007,-0.25849146,-0.08818808,0.17586741,-0.30613124,-0.25482726,0.7105636,0.18182214,-0.23398879,0.9284834,0.38256168,-0.024207033,0.6824645,0.10569544,-0.4162835,0.17381203,0.23482037
Q9V4S8,-0.7488736,0.5301831,-0.0046526426,0.2337576,-0.3379681,0.14751059,-0.0477148,-0.32406333,0.10893358,-0.21948844,0.5138881,0.1617786,0.024735998,0.17893624,0.27883792,0.21491341,0.28731868,0.095716886,-0.03686361,0.41777596,-0.14925355,-0.01529105,0.3015899,-0.47002435,0.27401426,0.24358124,-0.14059198,-0.4592721,0.03250624,0.18250573,-0.28776973,0.6279023,0.21005699,0.07931216,0.094973706,-0.5949021,-0.5477283,0.46670973,0.27392194,-0.22761947,-0.20662633,-0.3362304,0.4747041,-0.5686206,0.17360929,-0.6877339,0.049117304,0.18212058,0.6952938,-0.30291933,0.19551155,-0.052850433,0.021920834,0.5237295,0.19060934,-0.1727817,0.07880768,-0.4892686,0.6169229,0.2075126,-0.6247897,-0.3418465,-0.729067,-0.15204296
P0C0N1,0.10816011,0.8791318,0.10645957,0.08030911,-0.34042916,0.20812829,-0.15262854,-0.2083294,0.67075807,-0.39098188,0.867402,0.3512538,-0.78369373,0.46322808,-0.46971866,-0.9234567,0.022458635,-0.09096173,0.11402568,0.7038288,0.4383338,-0.21927091,0.7059268,-0.1611444,0.062586755,-0.13768314,-0.324683,0.36670962,0.28478184,0.33475763,0.46876156,0.41118428,-0.23987743,0.8286434,-0.73123085,-0.5694317,-0.84729546,1.0721028,0.2802703,0.14810793,-0.9283861,-0.24744473,-0.3545853,0.07866817,-0.1755355,-0.9002296,-0.4586328,0.22757313,0.13540871,-0.3119418,0.14058769,0.17594424,0.098622456,1.2277164,0.2500988,-0.4997744,0.5075054,0.074827194,0.44451016,0.7805766,0.0888692,0.0025606137,-0.3668848,-0.069921665
P0AEY8,0.030459374,0.43519226,-0.047910586,0.1483374,-0.24876796,-0.024101373,0.18836798,-0.45827875,0.28057513,0.09399601,0.5599246,0.4712393,-0.357454,0.4073573,-0.023822304,-0.6949357,-0.4424654,0.13156185,-0.25333482,0.6066714,0.28125948,0.08606491,0.16716108,0.0671031,-0.073327824,-0.063227385,-0.30030864,0.4167321,0.43852505,0.41635674,0.075731814,0.069620244,0.07884512,0.6463763,-0.32103488,-0.3172701,-0.3510447,0.37975797,0.25497058,0.6002629,-0.6982904,-0.24074881,-0.2691269,0.43199685,0.19914697,-0.34510547,-0.335748,0.42772985,-0.042631075,-0.094440386,0.1616252,-0.30440557,-0.15267657,0.42510933,0.24351226,-0.17414677,0.9298491,0.16389221,-0.079355456,0.45922753,-0.14595416,-0.3678427,-0.009609193,0.28462854
P61254,-0.8022133,0.055685468,0.2237135,0.20434165,-0.26188508,-0.1677436,0.1381135,-0.8243756,-0.39151606,0.57765186,0.093474194,-0.11553544,0.3187768,0.1872108,1.2112753,0.9239654,-0.16309887,0.04437066,-0.43240607,0.07652861,-0.5140474,0.12580615,-0.5129232,-0.37846175,0.043369528,0.8225424,0.14660074,-0.8453484,0.3190949,0.09833573,-1.1441289,0.22031206,0.25169042,-0.47580186,0.46105006,-0.086795,-0.10497386,-0.27756354,-0.08626326,0.13708028,0.54312724,-0.5006614,0.6573541,-0.30633396,0.24623433,0.11883661,0.23698604,0.34303835,1.067222,0.036611468,0.27144715,-0.4111004,-0.18447836,-0.8906948,0.3716051,0.5206906,0.37396735,-1.0374165,-0.047531076,-0.38744938,-1.0302154,-0.7106158,-0.7190452,0.44130453
O17670,-0.45874348,0.34297118,-0.31748933,0.09305647,-0.14817767,0.21288416,-0.028266385,0.21522318,0.22013901,-0.46967545,0.5405916,0.52297807,-0.34616014,-0.001276657,-0.42706832,-0.24749337,0.15203488,0.5256487,-0.10873582,0.6003216,0.20181482,-0.014207527,0.58973736,-0.23037784,0.37164405,-0.22305667,-0.428118,0.17511727,-0.11715801,0.44563234,0.6236438,0.39592108,0.24286944,0.6351059,-0.34295893,-0.7815818,-0.34938222,0.6747262,0.5013308,0.10150126,-0.5693596,-0.17160541,0.19702935,-0.30848047,0.070480525,-0.8170336,-0.2169007,0.0589407,0.0033559492,-0.15668677,0.05219719,-0.09743537,-0.16757993,1.277559,-0.19146986,-0.31759304,0.1010416,0.1946386,0.80662566,0.71696866,0.1716508,-0.14493473,-0.13201606,-0.43512556
P08048,-0.8207195,-0.3187379,-0.40403974,0.16694921,0.108444884,0.15723485,0.28053153,0.34924057,-0.28758505,-0.021430157,0.0857636,0.49074003,0.27956045,-0.25783694,0.033554856,0.436208,-0.032963775,0.6245479,-0.49668884,0.38322982,-0.10725063,0.22481053,0.07864051,-0.15996647,0.37357917,-0.1803728,-0.37512916,0.15250577,-0.16872317,0.3232038,0.31314823,0.11086666,0.50164187,0.3108991,0.21555766,-0.5639446,0.26799712,-0.1715632,0.43486762,0.27075526,-0.068912886,-0.11180404,0.48687723,-0.30693826,0.3790933,-0.28313607,0.18665318,-0.005297715,-0.19055878,0.04242292,0.03791073,-0.42268595,-0.39790338,0.3947174,-0.46104097,0.042203188,0.09843944,0.20930897,0.4637964,0.31279826,-0.067474425,-0.47093174,0.1892725,-0.21588156
P10826,-0.881639,0.041917324,-0.15439476,0.12421338,-0.26469496,-0.17485906,0.43619865,-0.6519324,-0.41155297,0.7077026,0.0777318,0.40506092,0.37297505,0.2519079,0.89693546,0.44127905,-0.44893932,0.7107863,-0.7576022,0.59444004,-0.3936664,0.30258158,-0.5640152,-0.035131216,-0.05893362,0.3819556,-0.35509664,-0.11123939,0.52619433,0.39444816,-0.72313833,0.047637608,0.44084278,0.2298559,0.57720363,-0.29558367,0.2575757,-0.31129405,0.2950019,0.57229865,-0.16012518,-0.6326039,0.4669641,0.18698886,0.41841716,0.050053105,-0.028568394,0.5406235,0.47425133,0.26869082,0.39317605,-0.7643046,-0.67591715,-0.6483052,-0.009427485,0.53155696,0.83893573,-0.45907247,-0.18375576,0.16845608,-0.78654647,-1.1183752,-0.008674011,0.56785035
P04370,-0.9944514,-0.37684798,-0.32066035,0.2559996,0.08081558,0.051471453,0.40138847,-0.047533296,-0.51941246,0.33320746,-0.032888815,0.32209477,0.56071657,-0.14924262,0.59807,0.804537,-0.17074934,0.5098274,-0.6167364,0.26478633,-0.37877762,0.33119386,-0.28554136,-0.16528815,0.20660749,0.11870046,-0.2397751,-0.19808751,0.03237423,0.24016666,-0.3350283,0.045149792,0.6280787,-0.0034140386,0.56021595,-0.4065721,0.3286087,-0.48378924,0.28125784,0.2632674,0.24429038,-0.22626905,0.5849524,-0.30154428,0.5210922,-0.00046332926,0.25512725,0.16753675,0.14677249,0.051197097,0.16270372,-0.54902935,-0.4254871,-0.29488647,-0.26085386,0.28517365,0.25323975,-0.18955468,0.21676862,-0.006683141,-0.5419102,-0.6968435,-0.030962043,0.09945463
Q9Z0E3,-0.85720825,-0.88585585,-0.45240986,0.15609267,0.25124127,-0.028370406,0.6869659,0.057304308,-0.7964981,0.73827374,-0.3080777,0.45209,0.755321,-0.3277116,0.7609654,0.9689972,-0.6690061,0.87777036,-0.9346526,0.27508715,-0.39626718,0.56286395,-0.83158773,-0.06736566,-0.027237725,-0.014555588,-0.23953152,0.30656147,0.122953735,0.26371598,-0.17411973,-0.42450258,0.70591486,0.21823974,0.8238226,-0.23036206,0.9094592,-0.9730226,0.2758218,0.6853198,0.24854895,-0.08009598,0.5904059,0.19227159,0.5970883,0.5409215,0.3702978,0.1437692,-0.33182523,0.35504317,0.05669409,-0.885721,-0.86854935,-0.70759916,-0.65533924,0.5734734,0.39300686,0.117219456,-0.19435629,0.061894134,-0.3529669,-0.9230254,0.56988317,0.43538392
P0CG47,-0.3094004,1.1892854,0.18763578,0.1428365,-0.69984084,0.21206911,-0.20251179,-0.8835538,0.6341637,-0.11462637,0.81563234,0.42669418,-0.43350893,0.65518224,0.22620767,-0.52899665,-0.0018840209,0.09111362,-0.042928047,0.7296034,0.1645047,-0.1327623,0.36819154,-0.56025386,-0.008478288,0.40970585,-0.34804028,-0.27007893,0.4655321,0.3151039,-0.5701196,0.7548459,-0.13096026,0.4799758,-0.2317962,-0.78771204,-1.0561726,0.88899195,0.18720087,-0.16847917,-0.92569417,-0.5903301,0.19690415,-0.018852878,-0.012953114,-0.8092727,-0.37400696,0.49781373,0.9575607,-0.36452138,0.5028074,-0.0019321777,-0.054096203,0.7188842,0.61070424,-0.16060045,0.5769385,-0.66081876,0.47721347,0.61627513,-0.685108,-0.52535343,-0.78597814,0.28329718
Q9VD72,-0.7686579,0.43360987,-0.016360596,0.1869158,-0.3960407,-0.1407373,0.26067752,-0.78048027,-0.1170602,0.41324204,0.31535077,0.35994536,0.15146425,0.40883344,0.70671403,0.1526584,-0.26501352,0.4325772,-0.4912502,0.59868455,-0.27833587,0.1793108,-0.23128042,-0.14493927,0.0054697804,0.41897568,-0.28834826,-0.29110757,0.51245505,0.39022052,-0.7162409,0.30505875,0.3245844,0.18289106,0.3402982,-0.40218666,-0.20053992,0.055653423,0.26330745,0.33870882,-0.26241335,-0.6433777,0.39776957,-0.004479319,0.36726406,-0.27434117,-0.13814548,0.5620833,0.6606487,0.03653696,0.39810237,-0.5435607,-0.36792663,-0.28107977,0.25113928,0.2812007,0.7622359,-0.5664625,0.02084788,0.18459918,-0.8593621,-0.96195596,-0.38605344,0.3945446
P01579,0.21362227,-0.8296639,-0.17974086,0.114657104,0.71608263,0.30384305,-0.042664915,1.1844797,-0.119591,-0.4113824,-0.059711292,-0.107246906,0.018599868,-0.6178233,-0.75777996,0.34005237,0.40152222,-0.67213154,0.24097487,-0.63151443,0.12843895,-0.19230372,0.5959557,0.007925883,0.34291348,-0.78127146,0.094181314,0.21551017,-0.879833,-0.55307555,0.9057108,-0.3646246,0.1971286,-0.17584498,-0.48327398,-0.0135952085,0.037573963,-0.08201581,-0.03682331,-0.19765657,0.40959856,0.7402267,-0.28491575,-0.4222176,-0.14878254,0.038991913,0.3623737,-0.52963835,-0.7324181,-0.40488833,-0.70224977,0.35566092,0.46706745,0.6787054,-0.48372197,-0.4726613,-0.6575314,0.68191326,0.50740194,-0.075220495,0.716646,1.0531416,0.081106216,-0.74454695
P39533,-0.014163539,0.8843846,0.10515343,0.10114825,-0.4377565,0.19982564,-0.1314758,-0.3614267,0.6203283,-0.30523863,0.82911897,0.39426807,-0.66622055,0.50748634,-0.2991599,-0.8169694,-0.051047757,0.0012440011,0.040365875,0.7572883,0.35520655,-0.15707402,0.57822746,-0.21909088,0.026125547,-0.0049464256,-0.32892805,0.2649963,0.34667838,0.3734129,0.2503963,0.44577295,-0.14353582,0.7999652,-0.5710617,-0.6090046,-0.8177259,0.97300845,0.30554232,0.15792035,-0.9083875,-0.32992288,-0.21708089,0.09036901,-0.08402565,-0.8627528,-0.4377978,0.31131887,0.2815111,-0.3084892,0.22505167,0.06572911,0.020196874,1.0738065,0.28767982,-0.39710554,0.5584197,-0.041968793,0.4074697,0.7200732,-0.07775797,-0.16148096,-0.41236162,0.039130077
P14618,-0.41036892,0.7742747,0.08223593,0.18936692,-0.5122613,-0.04432584,0.14528573,-0.8995739,0.22824691,0.3073309,0.52107316,0.43908092,-0.18593623,0.57373285,0.45892492,-0.40214312,-0.39506587,0.2842205,-0.32861298,0.7639975,-0.013117611,0.060771346,-0.047209322,-0.1434214,-0.0773609,0.35814515,-0.33886534,-0.027749244,0.63391215,0.44700664,-0.61515176,0.32390895,0.1106268,0.44698185,0.02203887,-0.47197247,-0.50645393,0.3733797,0.2852344,0.41830876,-0.6696915,-0.6220574,0.12824985,0.26630765,0.22538798,-0.41008604,-0.3590809,0.6222641,0.5945571,-0.07801172,0.4251369,-0.41914177,-0.24981308,0.054292306,0.4383572,0.07872256,0.9763312,-0.41879255,-0.060293354,0.43507665,-0.70555115,-0.81165403,-0.36635333,0.46846184
Q75NZ0,-0.22754848,0.55426437,-0.07446548,0.1650119,-0.34210122,0.06525453,0.15286288,-0.48023212,0.33781794,0.006891802,0.59011763,0.56404734,-0.33312687,0.42944556,-0.036055844,-0.64658535,-0.39969605,0.3111451,-0.28113917,0.7760359,0.23769994,0.101216905,0.22625047,-0.031981446,0.021157753,0.011044204,-0.4028027,0.32291916,0.44115466,0.56102616,0.029868744,0.18830124,0.17416011,0.73682207,-0.22014931,-0.5078705,-0.40628386,0.47127452,0.3768051,0.51762044,-0.7683852,-0.36603603,-0.09110714,0.3209715,0.22527166,-0.5567865,-0.38390264,0.45889673,0.10816013,-0.14023054,0.27164444,-0.38135126,-0.20768546,0.6016715,0.19800098,-0.14326334,0.87535703,0.08343799,0.083394974,0.5778227,-0.21625733,-0.52258945,-0.08569771,0.23989892
P62837,-0.7607709,0.4735975,0.06687615,0.091162555,-0.46644577,-0.25613928,0.26862317,-1.0779163,-0.13369308,0.6382427,0.22287172,0.24080248,0.10854584,0.45165345,1.0696983,0.29009253,-0.30547783,0.537342,-0.5725574,0.58565617,-0.32849914,0.1298792,-0.4207632,-0.21979845,-0.09339599,0.67446387,-0.22558062,-0.401192,0.68112355,0.42206877,-1.0737195,0.28644577,0.14983928,0.04128028,0.36582795,-0.30048412,-0.20600072,0.02414185,0.15788063,0.36154515,-0.12523057,-0.80778456,0.5944442,0.14927018,0.34866837,-0.081405066,-0.12677431,0.5987116,0.92367065,0.2251739,0.5493717,-0.5479281,-0.48214796,-0.66356564,0.4534907,0.5288973,0.859405,-0.8478475,-0.1989651,0.19949867,-0.9071476,-1.1378776,-0.4418402,0.58735615
Q8N0Z3,-0.49388096,-0.28751156,-0.4227061,0.20029236,0.2434973,0.18620788,0.1732163,0.64251685,-0.1163948,-0.34873858,0.31175,0.38710096,-0.02343706,-0.26942328,-0.44121987,0.15732747,0.16242659,0.22964391,-0.1324153,0.23738675,0.056181386,0.020310761,0.5226171,0.06504862,0.42562467,-0.48017243,-0.37611586,0.20724714,-0.27237824,0.16436563,0.6994178,0.11211553,0.3881965,0.37334874,-0.22009231,-0.62167263,-0.02866546,0.13862136,0.36031273,0.1279001,-0.15740839,0.14004317,0.02448859,-0.3929175,0.17015922,-0.49406666,0.039018214,-0.10907049,-0.4220933,-0.2181965,-0.17890272,-0.08728601,0.043827254,0.96360844,-0.40759298,-0.3826363,0.015211426,0.42526835,0.69846374,0.3056593,0.24094297,0.14265794,0.045401126,-0.5317605
P37231,-0.7913512,0.12377123,-0.17986104,0.15975308,-0.25028104,-0.13301942,0.41667312,-0.5928647,-0.28820685,0.581721,0.1693664,0.50526917,0.25754708,0.26463738,0.68693113,0.177204,-0.4772786,0.67524457,-0.6916143,0.6455773,-0.27359694,0.28612655,-0.3771256,0.03518586,-0.015056852,0.24815628,-0.4160366,0.0003134571,0.48052612,0.48190373,-0.56812745,0.03975376,0.45365205,0.35270894,0.4285225,-0.32384974,0.16546896,-0.21308228,0.33679873,0.63126576,-0.30794907,-0.60823,0.30944464,0.23672849,0.39642817,-0.07053269,-0.13922521,0.5645091,0.3590155,0.20562077,0.36068824,-0.7474259,-0.58196855,-0.40275002,0.0031460105,0.39557025,0.9325789,-0.29349208,-0.151268,0.2569286,-0.70087755,-1.0364689,0.046824783,0.5023516
P53350,-0.7457142,0.34111038,-0.09691481,0.13674447,-0.36608604,-0.14514558,0.36511335,-0.7301177,-0.15105852,0.5660146,0.26420563,0.48779926,0.15206534,0.36130378,0.6920093,0.055383794,-0.50065595,0.64443874,-0.6559445,0.7230123,-0.2257797,0.24654907,-0.3719408,-0.020548046,-0.03254028,0.3105384,-0.42574078,0.008687895,0.56338096,0.52125657,-0.62509817,0.10280164,0.3230738,0.4121808,0.38395134,-0.33334264,0.04908189,-0.053277552,0.3532692,0.63501644,-0.44728017,-0.6741397,0.30874977,0.29854047,0.32111317,-0.15945983,-0.20394263,0.58840847,0.4616305,0.21049021,0.39988527,-0.72170323,-0.5695727,-0.3456124,0.082001045,0.36939016,0.9816609,-0.37009835,-0.19072428,0.3390425,-0.74407053,-1.0894578,-0.026066877,0.5425531
C6KRN1,-0.3985175,0.3594381,-0.3335948,0.11702171,-0.06808081,0.20906207,-0.04286088,0.344624,0.23075424,-0.644617,0.5938706,0.43419152,-0.4378138,-0.03299751,-0.58893013,-0.26748747,0.3011626,0.41279694,0.054305732,0.5013177,0.19486418,-0.080603026,0.7871249,-0.25336635,0.39731088,-0.31037092,-0.41936624,0.051849205,-0.21393046,0.37422824,0.7702132,0.48080686,0.22521955,0.5715439,-0.45475957,-0.80643284,-0.49387473,0.81941676,0.46297762,-0.056368425,-0.48408076,-0.11682312,0.06937852,-0.49131477,-0.00023352727,-0.90809625,-0.28323153,0.020603063,-0.010978927,-0.24082755,-0.036754638,0.06831989,0.018914614,1.4886768,-0.17369403,-0.43582323,-0.057207868,0.1701721,1.038512,0.70875025,0.22834696,0.08101806,-0.28961247,-0.59436005
P00942,-0.11582878,0.9242699,0.09257664,0.106458634,-0.5194748,0.20712015,-0.109174386,-0.491462,0.6049984,-0.22403875,0.8112885,0.47032553,-0.60079575,0.5431211,-0.17839023,-0.7871876,-0.1523427,0.12242434,-0.04570049,0.86574334,0.32261008,-0.097841114,0.4489414,-0.25842077,-0.008899663,0.09496102,-0.35394943,0.2534228,0.44684255,0.45785248,0.09429717,0.45362166,-0.09220574,0.83616555,-0.4312678,-0.65286094,-0.78583425,0.9102412,0.35758993,0.19974552,-0.9611786,-0.40205768,-0.13063374,0.16536081,-0.038995128,-0.8497435,-0.4428394,0.38943738,0.35725772,-0.27907306,0.3157088,-0.054086275,-0.08246963,0.9803307,0.2945011,-0.31035256,0.65449077,-0.105708554,0.35072303,0.75236845,-0.18051302,-0.3384231,-0.39429063,0.16037697
P51948,-0.6522547,-0.038629428,-0.26299334,0.21768843,-0.10949013,-0.09272684,0.43335712,-0.3477389,-0.2334902,0.35239008,0.21950583,0.5457159,0.20471306,0.15328375,0.4063342,0.060766257,-0.42047888,0.51103187,-0.5932845,0.55729145,-0.12700884,0.2948985,-0.13683344,0.11114162,0.026442256,0.048768386,-0.39866823,0.12020175,0.3337843,0.46576267,-0.2742457,-0.018591698,0.5174347,0.36672556,0.2661528,-0.330096,0.09356406,-0.21208271,0.30510312,0.618006,-0.30235657,-0.39335576,0.13398871,0.16820997,0.4325409,-0.13553107,-0.1267691,0.49021694,0.08672025,0.0720253,0.23724401,-0.65854275,-0.40013462,-0.13042115,-0.042011645,0.18891579,0.85361433,-0.023662694,-0.007895969,0.21103019,-0.492957,-0.7345118,0.09826444,0.30618113
A8AWA0,-0.15236205,1.106499,0.20451555,0.12625024,-0.6217004,0.20784295,-0.19528678,-0.68808836,0.6111147,-0.2206378,0.8779216,0.33395278,-0.5747432,0.62223554,-0.028392684,-0.6570341,0.040893964,-0.08697518,0.061404616,0.7873761,0.21584864,-0.20422581,0.46365255,-0.39086506,-0.043064643,0.25782976,-0.32054794,-0.0182993,0.4347195,0.24102163,-0.19160512,0.64447826,-0.19918865,0.6011275,-0.37777007,-0.654715,-1.0202155,0.9627519,0.23342684,-0.07650399,-0.9329767,-0.48465726,-0.06163191,-0.0060761087,-0.110798314,-0.8554717,-0.3861536,0.39800948,0.68887484,-0.37104696,0.36124834,0.08785653,0.04538371,0.86516523,0.4592003,-0.30732867,0.53568655,-0.42056018,0.44993314,0.6243429,-0.4699126,-0.2725231,-0.7001869,0.1922126
P56192,-0.48681527,0.3240452,-0.16085173,0.136505,-0.2885721,-0.06994285,0.3556884,-0.59324485,0.044665713,0.35118547,0.3482378,0.60007334,-0.024682716,0.29956225,0.35155207,-0.31268746,-0.6142222,0.60559326,-0.5783026,0.7546531,0.035211667,0.25898278,-0.17697416,0.036276072,-0.011961941,0.10624634,-0.43623078,0.29711598,0.47992304,0.6369385,-0.27671546,0.004488359,0.29681525,0.6362352,0.18410212,-0.30642194,0.015116714,0.055376843,0.39117846,0.7811677,-0.6403255,-0.5076848,0.09686451,0.4734586,0.31059143,-0.23152165,-0.280799,0.537043,0.13689972,0.15833797,0.31372714,-0.6817567,-0.5159172,0.0013337284,0.035473276,0.19037387,1.0383732,-0.023553379,-0.20695525,0.4696553,-0.4574619,-0.9087217,0.1806936,0.4784068
P19926,0.23245695,0.30987576,-0.27277753,0.07626107,-0.11916581,-0.047376968,0.27220416,-0.25988272,0.37528235,-0.09395232,0.5704735,0.576556,-0.45993826,0.32984045,-0.38063684,-0.9469885,-0.5087467,0.33097294,-0.27546546,0.5817787,0.4989447,0.13487826,0.27441502,0.17297676,-0.052620027,-0.32756072,-0.3732403,0.7051875,0.4154232,0.57474774,0.54915226,-0.010367353,0.081678465,0.8867944,-0.44098833,-0.35242495,-0.25011116,0.47720894,0.3192496,0.69671094,-0.7967022,-0.08281444,-0.3749771,0.6088462,0.2808722,-0.4536549,-0.3776236,0.3376041,-0.46102962,-0.06678597,0.089216754,-0.27964193,-0.24569722,0.7388197,0.14312209,-0.29387796,0.8980248,0.55512625,-0.047473423,0.63859236,0.2606455,-0.27664533,0.2966134,0.18606703
Q42525,-0.26447365,0.34276503,-0.18684345,0.16936837,-0.22892444,0.012971397,0.2528689,-0.3897257,0.20651145,0.050217353,0.4902374,0.6076715,-0.23148799,0.3142328,-0.037224133,-0.5527416,-0.45158303,0.41111267,-0.3689365,0.7132881,0.21520998,0.16057935,0.17113672,0.072328344,0.036941346,-0.064374655,-0.42506623,0.38523862,0.3841408,0.59110934,0.09524614,0.08125069,0.27921227,0.7060092,-0.14906389,-0.4460281,-0.23800223,0.2905835,0.3765589,0.623881,-0.6827578,-0.3240479,-0.08475781,0.35671625,0.29135668,-0.44921392,-0.3303821,0.4430274,-0.037701182,-0.06909591,0.22721526,-0.47678494,-0.27719638,0.48645353,0.09692304,-0.09142111,0.893946,0.19523194,0.03904693,0.5167909,-0.17028992,-0.5480258,0.084232494,0.23025107
O95704,-0.7830039,-0.32054043,-0.2730616,0.14310388,-0.07769576,-0.1573336,0.53158987,-0.4160173,-0.55489105,0.70437336,-0.037489325,0.43380362,0.5037335,0.07257507,0.8032048,0.5564799,-0.56425744,0.693196,-0.8262499,0.45017928,-0.35832936,0.38040006,-0.62975246,0.042448565,-0.097628355,0.22611672,-0.30646122,0.07955222,0.39781561,0.3286349,-0.48561433,-0.14713445,0.54073036,0.24996296,0.6228044,-0.22114849,0.4906181,-0.5481116,0.26462132,0.68767196,-0.06062968,-0.40195748,0.37592468,0.23939279,0.4708034,0.24151267,0.078496896,0.44367957,0.1412386,0.28616047,0.25981757,-0.8124051,-0.70370203,-0.71092045,-0.19761421,0.50985944,0.7661787,-0.22131683,-0.21822628,0.04488662,-0.6301316,-0.99548626,0.21410024,0.5419185
P0A3J0,-0.097159296,1.0641834,0.21831279,0.12910394,-0.59961474,0.18751466,-0.16650984,-0.69122094,0.59351766,-0.16491568,0.8727433,0.35844398,-0.58093643,0.6458703,-0.027665462,-0.70846546,-0.030831777,-0.105982356,0.035255805,0.79240316,0.22924037,-0.18159597,0.4223255,-0.32415494,-0.07678704,0.24357605,-0.31307983,0.04918587,0.47780192,0.24477565,-0.17640767,0.58266556,-0.2023561,0.6268677,-0.38602927,-0.628576,-0.9776725,0.90827894,0.22080001,0.0059960783,-0.9426226,-0.47344354,-0.12482069,0.062172517,-0.09081815,-0.7974924,-0.40801212,0.41659355,0.6054059,-0.36522764,0.34236738,0.0589421,0.046683114,0.8148361,0.45813024,-0.30284804,0.6172044,-0.35781926,0.37010488,0.60860336,-0.4584117,-0.28518456,-0.6430966,0.2394312
P0A0M0,0.34874594,0.39218023,-0.17904773,0.099996395,0.18840645,0.2140299,-0.15371355,0.50877494,0.49456218,-0.65417784,0.63016,0.3146808,-0.68699205,-0.04987774,-1.0433531,-0.8694628,0.17625803,-0.17032915,0.25746948,0.24824914,0.47850132,-0.29614332,0.98322654,0.11257309,0.25251594,-0.71306384,-0.31773025,0.5380942,-0.28134522,0.14109898,1.0793636,0.12082974,-0.15564385,0.64007527,-0.9435076,-0.41990072,-0.6190183,0.9603119,0.35071316,0.112806275,-0.68984383,0.2471719,-0.63549733,-0.111180864,-0.27752966,-0.7875883,-0.4274321,-0.09360311,-0.4682612,-0.32167244,-0.27152443,0.29428834,0.35462233,1.5491375,-0.10391223,-0.74185824,0.116353706,0.5831245,0.6657663,0.719613,0.666386,0.6339222,-0.054929994,-0.6238534
Q9Y4K3,-0.69290423,0.023425035,-0.18186341,0.1755737,-0.19477786,-0.14957345,0.4097822,-0.5255102,-0.31400964,0.49558613,0.1679517,0.43735144,0.27587178,0.20217654,0.6274019,0.25039464,-0.43848962,0.53386545,-0.64566314,0.5064954,-0.25985032,0.25184757,-0.34241012,0.018249154,-0.04593509,0.23316234,-0.31281382,-0.010677803,0.4226036,0.38381487,-0.48609945,0.031573903,0.45647213,0.2704704,0.39523774,-0.3049376,0.13307014,-0.22751182,0.2742631,0.58321667,-0.20633067,-0.47841433,0.27508456,0.15580449,0.40778983,-0.0368847,-0.07578123,0.5057624,0.28027597,0.13782266,0.2905737,-0.65411985,-0.4798801,-0.40391284,0.014035049,0.32031357,0.79869485,-0.28438747,-0.086340316,0.10654569,-0.66563654,-0.87151444,-0.011216819,0.420709
O00463,-0.64227784,-0.029479071,-0.15587781,0.23795627,-0.090960994,-0.040381726,0.2706996,-0.2527825,-0.25074866,0.15541881,0.24461477,0.24696146,0.24879983,0.077687494,0.37313995,0.36984688,-0.13216743,0.17539105,-0.38075852,0.27783298,-0.23579781,0.11908367,-0.03933444,-0.08176193,0.071807,0.14387476,-0.1881075,-0.14969604,0.18156475,0.1854018,-0.2728224,0.15012915,0.41110572,0.08708967,0.25772807,-0.37023705,-0.08995776,-0.0774658,0.21327451,0.26797685,-0.037504338,-0.24589346,0.23930344,-0.1959185,0.34042582,-0.21948008,0.043563403,0.2826702,0.24895136,-0.11252181,0.12038346,-0.35529095,-0.12352489,-0.06392217,0.0140088415,0.036275722,0.37868673,-0.25117475,0.2245126,-0.05617121,-0.55262375,-0.42662966,-0.268987,0.08333747
P01501,-0.1359353,-0.7725089,0.084552675,0.088496014,0.5694283,0.13025892,-0.0879212,0.8501537,-0.43284377,-0.19463992,-0.13683681,-0.4226456,0.2322866,-0.61225075,-0.19406754,0.94463813,0.7258981,-0.67097884,0.20734966,-0.6749769,-0.23175307,-0.21734327,0.2561558,-0.18332,0.25599936,-0.30458003,0.30885535,-0.28547904,-0.7898882,-0.85047966,0.39736202,-0.13354939,0.11367075,-0.6920581,-0.22438857,0.050972432,-0.05203349,-0.14825466,-0.18314987,-0.5015604,0.7278028,0.5577117,0.24776098,-0.82519525,-0.10449548,0.15575509,0.63360626,-0.5839394,-0.15000848,-0.36675608,-0.5763022,0.3378375,0.38753024,0.18482019,-0.29574567,-0.25041395,-0.98918307,0.11506306,0.52425045,-0.3846485,0.2986892,0.9437848,-0.3582201,-0.7911236
Q13480,-0.95038795,-0.042086504,-0.28395668,0.1892997,-0.08364068,0.079594605,0.29692096,-0.12240471,-0.2795878,0.19510996,0.14644253,0.45688754,0.36148006,-0.023891918,0.3795633,0.44073725,-0.16898504,0.6304401,-0.59754217,0.50851727,-0.24973342,0.2648076,-0.11678932,-0.187193,0.22271046,0.087512195,-0.3543647,-0.02288175,0.12217233,0.3743834,-0.14576888,0.18567994,0.48472416,0.27982542,0.4305543,-0.53417903,0.18826818,-0.17258431,0.4125039,0.28901744,-0.12102441,-0.3526123,0.5453675,-0.19506353,0.419879,-0.29507673,0.08602964,0.20705146,0.16946818,0.06987634,0.21162158,-0.5529626,-0.44727573,0.07618354,-0.26845488,0.18631697,0.32764438,-0.14272521,0.2871533,0.23239139,-0.47898394,-0.80474234,-0.012725517,0.09022164
P00546,-0.611807,0.6521321,0.07301353,0.1563061,-0.5008836,-0.15740076,0.22034165,-0.9938076,0.049374137,0.49538162,0.37193513,0.3643698,-0.022318706,0.52408236,0.7485799,-0.0867479,-0.36768666,0.41332757,-0.45800868,0.695248,-0.18600692,0.099218465,-0.2402727,-0.14878425,-0.087038636,0.4918796,-0.3175478,-0.21985458,0.65173626,0.45485485,-0.86562794,0.3131842,0.15597048,0.25066867,0.20380089,-0.3936345,-0.35035458,0.19825889,0.2550569,0.41650087,-0.44396514,-0.73139805,0.34924504,0.19365826,0.28218785,-0.26075232,-0.26771638,0.6466933,0.7544343,0.07176648,0.470659,-0.49200496,-0.3728238,-0.31276488,0.4375208,0.2944705,0.95409536,-0.6306456,-0.1349178,0.31443143,-0.8553467,-1.0118434,-0.39631245,0.5134911
P68777,0.015037715,1.0976123,0.19596025,0.06299977,-0.4806172,0.2757303,-0.2587034,-0.38785002,0.720212,-0.36656538,0.9309805,0.34693265,-0.81092584,0.53022796,-0.36292586,-0.8638972,0.10976174,-0.110953696,0.13056448,0.77567065,0.4134382,-0.28179958,0.674795,-0.30808616,0.042840045,0.038287953,-0.34886926,0.2309534,0.32102883,0.28575522,0.24274911,0.5573477,-0.34366554,0.80357546,-0.67135936,-0.6338073,-0.96306455,1.1619636,0.25903708,0.02867642,-1.039871,-0.39045402,-0.23975122,0.036815748,-0.28540155,-0.9419563,-0.44403675,0.23366222,0.4006174,-0.32352287,0.24624676,0.22448,0.038921494,1.2107494,0.32463256,-0.43866593,0.47515512,-0.16124606,0.49403888,0.8228199,-0.11257024,-0.11030778,-0.50818616,0.012322543
P60174,-0.30443627,0.90328735,0.10068707,0.15431614,-0.5729772,0.084366396,0.018014416,-0.7769078,0.42229986,0.08777373,0.655331,0.49664608,-0.35178167,0.60082257,0.19483066,-0.6188967,-0.34386125,0.26863945,-0.22361064,0.8896897,0.13131133,0.017603768,0.13414693,-0.22823623,-0.049530495,0.27634412,-0.36257404,0.10889275,0.60953283,0.48880625,-0.34471312,0.40017745,0.017954715,0.66102904,-0.11399483,-0.5867349,-0.6415643,0.612629,0.3698413,0.34251016,-0.88103074,-0.5501654,0.0316351,0.28051743,0.13354714,-0.6311905,-0.41367456,0.5581501,0.5135048,-0.17377184,0.4159018,-0.3274547,-0.19515634,0.4785599,0.3775837,-0.08343298,0.88373107,-0.28653884,0.10414264,0.6184727,-0.51151156,-0.6826353,-0.3733179,0.38858238
P20937,-0.5781169,-1.0010169,-0.14299674,0.048413932,0.16156189,-0.21834902,0.43048975,-0.0766485,-0.9439562,0.7709035,-0.5783577,-0.0023757815,0.9068782,-0.42520005,0.9653206,1.3951954,-0.36306295,0.3010231,-0.6097055,-0.37463236,-0.64378434,0.3481969,-1.0278902,-0.17897439,-0.11020355,0.2410455,0.21009193,-0.3082874,-0.06772934,-0.35887235,-0.67450535,-0.35099357,0.5933684,-0.59709305,0.90199304,0.18751031,0.7173666,-1.1594862,-0.011030622,0.24453072,0.81397635,0.14827691,0.76764756,-0.027742542,0.44777766,0.81443954,0.71262664,-0.01346167,0.093713194,0.21796997,-0.18682104,-0.5799397,-0.43834147,-1.2745628,-0.30345607,0.5669116,-0.14853919,-0.22818293,-0.35795102,-0.6020398,-0.55151314,-0.44678396,0.066207275,0.30971375
P07814,-0.53254724,0.6734119,0.004983275,0.14476731,-0.4868411,-0.052283224,0.22043253,-0.79932564,0.18130334,0.36002484,0.44748002,0.53475356,-0.12050846,0.5084529,0.4363781,-0.3891731,-0.49967766,0.51102525,-0.46319273,0.85909706,-0.020411,0.14465888,-0.120815076,-0.08788044,-0.017242316,0.27749234,-0.4444701,0.08962311,0.616192,0.6027025,-0.50697064,0.22155759,0.17541233,0.5762857,0.14228106,-0.42405918,-0.26906794,0.28494123,0.41203603,0.6046109,-0.73552716,-0.66733015,0.15664655,0.38383973,0.23326264,-0.40666163,-0.3659502,0.6247967,0.46511385,0.06614752,0.41647837,-0.59322137,-0.40812704,0.046253815,0.23513122,0.16619232,1.0466955,-0.2947436,-0.12447231,0.53094995,-0.644899,-0.980407,-0.13475822,0.47847462
O75716,-0.37711212,0.1657103,-0.18132441,0.1669784,-0.19713591,-0.110022224,0.3856449,-0.5242502,-0.049065243,0.36518633,0.31383216,0.5407199,0.0026478916,0.2518964,0.35910007,-0.2414728,-0.5835953,0.44788244,-0.54299015,0.60875905,0.02331616,0.23110943,-0.15529168,0.11650264,-0.07452074,0.057351097,-0.36399877,0.29700866,0.43810382,0.5160842,-0.26270965,-0.04790451,0.33123225,0.5171347,0.1097536,-0.25797406,0.0036810338,-0.041981272,0.2946637,0.7633237,-0.5105272,-0.38140208,-0.004176475,0.4172388,0.32899022,-0.11320932,-0.23987323,0.5185801,0.049831536,0.10818915,0.24356773,-0.596397,-0.41641086,-0.09720741,0.083425134,0.13712716,1.0180308,0.009788856,-0.20480531,0.31170774,-0.4349479,-0.7299515,0.1537632,0.4408516
P0ADS2,-0.26785874,0.6900882,0.018531874,0.19156049,-0.3982322,0.121283144,-0.038742706,-0.31633386,0.399303,-0.31728318,0.7532082,0.22723779,-0.38200024,0.39947495,-0.13221505,-0.41363138,0.12336152,-0.127621,0.07613292,0.58447117,0.13377742,-0.117564626,0.54761285,-0.20880903,0.10957247,0.028336614,-0.31329703,-0.039608043,0.19140202,0.2201564,0.07617842,0.48341626,0.054639455,0.46045965,-0.32361344,-0.543525,-0.79507315,0.77087545,0.27904934,-0.045559004,-0.60578305,-0.25099295,-0.09552472,-0.19876248,0.03241926,-0.80492765,-0.25042194,0.30487594,0.44155002,-0.375817,0.15019697,0.014376227,0.18252268,0.8736494,0.28201786,-0.40151232,0.35976166,-0.18695277,0.54181874,0.42916465,-0.28203303,-0.048033267,-0.6359319,-0.12882257
A0A0D1DWQ2,0.12863305,0.11486105,-0.2566986,0.11459242,0.16720836,0.14941779,0.0057141557,0.4581845,0.30353054,-0.4623411,0.5203587,0.3799286,-0.49333468,-0.032478727,-0.79527724,-0.59934115,0.07419924,-0.026686326,0.08251378,0.2995042,0.37612075,-0.1474458,0.7517475,0.17707881,0.23418015,-0.6291207,-0.3419996,0.4996026,-0.15461324,0.15557563,0.8994701,0.08072683,0.04801958,0.60554487,-0.71953505,-0.48317793,-0.37694454,0.6067928,0.32384253,0.22694364,-0.5868527,0.21183456,-0.44085371,-0.04792326,-0.04480892,-0.590753,-0.27447322,-0.032934755,-0.5284369,-0.27786154,-0.22906044,0.1354081,0.1932056,1.271754,-0.15790893,-0.5847768,0.22637202,0.5901476,0.51922685,0.5480009,0.5162147,0.40250853,0.06629032,-0.48593315
Q8G6D6,0.021111801,0.97840595,0.1200013,0.06737958,-0.4306243,0.24804106,-0.179932,-0.32052025,0.6950238,-0.36053997,0.89537066,0.4022949,-0.77465665,0.4895948,-0.3865814,-0.89372414,0.0006043315,-0.012379169,0.07345012,0.80533636,0.4351138,-0.20724449,0.6382463,-0.24496399,0.042054232,-0.027554184,-0.34583348,0.33816952,0.33430383,0.38919002,0.34496027,0.46235996,-0.25267497,0.8736879,-0.64923036,-0.62993634,-0.8608325,1.0928789,0.30624753,0.13836974,-1.0147119,-0.3248558,-0.25531897,0.09986167,-0.19331744,-0.9234936,-0.45761535,0.2586442,0.24849464,-0.29801267,0.2244839,0.14118275,-0.006584715,1.2180244,0.2600225,-0.43794987,0.5361179,-0.015649632,0.45042485,0.8457127,-0.003981933,-0.12791139,-0.38384464,0.012282377
Q6ZU80,-0.5338882,-0.56364566,-0.090157926,0.19746129,0.3252068,0.067365974,0.08149848,0.4617245,-0.43622726,-0.0714326,-0.087556764,-0.19598654,0.42672244,-0.38368985,0.10203098,0.93708813,0.37867755,-0.36373004,-0.04135248,-0.43103454,-0.3888986,-0.09845148,0.19734389,-0.17936063,0.28161454,-0.09859918,0.04224118,-0.42195445,-0.4344824,-0.41133788,-0.0024219416,0.053217266,0.34715122,-0.5189188,0.13480201,-0.13637762,-0.0022394955,-0.2423721,0.033876825,-0.26283056,0.61386746,0.22254,0.28820458,-0.706401,0.12603807,-0.04681955,0.4157922,-0.25506768,0.08409632,-0.24199821,-0.30993414,0.06703211,0.29939884,-0.027292669,-0.2154529,-0.10155549,-0.5357002,-0.16579579,0.4993013,-0.40460193,-0.17881338,0.33512375,-0.43186557,-0.50817156
O08604,-0.6693362,-1.0134884,-0.24585377,0.07120676,0.2217067,-0.18995488,0.47656393,-0.0031831996,-0.98654306,0.7389543,-0.57107717,0.034032553,0.9404939,-0.48927426,0.9559076,1.4434063,-0.37650445,0.4447888,-0.65656054,-0.33172747,-0.6432979,0.41200104,-1.0191845,-0.20649788,-0.05347823,0.17247191,0.18380664,-0.24178009,-0.12997384,-0.24760301,-0.57614297,-0.39763907,0.64941967,-0.5388892,0.9239192,0.11963488,0.77520066,-1.1563302,0.024680726,0.2904747,0.7983401,0.19597568,0.82005775,-0.06815121,0.5125233,0.7992362,0.69430405,-0.025769478,0.012149549,0.25220752,-0.18978553,-0.6407235,-0.5510244,-1.1611228,-0.40683293,0.5641854,-0.17214106,-0.14833887,-0.30033562,-0.4844538,-0.4833523,-0.4916056,0.16488281,0.2554353
Q13501,-0.96765876,-0.59812856,-0.160742,0.13738276,-0.003386896,-0.12637684,0.49730524,-0.36759123,-0.80919003,0.7916435,-0.32361794,0.11687601,0.7393484,-0.12121747,1.1498435,1.2506148,-0.33505273,0.5559847,-0.7506805,0.094076484,-0.5801076,0.39670056,-0.91555965,-0.27425563,-0.041341443,0.49495342,0.0019471198,-0.38735312,0.27412307,0.019413352,-0.7874645,-0.08077439,0.59966326,-0.2680898,0.93064713,-0.17258911,0.5742598,-0.83850133,0.06954467,0.32202673,0.5337186,-0.26581416,0.8676541,-0.095104955,0.5625186,0.53323126,0.49024817,0.2032699,0.34729382,0.19675468,0.1961627,-0.67766875,-0.7198148,-1.0852779,-0.16984746,0.6515072,0.2106189,-0.5428151,-0.17547628,-0.26995498,-0.8101722,-0.95774806,-0.06904966,0.46872854
Q15046,-0.5354006,0.7384684,0.026660345,0.16763073,-0.5071485,0.00852267,0.15871717,-0.7574647,0.2509809,0.2513237,0.51739746,0.52205193,-0.152547,0.5460749,0.35686055,-0.4246688,-0.39490756,0.42882147,-0.38457847,0.86580455,-0.0047450364,0.11083369,0.0022736136,-0.13831943,0.014677685,0.2642636,-0.44525594,0.037651744,0.5904782,0.56132585,-0.4678791,0.3069649,0.17391253,0.57278454,0.07993259,-0.5204773,-0.40160343,0.38275802,0.40983552,0.47247747,-0.7609249,-0.6452907,0.14588398,0.28446716,0.23959754,-0.5211645,-0.3743895,0.61166173,0.49975726,-0.045172468,0.42506012,-0.52026093,-0.30534053,0.21817939,0.272111,0.07512106,0.96339977,-0.3025611,0.006857395,0.5354952,-0.63026774,-0.8849957,-0.24958938,0.39445245
O08583,-0.97685707,-0.24334204,0.1086922,0.14127575,-0.19248424,-0.11235165,0.22487384,-0.58298147,-0.6100072,0.62834036,-0.163016,-0.06871426,0.48921978,-0.036699273,1.1748089,1.2479728,-0.14710328,0.2050676,-0.5280641,0.078920186,-0.57653767,0.20993318,-0.68596506,-0.44878495,0.08221696,0.78455687,0.12025295,-0.7483361,0.19765252,-0.019880086,-1.0080819,0.13769993,0.3963604,-0.522499,0.71677035,-0.10339005,0.18717736,-0.54506576,-0.0101186335,0.08765917,0.63440686,-0.35606948,0.9049939,-0.36965865,0.3050879,0.302,0.46264276,0.16901067,0.86703813,0.08814551,0.1976985,-0.49529174,-0.41166204,-0.9780178,0.12398431,0.61116976,0.10503866,-0.8916139,-0.022262812,-0.3365486,-0.9593632,-0.78989166,-0.54859906,0.38768485
P0A6Y1,-0.61818993,0.5303646,0.28285557,0.2690299,-0.33226278,-0.014930402,-0.06007704,-0.76827663,-0.000787735,0.16583672,0.41330987,-0.13322145,0.10438603,0.2976586,0.81173605,0.39208972,0.088549696,-0.22651485,-0.07699685,0.18767051,-0.35889983,-0.030758021,0.007661799,-0.42985514,0.097344905,0.61286485,0.15005662,-0.82849336,0.22024283,0.034245208,-0.9057642,0.48541987,0.11651128,-0.3405306,0.18283126,-0.2340194,-0.5930841,0.2573735,0.030610878,-0.19267738,0.19533004,-0.41429394,0.42663756,-0.487822,0.14061444,-0.34789628,0.061634287,0.3601158,1.1182693,-0.2539497,0.21297044,-0.102781996,0.19777271,-0.22153588,0.49440834,0.07259541,0.26441067,-0.97775203,0.2750376,-0.18167472,-0.96807015,-0.37563303,-1.0401971,0.14923155
P91883,-0.06737539,0.9384273,0.09836161,0.10419133,-0.4446484,0.22964953,-0.16910225,-0.3101857,0.65298325,-0.4074686,0.8621253,0.3361186,-0.6956353,0.47496513,-0.34081498,-0.76431996,0.080643006,-0.051822208,0.109519064,0.745283,0.35126793,-0.21624859,0.67122614,-0.27944735,0.07257436,-0.015417293,-0.34313315,0.19023848,0.27071214,0.33570105,0.2752661,0.51902264,-0.1645981,0.7607088,-0.6033378,-0.6296257,-0.8981065,1.0691015,0.30750525,0.03780672,-0.8983624,-0.32416695,-0.19895795,-0.029867806,-0.16283026,-0.94843525,-0.4197379,0.2696318,0.36296096,-0.33141613,0.21731445,0.14865768,0.06811386,1.1812844,0.27797154,-0.43949828,0.43724793,-0.108982146,0.5372423,0.74110585,-0.078413874,-0.06988813,-0.50826347,-0.0682544
P59159,-0.0918847,0.99267066,0.12075548,0.08688651,-0.5411611,0.22812977,-0.16161561,-0.48960033,0.6340378,-0.26355714,0.8575946,0.43981495,-0.6549755,0.5458449,-0.21316895,-0.78487587,-0.062725045,0.076252945,0.0052043647,0.86938024,0.33147794,-0.14824381,0.49899885,-0.3014162,-0.0009174682,0.10385671,-0.357176,0.22918592,0.41097397,0.40769312,0.12660573,0.50490505,-0.15965271,0.82406574,-0.47578415,-0.66097,-0.85570395,0.99325174,0.34124756,0.1209796,-0.9983981,-0.40659568,-0.13776147,0.11164019,-0.10868557,-0.8915082,-0.43450573,0.3541654,0.41164672,-0.2932372,0.31416622,0.020628847,-0.06390844,1.0510477,0.2997719,-0.3372476,0.5892851,-0.15169917,0.42847672,0.78080267,-0.17891671,-0.27734885,-0.4551374,0.13412869
Q8LK65,-0.24335362,0.3064855,-0.27443522,0.15491267,-0.18335456,0.07430885,0.18795641,-0.16550316,0.27897626,-0.21687922,0.56789446,0.60282654,-0.32806316,0.22380283,-0.31847408,-0.5710427,-0.29312462,0.4164567,-0.2626313,0.7195114,0.30686957,0.09207854,0.39955875,0.07782914,0.11076458,-0.19107768,-0.45858395,0.4425331,0.26304427,0.59203804,0.43045947,0.15892327,0.27428353,0.80007255,-0.30947584,-0.5808032,-0.32190013,0.46645507,0.43926698,0.47278637,-0.71329397,-0.18323939,-0.10241685,0.20958555,0.25148365,-0.64353037,-0.33603474,0.30870226,-0.16321556,-0.15790935,0.15759432,-0.33839825,-0.18029968,0.92176497,0.0073123006,-0.2590106,0.655298,0.33298594,0.29180214,0.5874371,0.093603656,-0.32113245,0.052129924,-0.034561925
O33283,0.016514912,0.7462774,-0.012205944,0.101210445,-0.25983477,0.191361,-0.11182678,-0.07359874,0.5928328,-0.48219773,0.8131957,0.34716284,-0.6964268,0.32654136,-0.5135604,-0.78495973,0.06534479,-0.012350559,0.10532427,0.65722203,0.41082627,-0.18914095,0.74547195,-0.13737527,0.14409935,-0.22330573,-0.34600216,0.34476966,0.13341689,0.35597432,0.5722959,0.37103334,-0.13167945,0.77966994,-0.6955167,-0.58010864,-0.76369405,1.0276918,0.33519503,0.13686064,-0.8454867,-0.15340899,-0.29216915,-0.03457178,-0.13048571,-0.8997937,-0.42396882,0.17155735,0.06963039,-0.2921962,0.07492903,0.13661182,0.10140015,1.3193343,0.14756502,-0.5179369,0.38076365,0.13879138,0.5551627,0.7557936,0.17543228,0.08653937,-0.31998673,-0.23104897
Q9UNE7,-0.6899128,0.19958827,-0.19118257,0.15439801,-0.26326153,-0.11658183,0.40979332,-0.5804846,-0.15968426,0.47851852,0.25615734,0.56702626,0.15384495,0.27239725,0.5445707,-0.024749532,-0.5488896,0.6627526,-0.66422737,0.7090421,-0.1430186,0.29546997,-0.289773,0.051863864,-0.0071023144,0.1765205,-0.44682348,0.14394273,0.4764789,0.56544274,-0.42649114,0.01215371,0.40668002,0.4922237,0.3491466,-0.30578172,0.11808674,-0.121822566,0.3658791,0.7116551,-0.46813837,-0.5726681,0.20196033,0.34328377,0.36164835,-0.14567327,-0.20570174,0.5612502,0.2551149,0.19803768,0.33823046,-0.7577665,-0.5585009,-0.22559129,-0.0206833,0.31189263,0.9900449,-0.15697853,-0.16790166,0.3573571,-0.60771674,-0.9951681,0.12493707,0.493967
O15264,-0.6457585,0.5346848,0.033339918,0.16676243,-0.4451392,-0.16216625,0.24996233,-0.9083784,-0.03169787,0.4886494,0.33182704,0.36394134,0.04784301,0.46080527,0.7438942,0.00088882446,-0.35640347,0.42300183,-0.48750216,0.6364483,-0.21274512,0.13046929,-0.25832582,-0.1255509,-0.06899214,0.45258334,-0.29775834,-0.22188257,0.5962579,0.42500746,-0.8079131,0.274851,0.22534794,0.2273051,0.24477798,-0.3687462,-0.26027614,0.11792719,0.24821708,0.42422926,-0.3522659,-0.6917779,0.35370153,0.14793956,0.3092899,-0.22570433,-0.21539292,0.61533713,0.6961154,0.07921484,0.43776777,-0.51843816,-0.38409078,-0.34714258,0.3736671,0.30059582,0.9081542,-0.59394693,-0.11646638,0.2506032,-0.8385823,-0.98584723,-0.35522547,0.48301846
O43559,-0.77687085,-0.41506705,-0.4631086,0.15931089,0.10837211,0.028030608,0.5090948,0.017990204,-0.35986033,0.3060238,0.034141183,0.6186489,0.36468828,-0.15482122,0.244648,0.29713753,-0.4634834,0.78348994,-0.74961567,0.5484363,-0.09979479,0.38827783,-0.21998891,0.068706065,0.14887089,-0.14025903,-0.46567053,0.3987288,0.098784044,0.48610795,0.099225,-0.15605539,0.57180536,0.51444405,0.41604707,-0.37817743,0.49333292,-0.434141,0.42080227,0.66511333,-0.21267173,-0.22827442,0.33055863,0.18489096,0.47314593,-0.0148816705,0.062455542,0.20768315,-0.274937,0.21017113,0.1373933,-0.7613803,-0.6197979,-0.028752252,-0.46345025,0.26402697,0.590267,0.26494783,0.031509146,0.31902337,-0.1968189,-0.8108637,0.47716165,0.2572672
P0AE88,-0.1488873,0.63955075,-0.028756283,0.13163508,-0.39415857,0.04713213,0.14501312,-0.62235856,0.35812625,0.11749476,0.58986676,0.5644989,-0.37362352,0.48351207,0.06925072,-0.7150497,-0.49676958,0.3275049,-0.31157342,0.81773573,0.2526067,0.109615654,0.10007834,-0.052009135,-0.037926797,0.07468635,-0.38058352,0.36862332,0.5262568,0.5746979,-0.088340625,0.15631777,0.07941139,0.7555601,-0.17638338,-0.43821928,-0.3928674,0.46257037,0.36821082,0.60249,-0.8480992,-0.41185334,-0.1144383,0.471226,0.19130844,-0.46200907,-0.4083934,0.4965851,0.1422728,-0.07311635,0.30998453,-0.40538448,-0.28268045,0.46606982,0.25421363,-0.081567355,1.0012169,0.042111054,-0.06485171,0.6325761,-0.28099138,-0.61630976,-0.039036773,0.39852628
P0AFF6,-0.18395057,0.7807963,0.27311003,0.21780233,-0.43223017,-0.013321956,-0.07025671,-0.8009776,0.32866824,-0.008342668,0.6194783,0.0014502555,-0.2355443,0.5233647,0.33131397,-0.29849315,0.034803137,-0.42397258,0.08283715,0.34612727,-0.046365734,-0.16381195,0.2866773,-0.26512185,-0.07458842,0.4072971,-0.041784942,-0.4357976,0.37728533,-0.0072735697,-0.5949762,0.49922037,-0.04225687,0.025325555,-0.1419639,-0.29787594,-0.8899927,0.5946026,0.044303466,-0.10995576,-0.32679895,-0.35735112,-0.021811761,-0.17050114,0.072017625,-0.4983579,-0.20068365,0.44407526,0.8401966,-0.40931553,0.20990387,0.038107883,0.31337792,0.16343871,0.64965683,-0.20063132,0.46930498,-0.6672707,0.22917879,0.059892476,-0.737138,-0.16100073,-0.9494707,0.17162323
D9I2F9,-0.46838227,-1.1533874,-0.30892646,0.072267696,0.3011478,-0.15464467,0.59627503,0.09651214,-0.95543736,0.8438443,-0.49702525,0.27789536,0.8547273,-0.45558336,0.8355534,1.1322446,-0.6617611,0.54674166,-0.81161976,-0.123209804,-0.46992868,0.48865807,-1.0545963,-0.0056725666,-0.201482,0.008263424,0.10432796,0.2780817,0.048607912,-0.103268914,-0.263015,-0.6382945,0.61326855,-0.1834064,0.81940293,0.088971585,0.9543491,-1.2127445,0.10991972,0.68293095,0.4879612,0.21947832,0.50720114,0.25027746,0.48167416,0.856514,0.5564567,0.047374688,-0.44400808,0.35404092,-0.17456166,-0.7594531,-0.66393113,-1.0747379,-0.5677899,0.5339156,0.21147987,0.16576387,-0.42820042,-0.32223374,-0.27547765,-0.52910125,0.5355795,0.38617578
P0A7R5,-0.42048118,0.75542045,0.39569116,0.25115868,-0.39387187,0.113872305,-0.24474394,-0.69546443,0.24848555,-0.035675384,0.58607465,-0.24380702,-0.079785496,0.37846723,0.6002728,0.1462516,0.2737009,-0.517162,0.19757837,0.1677493,-0.28464252,-0.19336317,0.30292276,-0.5179491,0.11555879,0.51827884,0.17835289,-0.83357775,0.13921344,-0.11444747,-0.7742634,0.6032174,-0.06619049,-0.30989978,-0.014554523,-0.27142382,-0.882581,0.5620753,0.009069137,-0.4372409,0.023902496,-0.32299992,0.24659598,-0.5595856,-0.028521862,-0.5860572,-0.02694013,0.2895789,1.1724772,-0.43602872,0.15422395,0.14538656,0.4647499,0.1474132,0.56013775,-0.1770902,0.114617154,-0.9659758,0.42902273,-0.10811718,-0.8857187,-0.017026722,-1.2465422,-0.011567051
P21981,-0.2039133,-0.2581393,-0.3340034,0.053146146,-0.016096335,-0.21144982,0.53285956,-0.4003962,-0.2563481,0.527598,0.06285531,0.5267329,0.1920655,0.053335816,0.41921526,-0.056014314,-0.80225205,0.6254955,-0.7453918,0.42476332,0.012370065,0.328647,-0.4307458,0.1953696,-0.19079444,-0.02069363,-0.2718022,0.50623155,0.37275088,0.46296006,-0.11514625,-0.2949144,0.40395775,0.51413465,0.24801618,-0.022462398,0.4140151,-0.36895695,0.27290803,0.9902463,-0.37855458,-0.19250229,-0.008246407,0.63650596,0.4073691,0.274364,-0.072993465,0.46214688,-0.26261622,0.33774912,0.14472392,-0.70133996,-0.6559614,-0.48202473,-0.13442263,0.32973313,0.95657337,0.18470211,-0.42066562,0.18394868,-0.2545179,-0.76721156,0.5177887,0.5501269
Q12904,-0.7966299,0.6203922,0.028762326,0.1589949,-0.49167743,-0.09465985,0.20960206,-0.84307855,0.004195951,0.40096667,0.39222383,0.38846275,0.07895384,0.46967605,0.69450164,0.022346321,-0.28943092,0.51273793,-0.47897467,0.7408609,-0.23817591,0.16893455,-0.22302622,-0.20112309,0.032269124,0.4545894,-0.35227764,-0.24020125,0.57717824,0.47584313,-0.726947,0.35258305,0.21298015,0.2931949,0.33243993,-0.45630747,-0.26224688,0.17089167,0.3238913,0.3459199,-0.44569075,-0.7149295,0.4365564,0.084409654,0.3250163,-0.37948197,-0.18941689,0.5722472,0.71704733,0.062154055,0.45077243,-0.5774283,-0.40937927,-0.13951798,0.24517,0.2611926,0.8046606,-0.57004887,0.0011195466,0.35163048,-0.84538007,-1.0644286,-0.37775353,0.41252363
Q00613,-0.9290377,-0.32099763,-0.2642051,0.14934525,-0.076276734,-0.12190795,0.5271002,-0.40563127,-0.59568346,0.73184884,-0.08170028,0.4068064,0.56352395,0.061677985,0.8728796,0.6995934,-0.49465907,0.7457084,-0.8390041,0.46026266,-0.43064237,0.40014622,-0.67874825,-0.03784582,-0.04545037,0.28350183,-0.31423187,-0.034323607,0.39024454,0.3125794,-0.5648676,-0.09217234,0.5743795,0.18791421,0.7139783,-0.28261772,0.5124003,-0.5758282,0.27923098,0.583822,0.030938506,-0.4459134,0.5275742,0.1340479,0.5090171,0.23085569,0.1377529,0.40968874,0.22759223,0.2747029,0.2893069,-0.81773454,-0.75012875,-0.72478926,-0.23999657,0.570218,0.65653193,-0.3039229,-0.15532523,0.06673509,-0.6837278,-1.0729457,0.1582383,0.52481997
P23256,0.07586834,0.4931527,-0.12351112,0.09956639,-0.2666841,0.003070551,0.21849877,-0.4770491,0.39366826,0.08089539,0.55872315,0.59541184,-0.43591774,0.43741003,-0.11060338,-0.89093405,-0.5851298,0.3314729,-0.31987956,0.68981683,0.382721,0.13176724,0.14692165,0.053462774,-0.056244794,-0.11494374,-0.363837,0.54367006,0.51009434,0.6000904,0.1652883,0.049533408,0.077687144,0.8417763,-0.30594754,-0.3685811,-0.29058605,0.44050327,0.32675013,0.714179,-0.81406265,-0.28995228,-0.2604125,0.60900205,0.22802952,-0.42492843,-0.4195414,0.455726,-0.15546592,-0.04079587,0.21336359,-0.35295156,-0.2842915,0.4996385,0.22321148,-0.15118903,1.0360243,0.27821174,-0.14163297,0.6422422,-0.051487032,-0.5134559,0.15893047,0.3688926
P16568,-0.6738603,-0.16301426,-0.14597088,0.2539805,-0.036946584,-0.10711676,0.3339321,-0.3018775,-0.3601423,0.30834484,0.11221522,0.22631402,0.36618125,0.07085524,0.5555066,0.47236353,-0.18190664,0.16751456,-0.44334668,0.16945131,-0.30896413,0.17477985,-0.14336772,-0.012901545,0.04155368,0.2084372,-0.14845589,-0.31978613,0.19706997,0.16106015,-0.49049535,0.083905555,0.5182008,-0.07982348,0.3109117,-0.26081356,0.009437501,-0.25848618,0.14935838,0.29457483,0.15431271,-0.27350873,0.26801696,-0.20487347,0.44190827,-0.039709836,0.084654935,0.3699704,0.30999747,-0.08226364,0.14661244,-0.40298334,-0.15385985,-0.3680585,0.098458454,0.1655454,0.46525598,-0.33047622,0.12193219,-0.18139711,-0.6371057,-0.48703268,-0.27366653,0.13160531
Q8G879,-0.11472693,1.1111339,0.27853262,0.12834159,-0.56012833,0.18352512,-0.2768099,-0.6321192,0.6370271,-0.3528196,0.8654654,0.08574794,-0.5647804,0.5652718,-0.054942418,-0.56527334,0.28471076,-0.39553246,0.2582542,0.5315253,0.16678344,-0.32830584,0.6272591,-0.430892,0.030319903,0.27211547,-0.21791181,-0.2863504,0.25458485,0.015525855,-0.23026034,0.7368433,-0.26560077,0.3369251,-0.41070366,-0.5127816,-1.1497953,1.0482092,0.117607646,-0.32810163,-0.70931023,-0.41053936,-0.07009379,-0.23477599,-0.19341712,-0.8833535,-0.28677583,0.29232657,0.8622685,-0.47369784,0.24852881,0.2843643,0.3095668,0.8218162,0.57819915,-0.40401468,0.27927965,-0.57501966,0.5487007,0.4396713,-0.5294769,-0.01954961,-0.96932334,0.011675471
Q15637,-1.059364,0.16243124,-0.02449198,0.15408596,-0.25792497,-0.089102715,0.28018743,-0.7058049,-0.3566082,0.52205694,0.040286064,0.2129754,0.37254,0.16854373,0.98016405,0.6987982,-0.15650447,0.5637507,-0.57227176,0.42837992,-0.45649487,0.24669388,-0.43472722,-0.31488085,0.111931264,0.59246624,-0.12876831,-0.57461196,0.3950029,0.29080093,-0.8977839,0.31023443,0.41663998,-0.11256471,0.5908588,-0.3751144,0.05810523,-0.22463658,0.19289836,0.14947167,0.20157488,-0.5963101,0.8335885,-0.24239808,0.46536088,-0.040620588,0.15462795,0.35724327,0.758627,0.10818218,0.40980753,-0.54862195,-0.52009153,-0.5573324,0.15528393,0.5019973,0.43427968,-0.76236784,0.025708944,0.05995594,-0.9171483,-1.103568,-0.4236783,0.38965097
O60568,-0.07563227,-0.036083575,-0.33537716,0.06577213,-0.043308083,-0.15675016,0.47501543,-0.4005365,-0.021431793,0.36088958,0.21285538,0.60477424,-0.038850732,0.13206556,0.18810222,-0.43043613,-0.7858629,0.5850041,-0.62779117,0.51065254,0.20081611,0.30136812,-0.21347204,0.22886485,-0.1207073,-0.14346759,-0.35482717,0.5959505,0.37675965,0.58683884,0.017901078,-0.246752,0.31152338,0.6576689,0.031545617,-0.09321376,0.2244325,-0.13746478,0.29438004,0.9959156,-0.5737191,-0.21730867,-0.12853274,0.7131573,0.37729833,0.06585315,-0.21118093,0.46506548,-0.3346382,0.25139505,0.14635879,-0.6128131,-0.58368546,-0.13705799,-0.018372934,0.1547459,1.0646344,0.34754515,-0.3924672,0.3879574,-0.13212013,-0.6895379,0.55838275,0.503491
P16152,-0.38640743,0.4589732,-0.020765387,0.16122994,-0.3747206,-0.09931284,0.24987939,-0.72724915,0.05191155,0.3301999,0.41836548,0.41840026,-0.054445237,0.3712913,0.47024977,-0.21463306,-0.467358,0.33830255,-0.44706625,0.6513167,-0.016350552,0.15115432,-0.18032134,-0.07183364,-0.10051571,0.26150545,-0.26868713,0.1264221,0.51491654,0.4249164,-0.43714026,0.13232756,0.17395169,0.4406483,0.11448421,-0.30908155,-0.2203274,0.15853032,0.2694492,0.5749589,-0.53486377,-0.45942476,0.11764312,0.31027257,0.24649125,-0.22282888,-0.22966188,0.5207322,0.3646097,0.0498567,0.3092298,-0.5014112,-0.35637912,-0.07341911,0.23150472,0.117612205,0.90438986,-0.2595423,-0.14191154,0.32509038,-0.57889396,-0.75241685,-0.14255689,0.4498021
P02511,-0.73692524,-0.5770476,0.16828734,0.064340234,-0.13809387,-0.14847822,0.23140886,-0.4212021,-0.6966933,0.7608582,-0.36544228,-0.13497144,0.6167849,-0.16496429,1.1417149,1.3769739,-0.19984046,0.004252149,-0.51558775,-0.19494723,-0.6111319,0.21192726,-0.8776177,-0.41460523,-0.022549573,0.6689391,0.21335168,-0.6276361,0.04389451,-0.30763024,-1.028275,-0.075094484,0.38631585,-0.67200285,0.7707141,0.1631872,0.36300987,-0.8572124,-0.10449799,0.07517668,0.78454846,-0.16263497,0.8618689,-0.20277604,0.23524542,0.6234453,0.6467792,0.052001238,0.70288444,0.12114921,-0.009492338,-0.4672941,-0.35433605,-1.2708013,-0.0050244005,0.6659837,-0.07575606,-0.70702296,-0.263901,-0.5530875,-0.8688762,-0.5811575,-0.40292495,0.4239652
P29350,-0.62044513,0.27291414,-0.10356578,0.12292053,-0.34626478,-0.19097367,0.3895892,-0.7446444,-0.17708863,0.5998184,0.22544949,0.47214568,0.13992624,0.3385271,0.7030978,0.027333409,-0.5629065,0.6194939,-0.6659385,0.66333777,-0.1963887,0.23036322,-0.41255313,0.015502214,-0.09903717,0.2947094,-0.38237804,0.06569065,0.5709542,0.49396878,-0.60325575,0.056768786,0.32418174,0.40733448,0.34517276,-0.26184145,0.09016521,-0.09096262,0.32852876,0.7064239,-0.417366,-0.62883675,0.2516327,0.3714714,0.31121585,-0.06619101,-0.19647783,0.5985564,0.39931822,0.24836259,0.3726226,-0.69783086,-0.5777236,-0.45168924,0.11635463,0.37858132,1.0185832,-0.34775376,-0.2678209,0.27263585,-0.7077686,-1.0439582,0.01940874,0.56903154
P43593,-0.30407575,0.81399333,-0.08965495,0.0862385,-0.45947888,0.23121719,-0.12594366,-0.24363296,0.5181549,-0.42269954,0.76480806,0.45375896,-0.54580945,0.35150087,-0.30389807,-0.5454687,0.05645711,0.3311557,-0.015998736,0.81516576,0.28077686,-0.1119978,0.59256846,-0.33940268,0.16516915,-0.03200964,-0.44312912,0.16711551,0.1634351,0.5093829,0.33967137,0.51639843,0.038483914,0.82482016,-0.42573488,-0.7570188,-0.68943304,0.9934101,0.47929552,0.10263987,-0.8818625,-0.3669228,0.040975466,-0.08877496,-0.07592833,-0.9778094,-0.40544042,0.25765577,0.3464389,-0.21548055,0.24239951,-0.032339923,-0.13683863,1.2555329,0.10284257,-0.32219112,0.33674955,-0.07928178,0.6639687,0.78597087,-0.038088575,-0.24507883,-0.37281722,-0.14986622
O94444,-0.519081,0.75587475,0.21942508,0.24532558,-0.40591353,0.15395057,-0.19266489,-0.42093012,0.32324287,-0.32861426,0.6112466,-0.061971456,-0.16635439,0.30681917,0.20938814,-0.008661024,0.452161,-0.2842757,0.25787526,0.31627682,-0.1095748,-0.20730995,0.53248566,-0.54152566,0.22924805,0.27397382,-0.029995546,-0.6508445,0.033362325,0.00065371394,-0.35221437,0.76865476,0.017292924,-0.016073477,-0.111696556,-0.4758036,-0.8781595,0.76081705,0.17828399,-0.43424183,-0.19198063,-0.3405874,0.29278985,-0.64217645,0.013013039,-0.8174775,-0.032361902,0.19041494,0.91606516,-0.45990384,0.15836716,0.22004732,0.32781363,0.60198534,0.43434992,-0.31948525,-0.009667888,-0.6878396,0.6653032,0.13278429,-0.6611006,-0.041755468,-1.0668325,-0.22979622
P0ABC7,-0.37897113,0.6627001,0.067025185,0.15142654,-0.48455176,-0.053571854,0.121720105,-0.7711146,0.17091557,0.22865188,0.5173255,0.4087714,-0.14684473,0.47219983,0.39260653,-0.32152456,-0.30931926,0.28890017,-0.3345282,0.724904,0.000534147,0.088879645,-0.06658711,-0.19023433,-0.06547721,0.32886818,-0.28318578,0.00019467995,0.520769,0.38713443,-0.4142638,0.3166996,0.10562547,0.4343515,0.056223936,-0.4240631,-0.43413547,0.367748,0.30689606,0.3833754,-0.6254715,-0.51704794,0.15003312,0.18699005,0.23123087,-0.40213442,-0.2494658,0.53041583,0.5213025,-0.0720532,0.3507528,-0.4110801,-0.27105647,0.13899349,0.322028,0.039224017,0.8003697,-0.35958898,0.04904566,0.38992196,-0.6086166,-0.7184057,-0.3499577,0.37887138
P0A964,-0.40661123,0.72884285,0.1617181,0.22976555,-0.46051916,-0.05442198,0.05265875,-0.8594591,0.19649109,0.14091575,0.5404124,0.18082523,-0.12247744,0.501933,0.48412034,-0.2055286,-0.121575534,-0.050106756,-0.14232826,0.5147756,-0.08886204,-0.014538845,0.08983233,-0.25749353,-0.054703247,0.43563142,-0.1378005,-0.35155523,0.47399837,0.19260457,-0.65418917,0.46878275,0.09188601,0.12995212,0.0111494735,-0.38444564,-0.68349236,0.43506363,0.15315568,0.083903626,-0.3631983,-0.49178174,0.16233599,-0.076869994,0.2138888,-0.44111097,-0.19494703,0.52284384,0.7932758,-0.2445053,0.3213869,-0.20776872,0.019200925,0.039011583,0.5488921,-0.03197398,0.6382364,-0.6272946,0.14592668,0.16934428,-0.78534585,-0.5196402,-0.7290726,0.28856403
P25911,-0.7331877,0.24632889,-0.05364348,0.14177,-0.34225827,-0.19377325,0.35108802,-0.77798736,-0.24815547,0.60569507,0.18974742,0.35940707,0.22369781,0.32365307,0.8395293,0.2646583,-0.40871376,0.54264987,-0.6373936,0.562703,-0.30061913,0.2078301,-0.4464013,-0.079722755,-0.08265199,0.42430535,-0.28269988,-0.1647227,0.54599667,0.38432354,-0.75925183,0.13862051,0.32740885,0.20258065,0.41256526,-0.3008986,0.031252153,-0.122362554,0.24520788,0.51958627,-0.20731018,-0.63470864,0.4169114,0.16958734,0.34866256,-0.041944414,-0.09426569,0.55985296,0.57083374,0.18600737,0.39674768,-0.63326025,-0.5273124,-0.5559402,0.18801017,0.41644982,0.8564388,-0.54312384,-0.17396238,0.14700167,-0.81445694,-1.032275,-0.1791349,0.5235861
P13299,0.10221979,0.7241185,-0.12733592,0.08429525,-0.10648732,0.20032838,-0.09016387,0.089881115,0.5951359,-0.5644036,0.7913202,0.40704152,-0.7775579,0.21311924,-0.7119231,-0.9262377,0.048285596,0.12964925,0.11500074,0.649647,0.51102,-0.20906022,0.8415582,-0.085026845,0.18812355,-0.3860595,-0.37806398,0.5126372,0.097214416,0.43520248,0.86600864,0.30207315,-0.15589249,0.8784824,-0.81222993,-0.62522244,-0.7106052,1.1212047,0.37856925,0.22160913,-0.89531976,-0.077961236,-0.3719819,0.009516008,-0.1543796,-0.9571481,-0.5044139,0.10776582,-0.18337108,-0.24479608,0.021863729,0.15775855,0.04256058,1.5265932,0.07150793,-0.5888057,0.35999352,0.3260668,0.62599826,0.91558623,0.41143173,0.1630773,-0.13254976,-0.34207475
P04818,-0.43542984,0.70325464,0.0052188365,0.16002409,-0.46950725,0.00809067,0.17255275,-0.74881923,0.25780246,0.24986562,0.5153429,0.5420228,-0.1984557,0.5066231,0.3133483,-0.4904698,-0.47915906,0.42897427,-0.39367193,0.8521663,0.05998011,0.12296231,-0.015444895,-0.098584846,-0.012392212,0.22885457,-0.42126316,0.15331829,0.5844481,0.58377486,-0.3982598,0.2268144,0.14625643,0.6293344,0.03345955,-0.47253186,-0.35772777,0.36652273,0.39094198,0.56315005,-0.77651495,-0.58386755,0.081008986,0.3759789,0.22339517,-0.46404648,-0.38920286,0.5855922,0.40008742,-0.022436194,0.3976436,-0.52493995,-0.33345762,0.2244472,0.2686786,0.060719453,1.0211029,-0.20686601,-0.07257531,0.56363463,-0.5506269,-0.8507668,-0.15033728,0.44422466
Q97QS2,0.0120345205,0.9070384,0.13837126,0.10569674,-0.47642812,0.17981993,-0.09619634,-0.49747166,0.5995142,-0.17618948,0.83488923,0.44355717,-0.6528655,0.57989,-0.2044386,-0.8582739,-0.17479923,-0.0012452155,-0.022320457,0.8073503,0.3482058,-0.11544599,0.4401273,-0.19070727,-0.047179077,0.06346308,-0.32045883,0.30726787,0.47730595,0.3819065,0.11895217,0.40361342,-0.16270402,0.8093266,-0.5022841,-0.59503,-0.7998967,0.8777633,0.2772412,0.2279234,-0.95092607,-0.36473408,-0.24816191,0.22029215,-0.051337544,-0.7648823,-0.4473814,0.37949422,0.2748998,-0.3004532,0.27366203,-0.012692835,-0.014593985,0.92518115,0.33646467,-0.3429401,0.72429055,-0.050938264,0.2591939,0.7120211,-0.17543133,-0.2726862,-0.38099825,0.2123107
Q96EZ8,-0.77107334,0.010188594,-0.22232914,0.14739789,-0.20731948,-0.15295365,0.4591648,-0.53964573,-0.34813187,0.5886615,0.13557582,0.50948584,0.31052503,0.20220774,0.67961514,0.25118503,-0.52628607,0.69511914,-0.73772377,0.60509014,-0.2724138,0.32334954,-0.43414718,0.045324743,-0.04090375,0.22542718,-0.39632577,0.06147636,0.45117778,0.4616223,-0.4931526,-0.017702091,0.47293222,0.3657363,0.47882,-0.2843185,0.26036727,-0.29129872,0.32611558,0.67159843,-0.27489868,-0.5380057,0.30046782,0.2537683,0.41359192,-0.004597366,-0.09221529,0.5280192,0.2675675,0.23714836,0.325387,-0.7784324,-0.6247972,-0.4519257,-0.07808383,0.41309148,0.8943881,-0.23446353,-0.16158095,0.21852928,-0.66381764,-1.0231817,0.1188491,0.51524264
P31294,-0.16062295,1.1286547,0.24666438,0.1388094,-0.5987237,0.2003888,-0.24506858,-0.6759606,0.62685424,-0.31470668,0.88610864,0.17196408,-0.5533861,0.5881771,-0.012980957,-0.56982976,0.21321899,-0.28256652,0.19278419,0.6257498,0.17167003,-0.2831099,0.57073605,-0.44480163,0.006742399,0.29330245,-0.25944695,-0.228835,0.31418052,0.08883718,-0.2541676,0.73896116,-0.23254412,0.41835818,-0.3734862,-0.58549565,-1.1321292,1.0138267,0.14572841,-0.2819782,-0.78175986,-0.4546846,-0.03754399,-0.18486762,-0.1602383,-0.8849458,-0.31086257,0.3368919,0.84868234,-0.45296043,0.30740836,0.2168625,0.22083342,0.8315178,0.5511369,-0.36656195,0.35702145,-0.5628396,0.5424583,0.5009365,-0.5543117,-0.12679327,-0.91110766,0.08491647
P08318,-0.011837125,0.12383244,-0.35061502,0.11320692,0.22851,0.24066432,-0.033930734,0.6749103,0.23246641,-0.606061,0.49806803,0.4593522,-0.5015218,-0.20769939,-0.9200258,-0.4876238,0.21376726,0.17047527,0.13441604,0.32514682,0.35135645,-0.16077206,0.81295884,0.055013135,0.35628513,-0.66005516,-0.3835988,0.40480664,-0.29576376,0.18117449,1.0774598,0.16230895,0.11615,0.59583735,-0.67133,-0.65444255,-0.39956394,0.7156649,0.42489558,0.083853215,-0.5439644,0.23009507,-0.32163596,-0.29295105,-0.108138055,-0.71910167,-0.2673948,-0.1253977,-0.53440595,-0.30868077,-0.23732065,0.15301885,0.1678266,1.5420446,-0.30616727,-0.6411756,0.002360411,0.57586783,0.8617516,0.7117794,0.58939266,0.46230194,-0.001451321,-0.69147974
O75031,-0.4838263,-0.54782516,-0.32347614,0.23627304,0.18196514,-0.075286895,0.4673032,0.099626526,-0.43294677,0.2416811,0.07235618,0.28108662,0.35660774,-0.14520365,0.2565885,0.4266835,-0.2926991,0.13766149,-0.4768008,0.105761215,-0.16992596,0.20669973,-0.08304664,0.16816896,0.031332448,-0.11143783,-0.21789704,0.12713784,0.07251385,0.1348106,-0.014295895,-0.18306759,0.5309938,0.098944105,0.22964326,-0.19157062,0.23147935,-0.4341359,0.15442969,0.4910827,0.09968225,0.020576496,0.0031998903,-0.01630086,0.39349216,0.07448052,0.11081715,0.20740306,-0.23584594,-0.034636974,-0.06084822,-0.42983064,-0.13650133,-0.19195141,-0.20142886,0.026416637,0.44828647,0.13632897,0.08036107,-0.14010859,-0.2513586,-0.23108321,0.0975841,0.040554076
Q96AP0,-0.70801187,-0.5636341,-0.6039703,0.11432366,0.22247449,0.1306512,0.46450436,0.4153374,-0.29129514,0.011153974,0.051421493,0.65197694,0.298217,-0.37812597,-0.09744871,0.30650723,-0.2968374,0.8482081,-0.6546466,0.50647897,0.039952323,0.3164023,-0.046951495,0.027935475,0.30070928,-0.35496736,-0.4966982,0.5873937,-0.1357358,0.43268913,0.5419933,-0.1292723,0.5170043,0.62924355,0.26877978,-0.5048194,0.5328676,-0.34361398,0.46930292,0.55998147,-0.2195664,-0.027510744,0.38203424,0.07840072,0.41843995,-0.11315161,0.16766451,-0.041824855,-0.5693587,0.17594053,0.028866291,-0.6136926,-0.609196,0.37902933,-0.66096497,0.108140215,0.30939865,0.53859353,0.25204787,0.4542241,0.18520978,-0.54595965,0.6411933,-0.0094856545
Q8N960,-0.64307964,0.11772307,-0.2130898,0.21040589,-0.17315374,-0.02416895,0.30441147,-0.30675164,-0.11639516,0.15782602,0.33086145,0.48895663,0.13703382,0.15589264,0.24183625,0.04945305,-0.27880025,0.44967762,-0.4880168,0.5536581,-0.08512539,0.20602842,0.00085487403,-0.02336955,0.081266746,0.058494985,-0.36673212,0.10179052,0.27229136,0.42092842,-0.11051689,0.13784167,0.40387157,0.41549104,0.19321594,-0.44883183,-0.04506449,0.01882452,0.3533324,0.45620567,-0.35066968,-0.36311916,0.20318681,0.032798156,0.35016814,-0.3492852,-0.11171716,0.3644301,0.14697109,-0.016421944,0.21093181,-0.53285116,-0.2980056,0.16527139,-0.056467164,0.05063981,0.61909413,-0.070448704,0.17494746,0.22924599,-0.4366786,-0.6610906,-0.053467683,0.17228705
P41797,-0.24588096,1.0529441,0.23002961,0.17869116,-0.6172631,0.07536086,-0.07631092,-0.99573034,0.47079685,0.08306591,0.7212819,0.33203322,-0.36569515,0.68423265,0.36357144,-0.54874396,-0.16336823,-0.006434448,-0.062968016,0.7335729,0.060715884,-0.090017624,0.19272438,-0.35163784,-0.115957916,0.47136214,-0.24235721,-0.21303831,0.61069,0.26431763,-0.6598469,0.5943986,-0.09652761,0.3663859,-0.1336483,-0.59324723,-0.94899684,0.6711143,0.16232203,0.018481456,-0.77588105,-0.5749165,0.09107661,0.08422419,0.10883422,-0.6041815,-0.37683257,0.57045805,0.83379567,-0.32382786,0.44317386,-0.10064867,-0.005843878,0.35525566,0.6412328,-0.10318029,0.7494639,-0.60385084,0.19707283,0.45895875,-0.7536456,-0.54950416,-0.7414309,0.40513977
P00330,-0.123237655,0.8375761,0.12445064,0.1597186,-0.4892861,0.102519915,-0.030154124,-0.58460957,0.47820684,-0.0978606,0.7351237,0.39976162,-0.46846962,0.5650491,-0.039926518,-0.68518126,-0.18004167,0.014858492,-0.06341879,0.7546368,0.2221318,-0.0693586,0.34470445,-0.2057809,-0.051898655,0.13716403,-0.2946044,0.14944793,0.47406527,0.34218875,-0.06236637,0.42203134,-0.043784,0.6506533,-0.33940294,-0.5468446,-0.7498206,0.7462511,0.29165402,0.21956947,-0.8115353,-0.4003434,-0.12869349,0.13767585,0.04930752,-0.7044313,-0.38486388,0.43589106,0.39708677,-0.28392667,0.28177747,-0.10666993,-0.014961015,0.6973808,0.36490533,-0.26223922,0.69862753,-0.18378334,0.24601886,0.54766965,-0.3403774,-0.34942225,-0.45779505,0.21664813
O43639,-0.7922281,-0.032643974,-0.08581893,0.112569295,-0.2595864,-0.23265266,0.40681517,-0.7004434,-0.46157965,0.71534026,0.026550382,0.26485112,0.40930045,0.21323287,1.0016469,0.5977109,-0.3924201,0.5659415,-0.7286407,0.41116112,-0.41570157,0.2584646,-0.628693,-0.1072354,-0.11185302,0.4807079,-0.18690804,-0.23260523,0.509994,0.2550832,-0.7898019,0.070544355,0.39433408,0.062493872,0.5918576,-0.21939182,0.23565409,-0.35165843,0.17840979,0.49346262,0.04260024,-0.55988705,0.53455436,0.12192371,0.4054728,0.1526641,0.07862633,0.4805815,0.5440838,0.24759169,0.36611274,-0.67724806,-0.6125746,-0.83911824,0.10226606,0.5383362,0.7060374,-0.6060003,-0.20641589,-0.03938876,-0.8296484,-1.0436668,-0.14914966,0.5583491
P03485,0.35580304,0.19044381,-0.23327991,0.10115089,0.27464157,0.25402617,-0.13887146,0.6815747,0.40017286,-0.62737244,0.5261396,0.35039622,-0.5819208,-0.17000619,-1.1125112,-0.7428277,0.18615776,-0.19183335,0.26259857,0.12816566,0.4356839,-0.2758751,0.9392539,0.14322487,0.26402727,-0.7821536,-0.3154081,0.5288193,-0.40534562,0.04893682,1.1150517,0.0542473,-0.07284906,0.57011026,-0.8790746,-0.4172734,-0.51413685,0.80102056,0.34356606,0.06633475,-0.59475607,0.3595071,-0.62638474,-0.16823366,-0.27583668,-0.6849173,-0.3364205,-0.15823984,-0.5765572,-0.36424178,-0.35508883,0.30140936,0.37365723,1.4928246,-0.22627583,-0.74445397,0.014563113,0.67577004,0.7079124,0.6534313,0.70625865,0.7077168,-0.0048635006,-0.6730359
P08638,-0.14853063,0.5057205,-0.21804751,0.09798972,-0.18663017,0.16501525,-0.016329423,0.032940067,0.4264091,-0.46743193,0.67308813,0.5004841,-0.5365116,0.17380524,-0.51082844,-0.63437766,-0.026340716,0.34412462,-0.034357846,0.69153565,0.3626036,-0.07413333,0.6573269,-0.088558406,0.2036247,-0.27504277,-0.4179498,0.38284335,0.08447434,0.49390918,0.6760676,0.31429103,0.09574204,0.8261772,-0.540611,-0.6801328,-0.51861215,0.83597994,0.46187577,0.25259435,-0.78112704,-0.13448785,-0.12020291,-0.027001232,0.029902834,-0.860829,-0.3889514,0.16217537,-0.094013885,-0.20519708,0.077832654,-0.043931797,-0.07363327,1.3340278,-0.01635949,-0.4253694,0.3477219,0.2704148,0.6126379,0.75427663,0.2599026,-0.050543666,-0.10550514,-0.29262054
Q59NQ5,0.110847205,0.9366486,0.086502,0.06597763,-0.27868572,0.24998742,-0.20249543,-0.09307127,0.7302809,-0.5151649,0.8700402,0.32547233,-0.85389334,0.378639,-0.59385484,-0.9442393,0.13626102,-0.081060216,0.18735677,0.6791102,0.4825794,-0.29711932,0.85801613,-0.22078288,0.13674727,-0.20799355,-0.33815145,0.3702903,0.15932673,0.33856362,0.59813505,0.4407854,-0.30482492,0.84746677,-0.8260489,-0.5924952,-0.8718529,1.2222722,0.30286506,0.11655628,-0.9515944,-0.23547052,-0.34494472,-0.015657507,-0.2793441,-0.9870534,-0.4968666,0.14047512,0.11453541,-0.28939414,0.10332878,0.2823393,0.09293693,1.4066892,0.20118509,-0.53738296,0.37358218,0.07359381,0.5833377,0.8874984,0.19209391,0.094830394,-0.35189536,-0.22111002
Q12629,0.091621995,0.72598267,0.03876175,0.10419138,-0.3080536,0.14464359,-0.0662747,-0.20832326,0.58140594,-0.34469998,0.78625256,0.3919721,-0.6743957,0.44515654,-0.43471777,-0.8651123,-0.07400545,-0.011868618,0.045986876,0.66673696,0.39779085,-0.14153253,0.630203,-0.098106794,0.043822166,-0.15783466,-0.31905413,0.37861767,0.2929098,0.370982,0.47380078,0.34390295,-0.11239243,0.81027406,-0.64813185,-0.55016494,-0.7388007,0.92910385,0.30230173,0.23141912,-0.8394215,-0.2067974,-0.32902557,0.10619371,-0.049862873,-0.82945013,-0.4386129,0.26766995,0.058211755,-0.2935236,0.12045567,0.07135956,0.07811767,1.1225252,0.22212051,-0.45538387,0.5412326,0.13357587,0.39889404,0.68525624,0.09302123,-0.04443106,-0.3014391,-0.048881933
Q16543,-0.8065951,0.388123,-0.0424705,0.18958999,-0.3780926,-0.1363729,0.29687375,-0.7671431,-0.14478819,0.46387175,0.28955144,0.38492706,0.17923565,0.3975946,0.7589026,0.17654687,-0.2966092,0.48677492,-0.53278565,0.61418784,-0.28836626,0.20982517,-0.27019918,-0.11262192,0.0080416165,0.4118611,-0.32453626,-0.2697066,0.5223938,0.42881063,-0.75985813,0.25013468,0.34831896,0.19723745,0.36502805,-0.38742837,-0.1399547,-0.010311006,0.2583875,0.3926797,-0.2626866,-0.67499065,0.4065304,0.042322457,0.3787253,-0.22594254,-0.14470512,0.58317393,0.645055,0.08560257,0.4187723,-0.5888334,-0.41495436,-0.333786,0.2270353,0.32916766,0.82136625,-0.54484254,-0.03035859,0.20804834,-0.85101247,-0.9998822,-0.31470317,0.4214932
P03952,-0.43415603,-0.86831355,0.010980069,0.061760068,0.11817187,-0.20692085,0.3458882,-0.17242837,-0.79824233,0.74719775,-0.4993828,-0.07538214,0.78838927,-0.28782597,0.908715,1.2256473,-0.33428472,0.04822979,-0.52870166,-0.4174576,-0.59531265,0.22758383,-0.8938438,-0.15728757,-0.1534866,0.32381126,0.24178033,-0.3435565,0.00066661567,-0.4246663,-0.72162986,-0.2831593,0.4474835,-0.5816704,0.7563569,0.24891245,0.5713367,-1.0082937,-0.08500046,0.20473361,0.79190755,0.0542959,0.61436373,-0.016613744,0.35016838,0.75647116,0.6435539,0.018511461,0.20581235,0.13833804,-0.14409101,-0.4566539,-0.2910561,-1.3219182,-0.13533999,0.5323887,-0.073535964,-0.3666538,-0.3771739,-0.67865044,-0.6192459,-0.4052412,-0.081101,0.3792496
P50552,-0.9965333,-0.2705227,-0.029199049,0.12188983,-0.14217752,-0.15057999,0.37406358,-0.59332293,-0.6198923,0.712195,-0.19543497,0.08846967,0.5440859,0.007527791,1.1676925,1.0964503,-0.22763911,0.48883447,-0.6687136,0.21770918,-0.52417034,0.3025022,-0.75212055,-0.33691162,0.014716368,0.6524769,0.0068470687,-0.5482508,0.34241974,0.10245675,-0.9303553,0.09322758,0.4795831,-0.28390428,0.7874466,-0.2039296,0.32003325,-0.56648934,0.07107628,0.23329619,0.47085863,-0.42757174,0.90509415,-0.18010676,0.47764874,0.33478552,0.3875837,0.2532961,0.64453095,0.16179363,0.30772522,-0.60650045,-0.6282857,-0.9849006,0.054165255,0.6473938,0.28839368,-0.7536524,-0.11434048,-0.18771827,-0.88965535,-1.0125418,-0.30830643,0.4853869
P09237,-0.42245105,-0.8846844,-0.008907587,0.077810936,0.19978146,-0.18004803,0.3219065,-0.041297004,-0.77304804,0.6320465,-0.5029172,-0.12629166,0.7674798,-0.37664875,0.798828,1.220713,-0.25099644,-0.038270503,-0.46417657,-0.4708693,-0.5795244,0.19105113,-0.77193975,-0.16560787,-0.08709636,0.23353133,0.24857749,-0.36055866,-0.123954654,-0.46172437,-0.6384622,-0.28255954,0.4507433,-0.6388889,0.6796506,0.27671868,0.53743464,-0.9581808,-0.05964639,0.13850394,0.8342174,0.13287799,0.56185806,-0.12361192,0.31168652,0.7148634,0.6425693,-0.05457052,0.15768215,0.11578761,-0.20778823,-0.377212,-0.19706778,-1.1974139,-0.18143137,0.46198928,-0.18853153,-0.31353498,-0.2932216,-0.6601486,-0.52471393,-0.23673901,-0.09903033,0.22441402
Q00987,-1.0366398,-0.33889937,-0.3444559,0.19690026,0.011200499,0.015260984,0.4660411,-0.16102847,-0.5677283,0.45972323,-0.05500655,0.3752388,0.5837871,-0.10674784,0.67937297,0.85394,-0.32296702,0.70015085,-0.7398601,0.3838303,-0.43347317,0.37451735,-0.48574883,-0.19473246,0.13130663,0.19522044,-0.29065195,-0.08489795,0.17588466,0.30449927,-0.35405648,0.0066048456,0.60793495,0.12163566,0.71206725,-0.4257239,0.4363947,-0.5393765,0.312568,0.36084592,0.14447826,-0.2852341,0.6361065,-0.14887494,0.53401536,0.06123267,0.23035964,0.20661514,0.1313956,0.16601966,0.21888283,-0.6855074,-0.6229868,-0.3888588,-0.37334839,0.41782203,0.3054762,-0.22023864,0.12902574,0.088805825,-0.59314936,-0.91034794,0.074325785,0.27303255
O14036,-0.79875875,0.07089538,0.24574555,0.26976886,-0.20088156,-0.03920905,0.041922063,-0.60482055,-0.3455309,0.37802425,0.15441991,-0.17822069,0.33521187,0.102064125,0.9942901,0.9649963,0.020538457,-0.19251469,-0.27489108,-0.005058076,-0.5520301,0.050004378,-0.2726063,-0.42590126,0.12602082,0.65462446,0.18963467,-0.8907153,0.081256226,-0.04814394,-1.0087662,0.28487745,0.2931654,-0.55929124,0.3656335,-0.09961641,-0.21572939,-0.17210087,-0.021891184,-0.09796485,0.5660979,-0.3336505,0.56823516,-0.57129365,0.13890989,-0.02526506,0.2611077,0.24487114,1.069002,-0.12058304,0.13343763,-0.22633478,0.05507702,-0.60365355,0.24796169,0.33185554,0.1366534,-1.0007813,0.20501399,-0.42808163,-1.015077,-0.40552917,-0.90711623,0.1917843
Q9NQ66,-0.4541012,0.2036941,-0.23945789,0.14781447,-0.20407869,-0.09605491,0.40570122,-0.5130711,-0.013336707,0.37565085,0.28085315,0.6527591,-0.011720493,0.2601937,0.29549718,-0.35319072,-0.64341164,0.6532124,-0.59721005,0.7011879,0.0467415,0.26916566,-0.13278066,0.1401355,0.004872348,0.013112694,-0.47467476,0.32154235,0.4425213,0.660522,-0.20066805,-0.042409394,0.3970559,0.6401339,0.15233895,-0.28520644,0.07979664,-0.02548921,0.39646706,0.83604306,-0.58275324,-0.5016679,0.02919913,0.49857622,0.34733582,-0.19683267,-0.2987391,0.55712205,0.03213052,0.16389231,0.28422716,-0.7088511,-0.51671034,-0.04502383,0.019690383,0.19657415,1.0905676,0.068633735,-0.20745009,0.44439715,-0.40735602,-0.89542603,0.2760596,0.46447355
P08168,-0.6992737,-0.009026565,-0.026407823,0.1431676,-0.2378162,-0.23066814,0.3431067,-0.70341057,-0.38862866,0.594205,0.056242414,0.18666118,0.3605572,0.21241999,0.9710389,0.57037777,-0.31107223,0.3372337,-0.5945032,0.2820374,-0.4000429,0.19580382,-0.4852382,-0.12386885,-0.10052624,0.5017232,-0.07981691,-0.37675595,0.42926928,0.21316904,-0.8522615,0.10543116,0.3922309,-0.08989616,0.4874023,-0.17187926,0.06490794,-0.30154642,0.0919215,0.37915432,0.1441848,-0.47799572,0.46857953,-0.013937481,0.40355608,0.13622923,0.0840708,0.48591268,0.6099132,0.12594327,0.3149151,-0.52216434,-0.41686618,-0.8084904,0.24055433,0.45580193,0.64227545,-0.65902716,-0.14049992,-0.15632337,-0.86146116,-0.8452447,-0.32485878,0.47525546
P60520,-0.8221959,0.37449148,0.094831675,0.15610558,-0.37684715,-0.20914668,0.21483344,-0.9811679,-0.20986009,0.5361439,0.19919099,0.13540459,0.18467933,0.35402092,1.0797825,0.4714933,-0.20180193,0.37607872,-0.47959274,0.39766988,-0.386141,0.1482421,-0.37283593,-0.27662605,-0.0007076375,0.7033839,-0.07141788,-0.6213836,0.5318125,0.33048695,-1.0658354,0.33125848,0.23290455,-0.14341718,0.3965076,-0.27954334,-0.21834716,-0.047648847,0.06956116,0.20791349,0.13508327,-0.6924443,0.64655876,-0.10670641,0.37639955,-0.06922509,0.0024245307,0.5060713,0.96291834,0.10332556,0.4522684,-0.47022402,-0.35876316,-0.6507791,0.4575515,0.46669763,0.65575063,-0.9184106,-0.08443252,0.005762242,-0.9779585,-1.0206231,-0.594871,0.4885103
P04053,-0.5019521,-0.031227477,-0.34651536,0.15427954,-0.10268448,-0.07346547,0.45538464,-0.33673066,-0.13030654,0.2875639,0.2603292,0.6512376,0.095806316,0.10971119,0.21368077,-0.14210281,-0.57564986,0.6466501,-0.62303585,0.63487554,0.03441204,0.31834796,-0.13695876,0.14366242,0.014540654,-0.047910534,-0.44711053,0.39241135,0.3268111,0.5908729,-0.03833105,-0.104316644,0.44947037,0.60697794,0.2162062,-0.30307865,0.16594973,-0.15151134,0.36256632,0.78801924,-0.49750632,-0.3335792,0.060049947,0.40583986,0.3922818,-0.14289927,-0.17588887,0.43490154,-0.12215141,0.14278524,0.21559101,-0.7182047,-0.517188,0.03121616,-0.14281547,0.1578063,0.9161972,0.1974826,-0.10060211,0.37284225,-0.29649633,-0.76525855,0.3371126,0.38525522
Q9CXW4,-0.6807575,0.38025403,0.22549224,0.2176042,-0.32778206,-0.16790724,0.101563066,-0.9475213,-0.139739,0.4435817,0.2639238,-0.05311121,0.16054058,0.32407996,1.0852772,0.5229357,-0.15150246,0.011505658,-0.3249176,0.1676613,-0.39889508,0.069005124,-0.27761537,-0.34744406,0.020954583,0.75322044,0.09790392,-0.8311094,0.40062124,0.20585215,-1.1400591,0.34324816,0.18251392,-0.34605792,0.29010758,-0.17491455,-0.37554836,0.009542571,-0.04657439,0.07900669,0.31960565,-0.57131773,0.533898,-0.2785667,0.24970973,-0.088863045,0.039786972,0.46831945,1.1134552,-0.03445241,0.32399693,-0.2955143,-0.062056135,-0.65582746,0.5448902,0.36469665,0.51173985,-1.0531554,0.0027726963,-0.22469604,-1.0347841,-0.7025043,-0.83564895,0.3991729
P62913,-0.6807575,0.38025403,0.22549224,0.2176042,-0.32778206,-0.16790724,0.101563066,-0.9475213,-0.139739,0.4435817,0.2639238,-0.05311121,0.16054058,0.32407996,1.0852772,0.5229357,-0.15150246,0.011505658,-0.3249176,0.1676613,-0.39889508,0.069005124,-0.27761537,-0.34744406,0.020954583,0.75322044,0.09790392,-0.8311094,0.40062124,0.20585215,-1.1400591,0.34324816,0.18251392,-0.34605792,0.29010758,-0.17491455,-0.37554836,0.009542571,-0.04657439,0.07900669,0.31960565,-0.57131773,0.533898,-0.2785667,0.24970973,-0.088863045,0.039786972,0.46831945,1.1134552,-0.03445241,0.32399693,-0.2955143,-0.062056135,-0.65582746,0.5448902,0.36469665,0.51173985,-1.0531554,0.0027726963,-0.22469604,-1.0347841,-0.7025043,-0.83564895,0.3991729
P68400,-0.70093465,0.51194805,0.0014662137,0.13355215,-0.4579381,-0.1717131,0.28869796,-0.8885633,-0.063076526,0.55575204,0.2998131,0.4133719,0.07610811,0.45796034,0.76695406,0.008072529,-0.40942383,0.55846286,-0.55815476,0.7070706,-0.23420717,0.16512632,-0.31856668,-0.098652646,-0.06082767,0.43850365,-0.3694343,-0.16433938,0.6221106,0.47966886,-0.78825283,0.23694852,0.24296498,0.30443692,0.31017363,-0.36095613,-0.1548014,0.081668824,0.3055356,0.500577,-0.40709347,-0.74962044,0.37521598,0.22391993,0.31183153,-0.21661209,-0.23439595,0.6330767,0.66778415,0.16182864,0.45907024,-0.6076247,-0.48398432,-0.37877572,0.28945634,0.36719298,0.9602691,-0.55520064,-0.15586486,0.3222512,-0.8211365,-1.0858701,-0.24959084,0.5198614
P59240,-0.38844088,-0.26403624,-0.43480414,0.15709521,0.06834316,-0.04986624,0.4534183,-0.040455457,-0.16095157,0.12917659,0.22026326,0.614406,0.07931733,-0.036377937,-0.047191683,-0.11234392,-0.4442296,0.55722237,-0.5508816,0.49175483,0.12412302,0.27696472,0.02302722,0.22047898,0.06299597,-0.24642563,-0.43646324,0.5146367,0.16170098,0.48410338,0.2897574,-0.14426932,0.45035255,0.6005818,0.067430206,-0.32488114,0.215727,-0.15854433,0.34640402,0.7442064,-0.42120552,-0.12666947,-0.01339706,0.3193919,0.38818356,-0.12823446,-0.09986568,0.2644433,-0.39918348,0.077871084,0.064897865,-0.58675146,-0.41907412,0.23622186,-0.24196918,0.018064555,0.7225485,0.41656005,0.021149695,0.31289476,-0.03044808,-0.51420367,0.4325183,0.18501827
Q9Y6I3,-1.0283247,-0.23618186,-0.032815546,0.1258784,-0.14479499,-0.13057874,0.36975667,-0.60070664,-0.6029574,0.6890878,-0.18787657,0.098437585,0.53241986,0.0039102957,1.1587591,1.0925999,-0.21696347,0.5215892,-0.66078585,0.23930714,-0.51878905,0.3058191,-0.7400536,-0.36080173,0.03626786,0.6646515,-0.004096523,-0.5605374,0.34884912,0.12226701,-0.9255391,0.11592258,0.48180404,-0.27341962,0.79023576,-0.23621827,0.30757713,-0.54396075,0.08043664,0.21205832,0.46132606,-0.4415804,0.940897,-0.19983661,0.48489687,0.30774933,0.38212502,0.24070027,0.6535363,0.15957016,0.32483503,-0.60827905,-0.64127326,-0.9304147,0.043060552,0.6453649,0.2641728,-0.7656366,-0.089765646,-0.14685428,-0.8875699,-1.0411445,-0.31917366,0.4672453
P0A7V8,-0.3344567,0.8816515,0.33050072,0.23003517,-0.45797792,0.11906108,-0.21285513,-0.6969983,0.3960391,-0.17198542,0.6683876,-0.13550502,-0.21400449,0.46119747,0.3696894,-0.14655727,0.28702614,-0.49106953,0.25282156,0.2967394,-0.12801485,-0.22550642,0.44477558,-0.48457983,0.088422656,0.4293184,0.026097924,-0.68226403,0.2082102,-0.07495293,-0.6074804,0.684979,-0.096580975,-0.102222055,-0.10639009,-0.35674176,-1.0140438,0.7281447,0.050000522,-0.42011774,-0.21346425,-0.34737885,0.13571027,-0.4561125,-0.013669934,-0.7066436,-0.105850585,0.32257468,1.0594819,-0.4869876,0.20407525,0.18333367,0.43906805,0.35609913,0.62799394,-0.2822947,0.18817715,-0.8290142,0.47346032,0.07156557,-0.7958411,-0.032445908,-1.1872206,-0.009382861
P03375,-0.52302444,-0.52358335,-0.030474111,0.02059603,-0.15574257,-0.21004854,0.4549699,-0.6014129,-0.67607784,0.98762584,-0.26650047,0.114409946,0.6648293,0.022536047,1.2378216,0.9722829,-0.4983256,0.46434775,-0.7952517,0.16471015,-0.43641907,0.36290342,-1.1069398,-0.24690738,-0.30838987,0.5032698,0.03670509,0.001578141,0.44165432,-0.07863972,-0.83301395,-0.21938366,0.32091072,-0.19717397,0.7895603,0.041597202,0.56212264,-0.8177147,0.023010537,0.56365955,0.20330878,-0.24051987,0.6877707,0.38072217,0.41681683,0.7057148,0.5019087,0.29596707,0.28615406,0.37931508,0.19710383,-0.7077941,-0.79758453,-1.3313253,-0.07002828,0.70914674,0.48763597,-0.4228502,-0.53133124,-0.266892,-0.7072777,-0.9117232,0.11452654,0.6906154
O34002,0.14256956,0.7389998,0.07473314,0.10587693,-0.28325033,0.1504994,-0.08470707,-0.18970448,0.6103221,-0.34121746,0.81989145,0.34758162,-0.7203166,0.4621329,-0.45762798,-0.9128731,-0.04199233,-0.11603933,0.07803552,0.6429534,0.42350423,-0.16182975,0.66616327,-0.064274006,0.051503118,-0.18562269,-0.30986297,0.3864722,0.28759253,0.32846546,0.47424763,0.32866898,-0.16275814,0.7777064,-0.7171012,-0.51369417,-0.7708007,0.94818413,0.26845658,0.21500927,-0.8486596,-0.18685935,-0.40132904,0.11958272,-0.07601416,-0.8039792,-0.43611625,0.25121886,0.0369412,-0.31673306,0.09944683,0.11035332,0.14250411,1.1301575,0.2552508,-0.49330437,0.5693047,0.16121726,0.35724378,0.68083036,0.115065366,0.025606705,-0.3158391,-0.07088485
P10443,-0.03830622,0.546523,-0.082440406,0.1330626,-0.30846736,0.044940148,0.18072732,-0.5047507,0.39344564,0.053093255,0.58973545,0.58665967,-0.42214715,0.4639661,-0.080975026,-0.824593,-0.5190607,0.29686135,-0.28999597,0.74804544,0.32778108,0.109513804,0.1919298,0.020732239,-0.033389103,-0.045323566,-0.3826316,0.45149577,0.50483316,0.58528906,0.08349417,0.10716929,0.109593116,0.8108065,-0.28454497,-0.4406087,-0.36587358,0.4681046,0.33938172,0.632697,-0.8160098,-0.3320125,-0.21574938,0.5036715,0.21789475,-0.481727,-0.43071303,0.4720423,-0.035055887,-0.102771975,0.25173086,-0.36010373,-0.23030046,0.55402607,0.23908694,-0.15009296,1.0033486,0.18697649,-0.05863308,0.6318562,-0.13100438,-0.51392615,0.037369266,0.332416
P61964,-0.7267835,0.26969507,0.017352596,0.09990796,-0.39376596,-0.24789262,0.3191622,-0.9063645,-0.26107788,0.6569758,0.15494141,0.25913686,0.22691253,0.33829275,1.0128537,0.38480264,-0.3414578,0.513583,-0.62776226,0.4917952,-0.34242624,0.18329896,-0.5054731,-0.17129953,-0.10988808,0.5799577,-0.182337,-0.31837443,0.5788031,0.3293789,-0.91662884,0.19964673,0.2619445,0.061573636,0.4479808,-0.24776886,-0.02301392,-0.12171993,0.16095674,0.42217258,-0.061887115,-0.67270195,0.5439146,0.12621519,0.35305372,0.017190501,-0.038686164,0.54405046,0.74887687,0.21763748,0.44655767,-0.58780086,-0.52669734,-0.7299576,0.31234065,0.49615902,0.7916965,-0.7309768,-0.20492038,0.07794432,-0.8756739,-1.0714352,-0.3303356,0.5616655
O22793,-0.3614761,0.25864634,-0.26546618,0.119378865,-0.19805174,0.06430775,0.18442714,-0.14406177,0.19657016,-0.15003935,0.4857648,0.5970439,-0.19558364,0.14648777,-0.17354317,-0.4035915,-0.26637393,0.50505954,-0.34345934,0.7189821,0.21927537,0.14413387,0.28551036,-0.013260946,0.14337942,-0.11748639,-0.42381495,0.37887707,0.19095823,0.5641445,0.35346052,0.15775275,0.2802133,0.71614987,-0.14492601,-0.5167028,-0.19512847,0.3570347,0.4648301,0.47049147,-0.6612669,-0.22264291,0.053397186,0.14585426,0.272144,-0.5717862,-0.22795543,0.29197013,-0.08549271,-0.056974027,0.16334549,-0.40002286,-0.30282208,0.76232964,-0.088566214,-0.1496174,0.5783306,0.25824344,0.30468726,0.57691985,0.004873384,-0.43604913,0.0859302,-0.020607317
P04806,-0.07491019,0.6604949,-0.063326254,0.11034959,-0.33365312,0.15824221,-0.01377362,-0.23760407,0.5252534,-0.30982077,0.732132,0.5013613,-0.57186735,0.39545682,-0.3527582,-0.7802335,-0.16518489,0.21310061,-0.07381872,0.7626536,0.3767305,-0.048325643,0.53754824,-0.10914089,0.07512976,-0.119556,-0.37927324,0.37761062,0.30880517,0.5148202,0.41248468,0.32866246,0.040373124,0.8624904,-0.51372457,-0.6295347,-0.61629856,0.8290673,0.39577731,0.3005977,-0.8489169,-0.24932809,-0.17970368,0.1414667,0.0551208,-0.8199285,-0.42857745,0.30858734,0.05487002,-0.24662356,0.18741441,-0.086894855,-0.066824704,1.105597,0.16290437,-0.36808395,0.58316445,0.15584913,0.38804734,0.7188133,0.07422854,-0.21015991,-0.20149276,-0.026769089
P04807,-0.06497748,0.6695459,-0.07010476,0.10471833,-0.3232739,0.16937083,-0.028759316,-0.20113887,0.54128045,-0.3457723,0.74499613,0.49407938,-0.59727925,0.3806044,-0.387718,-0.78920114,-0.13540235,0.21091217,-0.051905163,0.75842434,0.38985628,-0.06626208,0.5762687,-0.11626153,0.08957088,-0.14062837,-0.38190275,0.38211367,0.28471366,0.51342595,0.45748606,0.339495,0.028368533,0.8729356,-0.54643416,-0.64246917,-0.63378817,0.8671335,0.3979447,0.2796479,-0.85396594,-0.23720767,-0.1881364,0.118620224,0.033206288,-0.8480679,-0.43597898,0.28957558,0.04588759,-0.25216776,0.17717546,-0.055760816,-0.055603277,1.1627588,0.15232812,-0.39093375,0.5498403,0.16597134,0.42788792,0.74152815,0.109723225,-0.17277005,-0.20676985,-0.06475904
P02746,-0.77670836,-0.8286196,-0.11313835,0.11569387,0.12713856,-0.1276159,0.3736052,-0.10925904,-0.87070954,0.69354635,-0.48161137,-0.020601138,0.8275466,-0.37162057,1.0069332,1.4067603,-0.2465949,0.29006863,-0.5993589,-0.2586634,-0.64231884,0.31565526,-0.8775011,-0.28291735,0.010210816,0.36964288,0.15921243,-0.46209934,-0.07142368,-0.25464737,-0.7314391,-0.18759812,0.5952226,-0.5691878,0.8726392,0.0518838,0.59493905,-0.9898766,-0.001999773,0.14134943,0.8163238,0.011259045,0.83767045,-0.22112146,0.44400162,0.66857547,0.65968686,0.01545375,0.3011758,0.14170186,-0.0708204,-0.53426594,-0.45629835,-1.1521382,-0.21896227,0.57229364,-0.14164539,-0.43764758,-0.16679677,-0.5143433,-0.6802573,-0.5524102,-0.107559845,0.275124
O88951,-0.6749339,-0.2524081,-0.07067381,0.08254757,-0.20097922,-0.24864134,0.41408503,-0.63531536,-0.5500379,0.76840955,-0.083829656,0.1720915,0.50583434,0.13306656,1.1004405,0.76443654,-0.4080847,0.43164587,-0.71821195,0.24547724,-0.44374967,0.26213437,-0.73484015,-0.12933949,-0.17986989,0.5174204,-0.057707287,-0.24310909,0.43956152,0.1233667,-0.8276399,-0.029922679,0.39160118,-0.09487523,0.64647806,-0.096459664,0.30774185,-0.52986574,0.067549326,0.47205514,0.18838428,-0.39999342,0.53534395,0.1265006,0.43306866,0.36207485,0.22385684,0.43786457,0.4822703,0.24008729,0.29251227,-0.6296564,-0.6014493,-1.0648277,0.10866763,0.5777644,0.6219253,-0.57956237,-0.27226964,-0.20429307,-0.8063162,-0.9024389,-0.13239628,0.5879088
O76054,-0.6971992,0.22824427,-0.10555665,0.16242895,-0.3122256,-0.16659701,0.36001235,-0.67677075,-0.22044654,0.49963278,0.23724395,0.4129221,0.20307787,0.30418333,0.69327974,0.17975548,-0.4244062,0.52191323,-0.6112362,0.58243954,-0.24905773,0.23039293,-0.35785794,-0.041921005,-0.05595402,0.32400233,-0.31147736,-0.064445525,0.5024702,0.4146395,-0.5962305,0.10974228,0.36584604,0.2841975,0.3814145,-0.31342608,0.022089422,-0.105123624,0.275545,0.55121434,-0.28577292,-0.56374896,0.3115636,0.17204484,0.354873,-0.11014752,-0.11771297,0.5485138,0.44273666,0.14814582,0.3469861,-0.6448583,-0.48323998,-0.39496338,0.10962136,0.32795188,0.84404016,-0.39849436,-0.11437712,0.17651404,-0.74392325,-0.94536054,-0.12320856,0.46409684
P54786,0.111027926,0.6732325,-0.1749863,0.09739113,0.041679773,0.21792193,-0.1164753,0.3119022,0.59567416,-0.6793896,0.74472535,0.3764955,-0.7872568,0.08984024,-0.8831481,-0.9141552,0.18251947,0.08547832,0.21184808,0.5269837,0.5107864,-0.27554908,1.0420326,-0.09411467,0.29673395,-0.55784047,-0.41148186,0.43729267,-0.122414544,0.35890108,1.0216085,0.29757753,-0.15547764,0.81035787,-0.9207161,-0.6074478,-0.70574456,1.204532,0.3961114,0.15780564,-0.8148707,-0.026547257,-0.43788385,-0.15123352,-0.23854959,-0.9942263,-0.5623132,0.0137562845,-0.24757454,-0.24034373,-0.09397368,0.2598234,0.14239489,1.7015104,-0.014011097,-0.6376163,0.18959682,0.35954452,0.8092472,0.9539879,0.53269625,0.36175236,-0.1369338,-0.57322866
O43614,-0.73389447,-0.41978052,-0.24528562,0.15160769,-0.027708288,-0.133271,0.510724,-0.35762468,-0.58640915,0.6996633,-0.0921628,0.35558105,0.5492731,0.0057755634,0.8331392,0.6557002,-0.51924735,0.5930517,-0.78602594,0.32609618,-0.36646777,0.35606197,-0.658895,-0.0075648427,-0.102604,0.25014296,-0.20364393,0.021742333,0.33388558,0.23171723,-0.5129628,-0.16809918,0.53615034,0.12441446,0.61991966,-0.19150414,0.49091047,-0.6131719,0.20084305,0.62914497,0.07280597,-0.31456318,0.42539257,0.1806525,0.4816162,0.34187454,0.17471793,0.38755894,0.12050892,0.24329881,0.21551517,-0.74419177,-0.65497285,-0.78793514,-0.17628236,0.49972254,0.649957,-0.23882432,-0.22141567,-0.049638882,-0.6064502,-0.89640474,0.18008178,0.48527253
O58966,-0.025003493,0.83370656,0.008423059,0.08374283,-0.36494663,0.22306176,-0.10362396,-0.21962056,0.6514371,-0.40439954,0.8364371,0.44468465,-0.7214296,0.41378906,-0.43221256,-0.8715341,-0.05513064,0.10395787,0.027813792,0.8012418,0.44102776,-0.14416929,0.6538776,-0.19287303,0.07469569,-0.113379374,-0.36858803,0.38530916,0.29967663,0.48150933,0.46226177,0.40357295,-0.11682094,0.90709364,-0.6282371,-0.6459124,-0.76605433,1.0322722,0.3682041,0.20041186,-0.94588083,-0.2627096,-0.23868015,0.09554984,-0.099705726,-0.93797237,-0.4705749,0.2604689,0.1199538,-0.2745701,0.19104955,0.07131308,-0.029308882,1.2736422,0.18632777,-0.44160986,0.5164523,0.10103305,0.4767513,0.84265256,0.11037406,-0.11278424,-0.28918204,-0.070292346
P61086,-0.79438627,0.4515104,0.042116784,0.1291494,-0.4410663,-0.2207869,0.26964635,-0.98409134,-0.15351678,0.587903,0.23248968,0.27776307,0.13853635,0.4320787,0.97099334,0.26554522,-0.29296684,0.51535934,-0.54699934,0.580808,-0.33602816,0.15504774,-0.37679702,-0.18468697,-0.050741736,0.5935422,-0.24112166,-0.39810985,0.6189551,0.41186613,-0.97798,0.29642293,0.23217973,0.073400736,0.37503967,-0.32864588,-0.18269709,0.01227835,0.19682115,0.34583694,-0.13178809,-0.7639387,0.55348986,0.07287689,0.36144736,-0.1321367,-0.12328484,0.58705413,0.85075045,0.1665431,0.49587354,-0.5524573,-0.45979604,-0.5652843,0.38622943,0.45961928,0.8258292,-0.7780046,-0.13669425,0.18098901,-0.9168825,-1.1112924,-0.4335752,0.52755886
P0ADY3,-0.35710394,0.65799874,0.42999458,0.2588128,-0.33794054,0.08621755,-0.23098812,-0.69380546,0.19190025,0.048114553,0.54408246,-0.30960706,-0.051424325,0.36617145,0.63460475,0.24494712,0.24233472,-0.6372365,0.17764807,0.0536121,-0.33564538,-0.21160023,0.24765578,-0.4607387,0.06965802,0.5281093,0.24115334,-0.8548595,0.13063407,-0.1829249,-0.8324558,0.49617115,-0.053296275,-0.39276502,-0.030758418,-0.1957587,-0.8267502,0.4788718,-0.050580867,-0.41018158,0.14611244,-0.26223966,0.1711263,-0.5474618,-0.062467452,-0.48283958,-0.027718492,0.2807291,1.1640928,-0.45298856,0.11491546,0.14924937,0.5312581,0.016010925,0.54623413,-0.14837387,0.12580004,-0.995478,0.3623929,-0.23693246,-0.8948138,0.06588742,-1.2763162,0.021463456
P33421,0.042723708,0.9219466,0.11810289,0.067114264,-0.26994023,0.20705788,-0.27987787,-0.065340444,0.6933711,-0.6452699,0.80730575,0.122534916,-0.7867113,0.27770752,-0.6039425,-0.72149163,0.36986235,-0.26223946,0.32855913,0.47841454,0.3704567,-0.37131244,0.93770194,-0.30661595,0.23759721,-0.17113388,-0.2758077,0.06347221,-0.07124078,0.15004218,0.47972658,0.5305772,-0.29809448,0.54935926,-0.78038955,-0.48317745,-0.9566026,1.255563,0.2666308,-0.12287876,-0.737762,-0.18339626,-0.23193842,-0.26592702,-0.3206357,-0.9790886,-0.37753817,0.032104813,0.3403588,-0.3421077,0.01254794,0.38066277,0.2654067,1.3637333,0.2528308,-0.5635291,0.07375422,-0.084784314,0.70279926,0.72313726,0.12374334,0.2939203,-0.5915465,-0.41801098
B9VJ59,0.2954915,-0.34066573,-0.3066738,0.08588478,0.2683237,-0.08078076,0.28536987,0.348644,0.05640829,-0.03764581,0.2661534,0.36079073,-0.23422374,-0.006457396,-0.59336966,-0.5225511,-0.24630368,-0.14773601,-0.19193263,0.085883975,0.34343457,0.022847483,0.41710052,0.4515405,-0.0047765,-0.6595148,-0.3673399,0.64914566,0.01321986,0.08926314,0.6587881,-0.27226737,0.1798659,0.45067886,-0.57086015,-0.11961945,-0.012583382,0.06523068,0.17810717,0.5644976,-0.4164577,0.28995562,-0.63831437,0.37887943,0.15379673,-0.07024519,-0.15054005,0.1385069,-0.77278525,-0.12033814,-0.29487664,-0.11431165,0.07605715,0.5478971,-0.10583482,-0.35607234,0.5932438,0.75113684,0.006850235,0.20820653,0.46005827,0.2608295,0.37769914,-0.15369117
P13232,-0.15915993,-1.2584842,-0.23102924,0.09004338,0.7507195,-0.08719841,0.3928129,0.9553475,-0.5988621,0.13840362,-0.42592543,-0.21715388,0.50906813,-0.7968203,0.029642992,0.90158457,0.03128127,-0.31875184,-0.24784112,-0.72191226,-0.2187758,0.08572556,-0.05855579,0.14518073,0.22777571,-0.59643996,0.13563019,0.13996306,-0.6287716,-0.4726774,0.37123784,-0.5793142,0.44232687,-0.4698238,0.028625034,0.3276679,0.6698407,-0.74364406,-0.025049277,0.16087995,0.921643,0.6248545,0.07125092,-0.26423872,0.15695249,0.5170446,0.5712652,-0.43017712,-0.7095956,0.050005294,-0.6423373,-0.04552296,0.1569975,-0.34130317,-0.52834064,-0.04233382,-0.4311167,0.4861325,-0.056007944,-0.43946522,0.386047,0.57175374,0.29411447,-0.52450657
P98170,-0.89935887,-0.041542903,-0.17721827,0.17775075,-0.15521355,-0.08583217,0.3596544,-0.4484593,-0.42803708,0.44758216,0.08927754,0.29658645,0.42808262,0.07809781,0.7289106,0.6474745,-0.2764886,0.54011977,-0.63906103,0.3987267,-0.39305043,0.25736982,-0.43855083,-0.18734133,0.04785635,0.35535118,-0.20008944,-0.21596743,0.32864195,0.27212846,-0.52463365,0.13347222,0.4615943,0.08460194,0.5880966,-0.3761283,0.18110749,-0.29361156,0.24960029,0.3445521,0.046283588,-0.4129512,0.5570808,-0.10501746,0.42831603,-0.03591009,0.12877274,0.3286892,0.39685816,0.10100515,0.27134398,-0.60826385,-0.49721703,-0.43477392,-0.09068315,0.361369,0.4377488,-0.44876546,0.073432945,0.022624098,-0.7411121,-0.9044541,-0.1707457,0.34092516
Q8E4T9,0.16787681,0.67191195,-0.06366277,0.06278088,-0.13485305,0.16808328,-0.11600447,0.039551497,0.56320614,-0.48472086,0.7678978,0.37892187,-0.7306049,0.22025466,-0.64166194,-0.88379246,0.03740578,0.065350935,0.114324436,0.5944168,0.48464096,-0.18999852,0.7384248,-0.06571226,0.15462275,-0.3394565,-0.32705754,0.5068447,0.07876232,0.35548922,0.7725445,0.26488125,-0.19732127,0.79788846,-0.77585524,-0.54421526,-0.6735857,1.0149485,0.33479255,0.2360215,-0.87849844,-0.05982029,-0.34235227,0.058459073,-0.14395115,-0.82844794,-0.42187956,0.092616685,-0.16053762,-0.23309155,-0.012326442,0.13518265,0.057200674,1.3808191,0.084389634,-0.55673224,0.36787963,0.33048368,0.50807637,0.8220452,0.3769244,0.15040833,-0.12144168,-0.28228354
Q08379,-0.8451804,-0.46036348,-0.36320925,0.23705348,0.09495718,0.003082457,0.4715147,-0.029416667,-0.518648,0.37083498,0.0091115385,0.40090817,0.51260155,-0.13740452,0.5134226,0.67234033,-0.30402738,0.5189988,-0.65788835,0.30406532,-0.30206996,0.34124306,-0.3187541,-0.036095545,0.11991586,0.039425343,-0.28366017,0.027081024,0.09108945,0.27358007,-0.20565924,-0.09080166,0.60897887,0.14616482,0.5178067,-0.36255407,0.37948865,-0.5188565,0.26820508,0.44733787,0.10926948,-0.18832229,0.40789065,-0.10052312,0.49003878,0.058093876,0.1854842,0.2097987,-0.030218769,0.08750146,0.12649438,-0.6187925,-0.44652987,-0.29434335,-0.31872156,0.26016712,0.41248888,-0.037802935,0.124975145,0.013498008,-0.44073844,-0.6560581,0.12903056,0.17954567
P00191,-0.2596127,-0.6431092,-0.33473465,0.08906749,0.181331,-0.12452637,0.5505909,-0.08465675,-0.43336338,0.54140913,-0.094077185,0.40856197,0.36055714,-0.15121299,0.40165263,0.32040358,-0.67171055,0.4248434,-0.72202,0.22108565,-0.06405048,0.33271074,-0.4973287,0.17009667,-0.15355591,-0.08132659,-0.1872243,0.5093812,0.18871197,0.20815143,-0.040269103,-0.43857542,0.42802972,0.29270324,0.32412168,-0.011570357,0.55763704,-0.6261904,0.17784202,0.8545282,-0.09144789,0.038568486,0.069809124,0.46497712,0.39473107,0.47478056,0.14369395,0.23697212,-0.4442215,0.2685935,-0.0146574825,-0.63961583,-0.5565107,-0.5536498,-0.32031947,0.31974235,0.6598799,0.27240947,-0.36259413,0.030241884,-0.13310347,-0.5505712,0.53251344,0.39562482
P09032,0.16424957,0.62039804,-0.2136994,0.08715266,0.018802349,0.1759832,-0.04454577,0.2093651,0.55856836,-0.6166573,0.7478856,0.4337621,-0.7491826,0.14144352,-0.8133927,-0.9664063,0.037744455,0.18535769,0.125983,0.59120446,0.5222411,-0.20767443,0.8968727,-0.0026982874,0.20370954,-0.5200714,-0.3822134,0.5733218,0.05438455,0.4376374,1.0149033,0.25999174,-0.113947265,0.8758392,-0.8491024,-0.62146246,-0.65397185,1.0861895,0.38912174,0.2588415,-0.87460065,0.010781262,-0.43646193,0.013182916,-0.10614908,-0.9432641,-0.52330434,0.08305725,-0.37157914,-0.23363832,-0.035923705,0.18015051,0.061538566,1.5901332,0.017114017,-0.6277457,0.33168226,0.4556569,0.66289544,0.9088299,0.5256467,0.2594575,-0.018342644,-0.428376
A0A6L0XFC6,-0.19857334,0.9908258,0.1279094,0.12903266,-0.53911173,0.2039213,-0.17642373,-0.50893515,0.5889681,-0.31899902,0.81794643,0.3052103,-0.54613274,0.513153,-0.114144355,-0.6066692,0.09344157,-0.027354144,0.08400965,0.7310571,0.23511435,-0.17735878,0.5396499,-0.37894097,0.053070117,0.15323904,-0.3087374,-0.020951804,0.30593958,0.28839967,-0.025090616,0.61162883,-0.113265164,0.6018018,-0.41631907,-0.6308039,-0.92534614,0.9809073,0.28847194,-0.050661996,-0.8357855,-0.41027716,-0.020842426,-0.08865211,-0.08521873,-0.8982315,-0.34493658,0.33132285,0.6001797,-0.33656996,0.2960367,0.0807253,0.033129092,0.9613548,0.37867975,-0.3411016,0.4258837,-0.31379485,0.51069474,0.627151,-0.3174975,-0.20202003,-0.64035296,0.017317457
P09056,-0.08312595,-1.1974986,-0.2374378,0.07791139,0.7474399,-0.010676724,0.33224645,1.0457207,-0.49987596,0.039141364,-0.3393839,-0.18535861,0.40050292,-0.7650397,-0.15763688,0.77509135,0.0989364,-0.39295307,-0.18090206,-0.6945446,-0.13253032,0.031059073,0.09047332,0.14226106,0.25722072,-0.68194056,0.07742742,0.2227786,-0.66699433,-0.47941157,0.5263951,-0.55803674,0.38301897,-0.36640403,-0.10047803,0.26338565,0.58802956,-0.61548036,-0.020779558,0.12725817,0.8032222,0.64499944,-0.035794877,-0.26310635,0.07442629,0.4150973,0.5293548,-0.4593223,-0.7752966,0.000111002475,-0.6628784,0.032996688,0.20055106,-0.12758218,-0.5539539,-0.12998602,-0.4425974,0.5643947,0.040561162,-0.35249233,0.4915861,0.6752839,0.30507955,-0.5723415
P11229,-0.7476649,-0.38861266,-0.30130708,0.13989174,-0.009768885,-0.096165776,0.54906726,-0.3225365,-0.51888704,0.67495877,-0.05675496,0.47875988,0.49231213,-0.008645169,0.71882117,0.5067967,-0.6133115,0.73471016,-0.84423655,0.4708137,-0.27838314,0.4116531,-0.6321686,0.026805386,-0.0651111,0.15168306,-0.3196565,0.20963043,0.3246684,0.35844544,-0.37725237,-0.21295047,0.539507,0.31472725,0.5951594,-0.21513087,0.5574685,-0.58253527,0.29238722,0.74267644,-0.09479411,-0.33608866,0.38974312,0.29740822,0.47787827,0.30073076,0.119739726,0.38260773,0.0020538745,0.30299687,0.22603562,-0.8332276,-0.7488366,-0.6331109,-0.29841465,0.50321007,0.7400485,-0.07766622,-0.24811995,0.13193075,-0.5131305,-0.9867299,0.35566694,0.52306443
P19784,-0.65587246,0.48495892,-0.024877205,0.121755205,-0.4605756,-0.1942499,0.3232794,-0.8945841,-0.07658084,0.6009627,0.29284018,0.43863317,0.06584369,0.45325693,0.7782712,-0.021666877,-0.4890936,0.58798796,-0.59338146,0.73124224,-0.21690784,0.1760627,-0.3693777,-0.054428652,-0.098618835,0.41583166,-0.39651567,-0.0696107,0.6499098,0.5120862,-0.77699065,0.17753941,0.23526412,0.35917616,0.31432703,-0.32165152,-0.102368295,0.049015015,0.31518012,0.59500164,-0.46185103,-0.74270976,0.3145927,0.32195845,0.28456056,-0.16966942,-0.25956723,0.65311784,0.61676383,0.21198022,0.45132676,-0.6412361,-0.5287952,-0.4302926,0.26485837,0.38576183,1.0443404,-0.5047654,-0.22776306,0.34791943,-0.79979885,-1.0936263,-0.1628148,0.57828593
Q13951,-0.6611285,-0.24690306,-0.102785334,0.1907381,-0.0759691,-0.17933357,0.37356842,-0.45148805,-0.45930916,0.5280581,-0.023929551,0.17888306,0.44224468,0.08060112,0.82701033,0.617046,-0.3095175,0.22166476,-0.55662405,0.14567983,-0.387317,0.21254966,-0.40868807,-0.032526366,-0.06703277,0.34839165,-0.07761265,-0.34717354,0.28211182,0.13870484,-0.71727383,-0.010646732,0.50216883,-0.16376518,0.44554153,-0.1311085,0.14719404,-0.4370492,0.08878293,0.3681895,0.25006983,-0.3002702,0.354514,-0.076583154,0.4490886,0.20139132,0.14651048,0.42400154,0.39701232,0.049655795,0.19094676,-0.48558152,-0.31157428,-0.7483856,0.14287882,0.3706367,0.5572533,-0.45346832,-0.0938308,-0.24365756,-0.72966844,-0.6257072,-0.2277197,0.3317877
P09326,-0.5622736,-1.0035113,-0.157326,0.062114507,0.19645768,-0.20070344,0.4396084,-0.037306383,-0.9192836,0.7393697,-0.55963653,0.007766202,0.8906054,-0.444639,0.91941655,1.3570772,-0.37991866,0.28089958,-0.6197338,-0.3782836,-0.6094181,0.33627668,-0.98901284,-0.1625526,-0.10931939,0.20200881,0.20815133,-0.24394567,-0.07969669,-0.33809912,-0.61987317,-0.37775585,0.5679681,-0.55034715,0.8656578,0.1782912,0.73228896,-1.1305878,-0.0030593053,0.2822281,0.78841394,0.16140445,0.72222155,-0.024353184,0.4335427,0.804279,0.68202084,-0.030035337,0.02526996,0.21464972,-0.19184767,-0.5604966,-0.43293455,-1.2300931,-0.3231012,0.5377751,-0.13051553,-0.19488572,-0.3578147,-0.5782352,-0.51647055,-0.42568287,0.1100034,0.29128426
P03880,0.03020522,0.5755824,-0.06313133,0.11697288,-0.24807255,0.11143114,0.019901738,-0.19396253,0.4622709,-0.26703542,0.72773826,0.4305176,-0.5851086,0.36076072,-0.3897238,-0.75838375,-0.15060976,0.07146934,-0.051052675,0.65386224,0.3956067,-0.056714,0.5068505,-0.020083345,0.06667775,-0.19414161,-0.3437289,0.44084445,0.2684129,0.40609008,0.45823514,0.22989035,-0.034147993,0.7655738,-0.56923187,-0.5169826,-0.58405554,0.755791,0.3191152,0.33936998,-0.8178695,-0.13324292,-0.29413235,0.18087056,0.035217587,-0.68107486,-0.38001895,0.24809958,-0.069934346,-0.23816256,0.09839389,-0.059793584,-0.007592585,1.0499263,0.15916784,-0.40990108,0.6098167,0.25943404,0.2820382,0.652898,0.11930856,-0.07842226,-0.1456092,-0.0420655
P20065,-0.7439419,-0.6223909,0.17306235,0.040080234,-0.13205592,-0.10636069,0.14148597,-0.30568585,-0.72955143,0.7571451,-0.41520184,-0.14178172,0.6515427,-0.29969433,1.1032968,1.5124573,-0.12459004,-0.044062547,-0.47211543,-0.25852147,-0.67053825,0.19189492,-0.87569445,-0.45567483,0.056093257,0.61572695,0.19977926,-0.6500639,-0.1767767,-0.39410377,-1.0655396,-0.13279119,0.39116222,-0.7984566,0.76767254,0.22530383,0.3692606,-0.93068814,-0.07816959,-0.019716784,0.8029229,-0.06130405,0.9016508,-0.28971288,0.1344367,0.66793835,0.7126771,-0.044934362,0.75933695,0.12779184,-0.10053232,-0.44003257,-0.31386003,-1.2406005,-0.1300983,0.6704712,-0.23763557,-0.6546132,-0.21014598,-0.55119914,-0.837723,-0.42875767,-0.40084952,0.32981187
Q06124,-0.6463474,0.37819672,-0.0624744,0.12926556,-0.39714107,-0.18790141,0.35164732,-0.803228,-0.13255781,0.58479756,0.259027,0.45512897,0.1050331,0.39405027,0.7138413,0.00324177,-0.51188326,0.5977003,-0.62485826,0.6894077,-0.20956543,0.19767015,-0.37491235,-0.017705053,-0.08501279,0.34059575,-0.38900536,-0.009535957,0.60108835,0.49537563,-0.6637504,0.12727948,0.294183,0.38285545,0.32516283,-0.30199128,-0.0056622475,-0.015376521,0.3313371,0.64161134,-0.42810056,-0.68365264,0.28298244,0.3274091,0.29810053,-0.1380215,-0.22458288,0.61610705,0.49869803,0.2164932,0.40411893,-0.6674593,-0.539312,-0.4158548,0.18103115,0.36644015,1.0090691,-0.42359906,-0.22900355,0.29389247,-0.7550403,-1.0624472,-0.0803993,0.551842
Q383B2,-0.2249704,1.1032233,0.1691358,0.11659339,-0.5338874,0.23691511,-0.28795034,-0.479778,0.6337676,-0.4885213,0.8584975,0.16005695,-0.59539276,0.4457983,-0.19227502,-0.4949134,0.3566519,-0.1484189,0.23448431,0.59981734,0.22696905,-0.29476777,0.6875918,-0.51296985,0.14137636,0.16541424,-0.28714013,-0.212548,0.11097823,0.16162232,-0.0103953,0.757502,-0.21939293,0.47727728,-0.47356775,-0.6254907,-1.0519507,1.165832,0.2358892,-0.28834665,-0.7621299,-0.41380346,0.06980978,-0.31029552,-0.21637756,-0.97800684,-0.28296882,0.19086458,0.784397,-0.38721836,0.24986035,0.26828676,0.13488387,1.0958458,0.4172019,-0.40486553,0.14458887,-0.476125,0.6937512,0.5999861,-0.34559977,-0.06167017,-0.8305746,-0.128898
P48415,-0.18850607,0.5766857,-0.3350405,0.06357689,-0.06615521,0.18544295,-0.034049958,0.30155155,0.4478114,-0.65940356,0.7088595,0.5142648,-0.6589888,0.025072,-0.76471215,-0.68121207,0.146216,0.4544437,0.0697943,0.6813067,0.43576068,-0.15724693,0.8883786,-0.20256926,0.33874556,-0.42046165,-0.49844104,0.31886825,-0.10821433,0.49889743,0.9732721,0.38524908,0.06324806,0.8486633,-0.6941309,-0.7951397,-0.55361915,1.0980095,0.49751094,0.14606397,-0.7862689,-0.1278316,-0.14036053,-0.21503499,-0.13721481,-1.0060838,-0.51235706,0.077290334,-0.14654166,-0.1857413,-0.032327548,0.054973345,-0.062156435,1.6996038,-0.118811354,-0.49027094,0.1600408,0.30910343,0.9546229,1.0121148,0.4695363,0.135687,-0.11283975,-0.5563546
P16143,-0.97024715,-0.26275194,-0.14864258,0.121302605,-0.13608806,-0.15667608,0.45203027,-0.56801015,-0.6254278,0.76795703,-0.14614256,0.23935872,0.56474614,0.08366781,1.0788071,0.90818304,-0.3358038,0.6608506,-0.7586251,0.35100764,-0.51093274,0.3418073,-0.7389984,-0.18372008,-0.040315997,0.5120374,-0.16069905,-0.34242275,0.41841483,0.20149115,-0.82490695,0.029075954,0.5334916,-0.0729011,0.7667686,-0.2589812,0.3878161,-0.5539059,0.17113551,0.3916036,0.24671209,-0.4875829,0.7387667,-0.011209466,0.52423126,0.28869975,0.24883223,0.3777224,0.4997516,0.22684507,0.35597485,-0.71662205,-0.71669894,-0.91437984,-0.036591623,0.6448978,0.5083441,-0.58476686,-0.14241865,-0.06151481,-0.8196871,-1.0810121,-0.10571474,0.5376302
O74499,-0.77069676,0.65208656,0.29733256,0.30385742,-0.40651146,0.18287508,-0.20711532,-0.51336795,0.11063178,-0.14284614,0.53673565,-0.14126909,0.05241622,0.22827283,0.5919279,0.38019824,0.40480703,-0.22572467,0.16066366,0.27337137,-0.35031736,-0.11836,0.2952675,-0.65911424,0.29435417,0.47167435,0.11828895,-0.86823404,-0.005106467,-0.026159834,-0.6444541,0.78731674,0.053549834,-0.2664747,0.13042942,-0.43430457,-0.7027362,0.51131827,0.16763842,-0.46887225,0.073888026,-0.38993415,0.5545949,-0.80836654,0.051318098,-0.7031525,0.12969163,0.16392292,1.1326191,-0.37431538,0.1628524,0.11695017,0.277267,0.29912353,0.36110774,-0.14691803,-0.03795339,-0.9206396,0.6278055,-0.039831936,-0.9185534,-0.1991688,-1.1601207,-0.16176146
P18065,-0.6283865,-1.0831399,-0.44801828,0.12628363,0.36411294,-0.05689824,0.6761519,0.20333064,-0.82712436,0.7244479,-0.39174867,0.41628698,0.7454602,-0.4466297,0.6907158,0.91008574,-0.6752453,0.77588093,-0.8865191,0.13569789,-0.3324501,0.5397713,-0.8113263,0.0146065205,-0.0593131,-0.110704005,-0.11286056,0.40918675,0.026109694,0.16628109,-0.05386636,-0.5623041,0.69028896,0.1299833,0.7119069,-0.090244144,0.95358807,-1.0639374,0.2263861,0.7523895,0.32952994,0.08869065,0.4901268,0.24601233,0.5858819,0.69248587,0.41753718,0.09074628,-0.5432733,0.35653716,-0.06045376,-0.8238736,-0.787062,-0.77074754,-0.63815343,0.51853305,0.36103964,0.27831537,-0.27594507,-0.030882388,-0.16321464,-0.69900936,0.67525667,0.3538124
P01586,-0.19199906,-1.1916397,-0.33219025,0.086263254,0.697124,0.049521122,0.35486877,1.1257154,-0.5026914,0.033052526,-0.27539343,-0.047952175,0.3866068,-0.77431923,-0.1911286,0.7691101,0.06722831,-0.19989124,-0.25031212,-0.52037334,-0.083643414,0.09132838,0.076217055,0.13357913,0.33107102,-0.75035346,-0.061281517,0.36365286,-0.640181,-0.3448456,0.6414414,-0.5672572,0.40840244,-0.1784298,-0.055299096,0.124767244,0.64582455,-0.6299738,0.07248295,0.21470469,0.64025784,0.59389645,-0.015525252,-0.18332288,0.07028863,0.3387006,0.5142046,-0.45524296,-0.86367947,0.050553754,-0.6201775,-0.077508315,0.083403185,0.045328826,-0.6772087,-0.13809377,-0.346569,0.66741294,0.09999683,-0.19700623,0.5523178,0.5649712,0.45219254,-0.54970175
Q92734,-1.114935,-0.14712206,-0.09057282,0.15284277,-0.118940264,-0.042641114,0.32752907,-0.48934987,-0.5353354,0.5480286,-0.14243928,0.1633537,0.53908795,-0.023498066,1.0098565,1.0010448,-0.15857208,0.5704618,-0.6115047,0.28978378,-0.524833,0.30132675,-0.5649066,-0.3673124,0.13172096,0.5683135,-0.06530936,-0.58558756,0.2581029,0.17998964,-0.82005143,0.2109158,0.5303404,-0.21913148,0.7536441,-0.3363675,0.26709792,-0.44392028,0.17829213,0.1266101,0.4022646,-0.4261536,0.9369054,-0.34438974,0.5075531,0.12278463,0.33637327,0.22484872,0.61952496,0.11172041,0.3195174,-0.55406684,-0.5971209,-0.68772304,-0.016790561,0.55190736,0.19486097,-0.699672,0.07514968,-0.0527972,-0.8665293,-1.0182102,-0.33599108,0.32438916
P03957,-0.43812165,-0.86758476,-0.010585726,0.055844337,0.11543481,-0.20652136,0.3606224,-0.17142467,-0.7980074,0.7506983,-0.4933511,-0.06770454,0.7847595,-0.2926714,0.9145249,1.2167785,-0.34402815,0.07150182,-0.542893,-0.3883973,-0.581639,0.24083313,-0.9124632,-0.15877381,-0.15501621,0.32120994,0.23476128,-0.31383684,0.014520106,-0.39921734,-0.71192515,-0.2922684,0.45394495,-0.56629896,0.7687562,0.2441059,0.57907784,-1.0112323,-0.07015311,0.22418025,0.75983196,0.064535454,0.6139115,0.0036252216,0.3598964,0.7603976,0.64565337,0.026349591,0.17999046,0.14823973,-0.13749611,-0.4706294,-0.32092696,-1.3150371,-0.14975633,0.5324659,-0.05652894,-0.3370433,-0.38595927,-0.648056,-0.6068955,-0.4100459,-0.054779522,0.37908858
P00257,-0.7237979,-0.5121031,-0.33187437,0.1317053,0.04337857,-0.07313368,0.5971317,-0.23242925,-0.5416799,0.657209,-0.072340116,0.46611246,0.55598605,-0.09214101,0.73662734,0.6159543,-0.64433575,0.6916375,-0.86493224,0.42746383,-0.25405562,0.45766604,-0.7071812,-0.022269689,-0.07613365,0.13184449,-0.26835245,0.277928,0.27533957,0.3045892,-0.3242031,-0.29118806,0.54063344,0.2973792,0.66214013,-0.16951644,0.6336723,-0.6906477,0.25342336,0.74084336,-0.060782067,-0.22070128,0.40712258,0.31021744,0.47586164,0.38828963,0.2159997,0.30364928,-0.107207425,0.32407528,0.17798424,-0.83056015,-0.76701903,-0.6547626,-0.40459266,0.50560886,0.6563466,-0.0006039366,-0.26554933,0.1262005,-0.4537226,-0.9181557,0.41722792,0.512792
P49710,-0.9111004,-0.11796523,0.14277436,0.117104694,-0.17534663,-0.044481497,0.14096875,-0.47270277,-0.49100822,0.4861725,-0.12612192,-0.052017838,0.46768713,-0.09305812,1.0444123,1.1329353,-0.05626536,0.19290584,-0.4408322,0.060836185,-0.5201125,0.12634188,-0.55353516,-0.53261924,0.118100375,0.70758736,0.14774181,-0.7265253,0.088160664,-0.061078116,-0.85502076,0.20397528,0.33267263,-0.4753683,0.64858145,-0.14363295,0.11316712,-0.37801036,0.029345281,-0.0219419,0.56966287,-0.3084398,0.92607,-0.46065593,0.21381095,0.15981902,0.4327108,0.1022105,0.8587964,0.05421038,0.14994517,-0.37517697,-0.3429306,-0.7640051,0.06582166,0.49563974,-0.067585245,-0.8812914,0.13113339,-0.24153078,-0.894193,-0.69277954,-0.61359787,0.22702305
P08171,0.031685963,0.51020545,-0.049544826,0.106891915,-0.19418843,0.09508442,-0.015191972,-0.10389298,0.42133546,-0.30653667,0.65790045,0.36216918,-0.5362189,0.283164,-0.40730917,-0.68942505,-0.08134853,0.026004963,-0.0014834255,0.55199754,0.33984625,-0.09108645,0.53927314,-0.0342108,0.086477935,-0.22221944,-0.29213333,0.3863764,0.18346791,0.31542572,0.4824224,0.23891373,-0.046511255,0.66395336,-0.56111205,-0.47031984,-0.559276,0.7248328,0.3020393,0.2898937,-0.7192553,-0.103349015,-0.26350158,0.094341144,-0.005344223,-0.6757974,-0.32735258,0.19142441,-0.06553332,-0.21778674,0.019810066,-0.007946517,0.04250281,1.0114518,0.12883414,-0.42013174,0.47347778,0.23005772,0.32048,0.57480574,0.13522793,-0.0054736007,-0.16091862,-0.13006955
P00568,-0.5869795,0.7565451,0.08022975,0.16793501,-0.5377315,-0.10118751,0.18055125,-0.94899374,0.15311456,0.3899146,0.4519838,0.4131262,-0.08011596,0.5663362,0.61339605,-0.2369396,-0.3655037,0.4050517,-0.40553376,0.775582,-0.11526127,0.09612478,-0.14747435,-0.17347005,-0.052125122,0.4427947,-0.35404485,-0.15766768,0.6603463,0.48308522,-0.7451773,0.35742685,0.13525772,0.36327833,0.15948981,-0.45280737,-0.42778766,0.30525875,0.30713138,0.39898938,-0.5886272,-0.7189729,0.28827235,0.2140826,0.2605865,-0.3900267,-0.3106362,0.6481281,0.71397513,0.014633633,0.4669424,-0.49664915,-0.33088154,-0.100116834,0.40248117,0.20050341,0.94215894,-0.5506391,-0.06814753,0.4117218,-0.801348,-0.9815164,-0.39669666,0.46620783
O43255,-0.74077785,0.15891218,-0.20980343,0.1246091,-0.22664867,-0.10009967,0.42288527,-0.5389372,-0.17579246,0.5123723,0.1929231,0.5912258,0.18317413,0.23393288,0.53107154,-0.008640818,-0.56642437,0.75967205,-0.7163761,0.72617126,-0.15859698,0.31153813,-0.30388314,0.05007209,0.031567898,0.15122733,-0.47601843,0.14718498,0.4433233,0.5856293,-0.4014571,-4.859711e-05,0.44149974,0.51410013,0.38185906,-0.3078312,0.21250707,-0.1461527,0.42196825,0.73058933,-0.4559523,-0.59391135,0.26030418,0.34835312,0.38977566,-0.12345816,-0.18579009,0.5461647,0.22382975,0.23425789,0.3447612,-0.7921208,-0.6310971,-0.23918138,-0.0863076,0.37038827,0.9705955,-0.13454339,-0.1716148,0.39032477,-0.5860401,-1.0608306,0.20617974,0.5007493
Q9NDG0,0.15496767,0.85798097,0.09394884,0.08283612,-0.26349413,0.21484955,-0.16801941,-0.0985284,0.7014589,-0.47140005,0.87356037,0.31143856,-0.82859486,0.4073749,-0.56842583,-0.95437163,0.07753394,-0.1540676,0.16027436,0.64021015,0.47805005,-0.26177236,0.80132365,-0.12892205,0.109948024,-0.2234152,-0.31606528,0.40013987,0.2033026,0.31535763,0.57435894,0.3866579,-0.28351828,0.8123802,-0.825601,-0.54584527,-0.8510291,1.1276056,0.27050656,0.1441338,-0.9132429,-0.18564905,-0.41539264,0.03650599,-0.22409216,-0.91655207,-0.47010115,0.16618843,0.055990066,-0.31977046,0.0837709,0.24510312,0.15792903,1.3183174,0.23090331,-0.5610295,0.45664173,0.13788283,0.47591716,0.79557794,0.1822445,0.12266657,-0.33966005,-0.18185414
Q14103,-0.96685517,-0.36559346,-0.012236954,0.106830105,-0.13444023,-0.14940602,0.3727697,-0.5653517,-0.67152864,0.7464406,-0.2501967,0.044594735,0.5671394,-0.03501443,1.2121246,1.2162822,-0.22505802,0.4456335,-0.65374726,0.14399254,-0.5487377,0.2986307,-0.8232712,-0.3805821,0.008503314,0.70108604,0.060401767,-0.58132064,0.31301862,0.037035644,-0.961892,0.052157056,0.48423854,-0.3814331,0.82207215,-0.16391726,0.33958304,-0.65958285,0.0152018145,0.20835444,0.552301,-0.37260342,0.945472,-0.17798895,0.47301623,0.43351364,0.4671785,0.21771571,0.6483065,0.15309824,0.27677193,-0.60129064,-0.6154591,-1.0783515,0.04711577,0.67951375,0.2180354,-0.75053823,-0.1394614,-0.2512783,-0.885303,-0.9489726,-0.31882888,0.4938404
O08547,-0.6809349,0.26036328,0.036713235,0.1783172,-0.31714714,-0.21397483,0.2562737,-0.8290303,-0.21217647,0.47634867,0.19554913,0.19029078,0.22132394,0.3159927,0.9096612,0.3532086,-0.24368846,0.2624874,-0.4706434,0.34830913,-0.33921635,0.14306407,-0.3027122,-0.1569225,-0.06243265,0.53977525,-0.09457342,-0.48572102,0.46503532,0.26725364,-0.9094968,0.24794577,0.32894424,-0.08079003,0.3495328,-0.23299222,-0.18808709,-0.07423745,0.102135256,0.27526754,0.06647621,-0.56479895,0.43828115,-0.08058764,0.37310168,-0.061130725,-0.027081676,0.5431441,0.7765778,0.042418793,0.35887378,-0.43796682,-0.2847037,-0.6109225,0.40135667,0.35687453,0.6834494,-0.7483973,-0.052503884,-0.06472352,-0.90620065,-0.83297175,-0.512347,0.4206503
P18545,-0.86419904,-0.06456673,-0.1269591,0.2712151,-0.08487405,-0.070554,0.3036423,-0.37071458,-0.34419858,0.31138948,0.105881795,0.22717889,0.40643543,0.07820753,0.6830992,0.5729683,-0.10479143,0.24182978,-0.46124035,0.2338333,-0.35639155,0.22419603,-0.15840489,-0.1260989,0.118868425,0.2902726,-0.13598455,-0.4778501,0.18358038,0.19978201,-0.64666086,0.18795012,0.534364,-0.15083294,0.38274458,-0.30893722,-0.011939816,-0.24942243,0.17186219,0.1761182,0.22297437,-0.35524562,0.45353067,-0.3278742,0.4666663,-0.0969431,0.13742892,0.37186405,0.49372926,-0.07319189,0.22891459,-0.4207816,-0.20480202,-0.38250297,0.13671647,0.23428866,0.44579977,-0.45186007,0.1660673,-0.120385796,-0.7538565,-0.6213007,-0.37349543,0.14596048
P0AFL3,-0.030906737,0.8605608,0.04443066,0.09886446,-0.4001552,0.21421081,-0.10955705,-0.2936922,0.6367533,-0.35617706,0.84669346,0.42113158,-0.69159317,0.45786527,-0.3599501,-0.844156,-0.070124544,0.05161678,0.018222421,0.79953223,0.40542912,-0.13752672,0.60919386,-0.1970159,0.053098883,-0.057138793,-0.34828967,0.33913067,0.32832372,0.43946594,0.35583916,0.41494846,-0.12020633,0.8634929,-0.5927407,-0.62641716,-0.79093486,0.99041533,0.344962,0.17552906,-0.929585,-0.2844957,-0.23865342,0.10068262,-0.08569363,-0.89590627,-0.44744316,0.29273298,0.19853209,-0.29890215,0.21802899,0.042816754,-0.0022077523,1.1764741,0.23401132,-0.42200536,0.56052417,0.040208355,0.43453515,0.7950733,0.019710198,-0.14452347,-0.34505546,-0.00042344444
Q8X1X3,-0.15507807,1.1642921,0.18453349,0.09782296,-0.62867,0.27317986,-0.25789732,-0.6393844,0.66096926,-0.28520864,0.9082345,0.3771051,-0.6479256,0.59380436,-0.11079413,-0.6885773,0.07387767,-0.0077213794,0.061986804,0.8277575,0.27816987,-0.22830227,0.5216707,-0.4258332,-0.0138051845,0.23833331,-0.35826337,0.040202107,0.39821413,0.29670864,-0.10384719,0.6631462,-0.24553889,0.70257443,-0.44295827,-0.70942354,-1.0234481,1.0605308,0.26376462,-0.07279436,-1.0231917,-0.5058771,-0.042496048,0.008035984,-0.19024184,-0.92411774,-0.4119369,0.34822005,0.6814272,-0.34110504,0.38105208,0.11517689,-0.026048329,1.0201573,0.41400775,-0.3178742,0.49091554,-0.39630312,0.5086915,0.7377424,-0.38115823,-0.29056552,-0.64571697,0.15559262
P78362,-0.88609123,0.28464827,-0.13788539,0.14041895,-0.31865442,-0.0831676,0.3616944,-0.61020976,-0.19377889,0.5231245,0.23379578,0.5054486,0.23114443,0.30671582,0.65636927,0.15802753,-0.4269991,0.71338737,-0.6849848,0.73001266,-0.27819914,0.27875146,-0.34000558,-0.05789777,0.05807082,0.28436366,-0.45792538,-0.037348974,0.49329662,0.52646923,-0.56832135,0.1327677,0.39091143,0.39536202,0.4556661,-0.39779326,0.10412803,-0.09754419,0.39581203,0.5512301,-0.3896067,-0.66419977,0.39829955,0.1864047,0.38006487,-0.21061742,-0.15219274,0.53611845,0.4397767,0.19139649,0.3970829,-0.7481449,-0.5876164,-0.25399446,-0.038829263,0.37863696,0.85824543,-0.3379411,-0.07830853,0.35641804,-0.7351068,-1.1139979,-0.017253667,0.46823752
P00004,-0.89098334,0.46533468,0.095723316,0.16699724,-0.38979724,-0.17636877,0.20745462,-1.0124885,-0.14694445,0.50520474,0.22769134,0.16193852,0.16587168,0.38234144,1.0481112,0.40960944,-0.19082406,0.4385542,-0.45818755,0.46420628,-0.36580914,0.15800786,-0.32573518,-0.30226418,0.037710518,0.7028768,-0.10952784,-0.64007145,0.5556271,0.37737602,-1.0726607,0.38372067,0.21572566,-0.10764031,0.38019416,-0.3362448,-0.24725321,0.0102022905,0.10651322,0.17343296,0.074380614,-0.7435238,0.7032057,-0.11442158,0.39555308,-0.13823944,-0.016078778,0.50560457,0.97838175,0.104132384,0.4912267,-0.48054302,-0.37256315,-0.5398334,0.4520794,0.46149486,0.65609926,-0.9215351,-0.06764882,0.09825945,-0.97138727,-1.1017772,-0.59693456,0.45986453
P52286,-0.8585317,0.6857559,0.11763982,0.2614034,-0.42490092,0.20682925,-0.14319283,-0.44295034,0.14439808,-0.22677544,0.56178814,0.06993711,0.023290083,0.18544587,0.47885135,0.2876547,0.38463286,0.07109024,0.05096826,0.44128093,-0.1967056,-0.02415592,0.2761796,-0.674778,0.34182945,0.40175214,-0.034845233,-0.67325616,0.024656026,0.1652079,-0.49507067,0.805815,0.1311039,-0.06647977,0.13857809,-0.59018886,-0.66529053,0.5152012,0.24548534,-0.4038952,-0.13875587,-0.41645387,0.66527677,-0.7045146,0.15006542,-0.7367078,0.13099945,0.15224153,0.9485721,-0.31182313,0.24486572,0.016182777,0.038446147,0.5160088,0.273411,-0.1499682,-0.0044602305,-0.68361264,0.6479586,0.2166247,-0.781196,-0.3789422,-0.9159673,-0.16352051
O00757,-0.3348171,0.70580685,0.06557582,0.2075677,-0.45079336,-0.003762615,0.14386694,-0.7718577,0.26739597,0.2083412,0.55324566,0.44722238,-0.2265523,0.5478124,0.32025427,-0.4833557,-0.3743464,0.19161344,-0.2767091,0.7366586,0.056647047,0.057039663,0.060078852,-0.1095156,-0.064327404,0.2509492,-0.32745057,0.04796591,0.57244873,0.43233627,-0.45932713,0.28864244,0.13843113,0.4912109,-0.079243995,-0.46821254,-0.51382494,0.4024402,0.28021702,0.42514783,-0.6716436,-0.53058034,0.022685789,0.2472542,0.22322637,-0.43960416,-0.35893542,0.58534795,0.46105596,-0.13958919,0.37017855,-0.3672195,-0.17777993,0.19411905,0.4019834,-0.016776247,0.94923973,-0.28790748,-0.01776243,0.42619926,-0.59449995,-0.65900546,-0.33412933,0.38868707
P62799,-0.81046474,-0.036392488,0.201951,0.1682235,-0.24896578,-0.18035015,0.1693858,-0.81076235,-0.43815976,0.6375184,0.021597624,-0.097896814,0.3519771,0.16229609,1.2430153,1.0024179,-0.19149476,0.10143736,-0.4826483,0.084315084,-0.53065693,0.13757911,-0.5967517,-0.37560463,0.022675823,0.84835577,0.13398969,-0.81162935,0.3394001,0.08360562,-1.1629617,0.1752975,0.2649268,-0.48945633,0.5142091,-0.09720653,-0.032408364,-0.36754963,-0.09645433,0.16707051,0.5524369,-0.47351232,0.699389,-0.25313494,0.2828649,0.20112415,0.2848724,0.33763424,1.0137005,0.05491154,0.2940136,-0.4459852,-0.260132,-0.98122466,0.34876588,0.5850644,0.38147283,-1.0014076,-0.0885682,-0.39146292,-1.0095037,-0.74841857,-0.6398459,0.49507165
A6ND01,-0.51105183,-0.98000354,-0.4000888,0.15555067,0.34502703,-0.08342838,0.58969545,0.20590968,-0.7044459,0.57142466,-0.30425632,0.32803977,0.62710345,-0.35678685,0.5192212,0.72213966,-0.5393458,0.50979775,-0.73768306,0.053092856,-0.26993185,0.39813325,-0.54360974,0.11341901,-0.036860872,-0.11428708,-0.12109983,0.30096087,0.029069567,0.109348,-0.025258366,-0.46104494,0.6374539,0.08515379,0.5119455,-0.059964016,0.7565835,-0.88104975,0.18305923,0.69350183,0.30838096,0.07710828,0.2772949,0.18826237,0.5213344,0.54388756,0.30888516,0.13173449,-0.4758477,0.23936625,-0.08758083,-0.68002206,-0.52750605,-0.66153073,-0.4625997,0.37274367,0.38304597,0.23271804,-0.198286,-0.14643478,-0.13330011,-0.5045864,0.5042481,0.22829509
P07358,-0.39277688,-1.0037564,-0.13316984,0.09316186,0.26508537,-0.19510731,0.43708628,0.03717336,-0.8139721,0.6676892,-0.49717224,-0.00906381,0.7877637,-0.36000854,0.7469645,1.1047292,-0.39601526,0.11758596,-0.56379193,-0.39968494,-0.5322431,0.2689526,-0.780741,-0.031850673,-0.13276145,0.13228899,0.173593,-0.16128157,-0.03720366,-0.3218153,-0.45177585,-0.39449117,0.5424214,-0.4624208,0.67772204,0.21583635,0.66347355,-1.003272,-0.010866649,0.33754456,0.7345751,0.15015212,0.44399154,0.0076824054,0.42989278,0.7199166,0.5516007,0.029115373,-0.097507626,0.15065952,-0.19591706,-0.48192275,-0.2928995,-1.1507655,-0.25460333,0.4471298,-0.023109622,-0.13000266,-0.31875923,-0.60844964,-0.41176498,-0.29492036,0.10969505,0.2393297
Q15154,-0.6906104,-0.4477521,-0.29007185,0.2372418,0.2672857,0.13486518,0.1900745,0.4977672,-0.33857393,-0.15947327,0.07854912,0.10544503,0.31914204,-0.32635608,-0.0066199526,0.6636375,0.25855765,0.020164844,-0.17476638,-0.074034065,-0.2197495,0.04503929,0.29407024,-0.12409402,0.38917577,-0.21566159,-0.18812418,-0.17750646,-0.3402513,-0.037477545,0.22846623,0.113867454,0.4399952,-0.120188504,0.11907663,-0.40294883,0.04638827,-0.14993395,0.21112692,-0.04500377,0.28639734,0.09331751,0.29808658,-0.59696066,0.25706384,-0.2710858,0.2816121,-0.15414003,-0.10375456,-0.18821137,-0.17921779,-0.086316854,0.08614805,0.33591056,-0.29351386,-0.17223305,-0.22988783,0.07335738,0.5753632,-0.07707578,-0.10424175,0.066575706,-0.18201034,-0.48075214
P18075,-0.6312059,-0.7434596,-0.3231369,0.08779834,0.09084978,-0.13717665,0.6030235,-0.23249085,-0.74666935,0.8525282,-0.2615257,0.38017032,0.6976169,-0.121554844,0.8851475,0.76297724,-0.70806026,0.73000973,-0.9083274,0.27516466,-0.38267,0.46922678,-0.89233184,0.035988137,-0.1996555,0.16123173,-0.17126773,0.26924017,0.32131875,0.16272461,-0.36577448,-0.37933037,0.5752661,0.16382635,0.7509401,-0.06712177,0.7993248,-0.87015444,0.21388489,0.7911107,0.10187303,-0.16383049,0.420522,0.3846444,0.5272014,0.60201013,0.30548105,0.331317,-0.15667751,0.38682693,0.12572901,-0.8747589,-0.8424134,-0.9770318,-0.38589957,0.6075211,0.6275369,-0.041702867,-0.38290918,-0.087126166,-0.4739275,-0.92110914,0.4746691,0.5812653
O00222,-0.3631533,0.052559264,-0.18083349,0.1064392,-0.19870286,-0.1913059,0.44137928,-0.60662043,-0.19122992,0.5711794,0.16512094,0.4846007,0.13354814,0.20587915,0.60475373,-0.08242589,-0.6918201,0.5520059,-0.6657032,0.546937,-0.07480247,0.25698543,-0.4132926,0.112077355,-0.16671927,0.16564217,-0.2973485,0.27140275,0.4839392,0.46362603,-0.4287607,-0.11282016,0.3478393,0.43089482,0.24295574,-0.12806243,0.19580713,-0.22270414,0.26767066,0.8371101,-0.40404284,-0.40267062,0.08730979,0.5116854,0.35281786,0.13173199,-0.14683843,0.56900877,0.105174996,0.26223367,0.26458302,-0.6611076,-0.5900975,-0.47952533,0.07765223,0.3246438,1.0537235,-0.09632395,-0.38119426,0.22853431,-0.5088193,-0.8572341,0.24024853,0.5703307
P48962,-0.4791886,0.65565926,0.11803537,0.15039209,-0.47864094,-0.22238535,0.1916478,-1.1424495,0.07532309,0.48957822,0.35352397,0.23631203,-0.046920404,0.49204138,0.8689656,-0.041024104,-0.3615922,0.24499989,-0.41347212,0.5134189,-0.15906465,0.047788307,-0.24756762,-0.20640968,-0.16154169,0.6316459,-0.14735045,-0.35750994,0.6566188,0.36870372,-1.0261406,0.33537012,0.08866609,0.06923957,0.15313599,-0.287928,-0.46279207,0.19676915,0.09585003,0.32092607,-0.25658086,-0.6591685,0.37224856,0.15784627,0.27502084,-0.14882848,-0.23515236,0.6284342,0.8956897,0.04972221,0.46021947,-0.36774936,-0.28596833,-0.48457366,0.62385285,0.31509176,0.8930115,-0.7961488,-0.19093469,0.18642691,-0.8887829,-0.9180458,-0.5576855,0.5522848
P03255,-0.46561566,-0.11038929,-0.4541442,0.13104261,0.18486775,0.2542308,0.07377694,0.68759763,-0.03649989,-0.5198631,0.3734141,0.5350476,-0.20717736,-0.2782746,-0.6174997,-0.01742047,0.21608368,0.5142541,-0.106909476,0.4420109,0.14327605,0.009093812,0.54861236,-0.07785053,0.46355993,-0.46858594,-0.41971833,0.30069545,-0.27065486,0.26022822,0.94725823,0.22108486,0.3228234,0.53763855,-0.29448256,-0.8116228,-0.112059444,0.39096227,0.49304348,0.075138,-0.3397861,0.100009605,0.10909554,-0.44412655,0.11594787,-0.6336911,-0.05067324,-0.14803943,-0.45668176,-0.19613285,-0.12662634,-0.08186741,-0.08376725,1.3555666,-0.49180278,-0.4002161,-0.09526093,0.46995902,0.9234857,0.6416314,0.40808558,0.12101582,0.07161987,-0.62173396
Q7L5D6,-0.6087849,0.20147303,-0.1585884,0.21516414,-0.23123275,-0.069950156,0.33945292,-0.4717741,-0.089048386,0.2888602,0.32773608,0.50977683,0.10715169,0.2692857,0.39891577,-0.050268665,-0.35979295,0.4267361,-0.5009621,0.60063845,-0.09425059,0.227245,-0.07425333,0.016121745,0.028164964,0.13613355,-0.36956996,0.03639544,0.38322768,0.44987506,-0.340585,0.1112129,0.4215249,0.37598687,0.19249374,-0.3824223,-0.09128475,-0.012724651,0.3048117,0.5271447,-0.38446182,-0.4571598,0.156949,0.13006577,0.3795339,-0.26153773,-0.17324334,0.51438564,0.24907042,0.007474169,0.2882255,-0.5764696,-0.33299345,-0.030435085,0.082433775,0.1325059,0.8312578,-0.1443609,0.036286347,0.25544178,-0.55352306,-0.73148924,-0.07480374,0.28775832
P17562,-0.29746938,0.9030132,0.16205904,0.18351488,-0.5592959,-0.0133558335,0.049486347,-0.9636878,0.33180994,0.22533736,0.6001019,0.3761928,-0.27785528,0.63169444,0.41721436,-0.4805947,-0.31413427,0.1366264,-0.2104609,0.74216056,0.02381292,-0.011819741,0.039556853,-0.2279408,-0.120519936,0.4197782,-0.2659273,-0.097235814,0.6460368,0.36042124,-0.6369557,0.43389383,0.0066640005,0.4044877,-0.068111114,-0.50974303,-0.70656663,0.50786215,0.22360769,0.2648431,-0.70640475,-0.5839082,0.09826708,0.19900861,0.18328993,-0.47053665,-0.37152275,0.6071936,0.68983036,-0.18838717,0.42509082,-0.27030346,-0.13935407,0.15318367,0.5511404,-0.00229647,0.89012057,-0.49605185,0.020098113,0.4285509,-0.7215546,-0.68960744,-0.53900754,0.4580774
Q9UMS4,-0.710763,0.32917675,0.017243773,0.1269054,-0.39521834,-0.23035549,0.30580714,-0.88773197,-0.2044564,0.5893481,0.20311037,0.29030648,0.18869938,0.36839572,0.92098296,0.2727893,-0.33512563,0.4726336,-0.58279896,0.51878494,-0.31154805,0.17309327,-0.40966353,-0.14100796,-0.09294793,0.52877676,-0.20978253,-0.30929866,0.5662863,0.35459188,-0.8706759,0.2252745,0.28104907,0.103655815,0.38851297,-0.27293825,-0.084581226,-0.058122605,0.18834728,0.41446832,-0.1258754,-0.67226034,0.4783075,0.10013782,0.35525605,-0.06108492,-0.09189568,0.5693411,0.7234403,0.16898736,0.42993006,-0.5579633,-0.46968672,-0.6120035,0.32444254,0.43080777,0.80974233,-0.6903119,-0.16044268,0.10137913,-0.8692025,-1.0332092,-0.3494033,0.5123812
D5GYN9,0.1559823,0.85611093,0.10983637,0.08096561,-0.2635899,0.20413363,-0.19251415,-0.08372852,0.6913115,-0.4921902,0.8616043,0.262945,-0.8232647,0.40063706,-0.5814239,-0.9181145,0.13088435,-0.21048674,0.200412,0.59099615,0.44228095,-0.2942042,0.8366435,-0.13309982,0.12744582,-0.22618182,-0.31332716,0.33547682,0.15744892,0.2547306,0.5629387,0.40672287,-0.28895992,0.7492191,-0.8334794,-0.52128804,-0.87596476,1.1347328,0.25675538,0.090299994,-0.8695186,-0.18015411,-0.42124933,-0.0139727965,-0.24939677,-0.9220379,-0.45738998,0.14892666,0.1067569,-0.3312919,0.052920982,0.27407798,0.21899077,1.3119042,0.24486373,-0.56997186,0.39682448,0.09718041,0.50863767,0.74881136,0.1665217,0.18073958,-0.3985559,-0.2241213
O08603,-0.6677512,-1.0271633,-0.25918216,0.076017104,0.2386235,-0.1870502,0.48274451,0.018354448,-0.988474,0.72757196,-0.5743149,0.03692296,0.9431899,-0.5031765,0.9415077,1.441269,-0.38295263,0.45011833,-0.66015285,-0.33643937,-0.63939565,0.4155664,-1.0093228,-0.19867873,-0.048437003,0.15010038,0.18308483,-0.2207257,-0.14357066,-0.23762034,-0.5525346,-0.41377863,0.65391266,-0.5313361,0.91630805,0.11970335,0.78616196,-1.1576607,0.03127926,0.30249333,0.800113,0.21084575,0.80976456,-0.06885413,0.5157747,0.7987535,0.687655,-0.03220872,-0.015277251,0.2560339,-0.19874892,-0.642487,-0.5508161,-1.1436806,-0.42175215,0.5565386,-0.17435916,-0.12529968,-0.29958877,-0.47717255,-0.46184927,-0.47927445,0.18612766,0.24127406
P08134,-0.6263839,0.56964606,0.048848636,0.12671421,-0.50332886,-0.227256,0.27335334,-1.0443764,-0.0371793,0.59402996,0.30858666,0.33882028,0.023467809,0.49347094,0.882464,0.026648559,-0.40920094,0.47309422,-0.53669,0.67217106,-0.22690693,0.11376718,-0.35858092,-0.13148986,-0.13736327,0.5470468,-0.30754906,-0.20822422,0.69163734,0.4594652,-0.94759524,0.26011625,0.15051228,0.20871662,0.26912946,-0.319103,-0.261541,0.1054908,0.22827634,0.4745664,-0.3699,-0.759064,0.3931946,0.25251058,0.28253052,-0.14968015,-0.2413823,0.65640247,0.78389764,0.17772646,0.48748443,-0.53371495,-0.45296127,-0.5071051,0.4341839,0.39670908,0.98727834,-0.68396574,-0.22176778,0.28159726,-0.87001383,-1.0681162,-0.35178775,0.57924575
O43432,-1.121625,-0.18554598,-0.250155,0.15887743,-0.06372632,0.026069056,0.40970498,-0.28440306,-0.51849395,0.5201108,-0.08880122,0.35153297,0.5578049,-0.05628235,0.7913693,0.84817183,-0.2801467,0.75747454,-0.7352805,0.44118452,-0.4652729,0.37092668,-0.53201026,-0.28572637,0.1631305,0.30906317,-0.27908194,-0.23549642,0.21833424,0.31076697,-0.5263516,0.10777117,0.57447505,0.060031142,0.74027073,-0.44036713,0.39748174,-0.47019723,0.33468375,0.26672184,0.16348638,-0.38342178,0.808121,-0.2079196,0.54702955,0.03947021,0.25323167,0.22430766,0.31140265,0.17787133,0.2946286,-0.6664919,-0.69873863,-0.43671358,-0.28389427,0.49338466,0.2785437,-0.37377465,0.11098084,0.15056676,-0.69497335,-1.0477289,-0.024278186,0.30135298
Q06208,0.15077405,0.507439,-0.29141283,0.10003779,0.098121375,0.1696491,-0.027271792,0.324615,0.48014608,-0.6255818,0.69824064,0.45233196,-0.6912185,0.052952535,-0.8673487,-0.8980797,0.06169028,0.2171978,0.11844689,0.5378779,0.502837,-0.19182296,0.8920251,0.055163756,0.23963034,-0.6073129,-0.3981657,0.5775875,-0.017588915,0.4075744,1.0727125,0.225579,-0.058904685,0.8336631,-0.830327,-0.6261268,-0.59150326,1.0110874,0.41904894,0.25577903,-0.83851373,0.09402977,-0.45405757,-0.021925457,-0.08765055,-0.89424074,-0.48731694,0.0415333,-0.4699925,-0.23665337,-0.08389279,0.16293415,0.08122896,1.6101146,-0.057379637,-0.65406364,0.29027924,0.53545004,0.7012912,0.8781556,0.5791346,0.3262612,0.034373805,-0.50665575
P18291,-0.53247654,-0.82428646,0.04552442,0.03023176,0.02888729,-0.19987716,0.3172834,-0.23525693,-0.8052365,0.7923023,-0.51132536,-0.08570331,0.7903871,-0.3167204,1.01764,1.3462951,-0.29491004,0.0832477,-0.541803,-0.37564066,-0.6134463,0.24994662,-0.9907502,-0.2654145,-0.12277432,0.41372696,0.26438797,-0.4244121,-0.023345472,-0.43131232,-0.8697946,-0.2401816,0.42749223,-0.6465068,0.8276856,0.24170834,0.56519127,-1.0625716,-0.09336112,0.14891422,0.81558526,0.036812115,0.78275084,-0.042855732,0.31531492,0.7959194,0.7304447,-0.018071538,0.34168878,0.16198802,-0.13043734,-0.48017251,-0.35558215,-1.3776517,-0.14125115,0.5960404,-0.119372234,-0.42303127,-0.4147161,-0.63194007,-0.6867318,-0.48199105,-0.13315713,0.40842497
A0A0E0UUG2,0.27359742,0.5742178,-0.08312683,0.08064176,-0.07697706,0.11650178,-0.02442053,0.038921148,0.5716563,-0.43257383,0.7446034,0.39904162,-0.73096997,0.28788534,-0.6861111,-1.0018501,-0.07309895,0.015964344,0.06830637,0.5434296,0.53207237,-0.155474,0.7225703,0.059771806,0.08910246,-0.43352246,-0.31888968,0.6031916,0.1895823,0.36779213,0.81635904,0.20003393,-0.17060533,0.8459611,-0.81969625,-0.49945098,-0.62077713,0.9420678,0.30690116,0.3373456,-0.86060077,-0.017504979,-0.4779817,0.18606305,-0.062159415,-0.7753256,-0.4561381,0.13429448,-0.3428032,-0.2447219,-0.028289482,0.13002837,0.09616998,1.3019801,0.121984676,-0.5741088,0.50174636,0.44696772,0.35734004,0.7495576,0.42176646,0.15719482,-0.026106097,-0.22458535
O95834,-0.44879514,0.14403543,-0.073788375,0.094193615,-0.32430783,-0.25278446,0.39552015,-0.7606222,-0.22963548,0.6422066,0.17419223,0.36534345,0.19895923,0.29109177,0.8064133,0.12332308,-0.57050794,0.46794677,-0.663153,0.4872672,-0.20435582,0.20180504,-0.49681896,-0.004118085,-0.21449398,0.34760946,-0.22659424,0.0501869,0.55232966,0.3469118,-0.65742373,0.018795129,0.28146568,0.2763309,0.33954436,-0.1448784,0.10914503,-0.17937042,0.20739155,0.68643564,-0.2853677,-0.50079715,0.23432073,0.37226355,0.32296208,0.10544069,-0.106296696,0.5806709,0.3811144,0.25916314,0.3217129,-0.60002667,-0.5517218,-0.67622316,0.19064485,0.39107907,0.95293105,-0.40218467,-0.33712977,0.088539004,-0.7013787,-0.9132638,-0.022924304,0.5835651
Q9UKG1,-0.6867739,0.12292107,-0.19679065,0.22236066,-0.17504771,-0.03443316,0.32303673,-0.35122472,-0.13214928,0.23386207,0.29355454,0.5055794,0.15466487,0.20268533,0.32639012,0.031668864,-0.2799288,0.45497623,-0.49730524,0.5660298,-0.12012432,0.22924714,-0.013834743,0.0070206523,0.095183834,0.08044651,-0.3899129,0.015274581,0.2980996,0.431148,-0.24458644,0.13358945,0.4620386,0.35073325,0.20637622,-0.43154645,-0.04379607,-0.034249008,0.34132993,0.46668342,-0.3250826,-0.4314342,0.21423018,0.028796867,0.39747465,-0.30815178,-0.12000384,0.44075552,0.20263426,-0.0077250227,0.24851197,-0.5613236,-0.31314048,0.055642053,0.0036780117,0.109700315,0.7071873,-0.10709582,0.13243763,0.22921577,-0.50736487,-0.7107258,-0.06413898,0.187299
F4JW79,-0.78961825,0.50134224,-0.12750286,0.18836012,-0.3809643,0.141829,0.04981973,-0.31139684,0.09440318,-0.15197462,0.5235027,0.3775778,0.032595724,0.2067456,0.20491116,0.12683211,0.09373059,0.37407103,-0.2579888,0.60850555,-0.106320225,0.0753614,0.2169669,-0.3823059,0.23874782,0.18233535,-0.32289404,-0.18755402,0.13219307,0.37023005,-0.14510061,0.53739065,0.2735336,0.33727652,0.13798636,-0.6900976,-0.38260692,0.38343284,0.39204046,-0.016913623,-0.4131222,-0.39039966,0.45034805,-0.34885556,0.23663822,-0.6953881,-0.051769532,0.24351516,0.50649226,-0.17057778,0.26276717,-0.25825006,-0.17927985,0.59830475,0.026126783,-0.093587846,0.25063038,-0.30758184,0.5510352,0.3660383,-0.5244033,-0.5734628,-0.46108535,-0.056258284
A1Z1Q3,-0.817639,0.41803515,-0.20621751,0.10175719,-0.34929872,0.11604804,0.17457986,-0.31228438,0.06636883,0.067021705,0.42750078,0.5800332,0.07468972,0.20619538,0.2209726,-0.04334292,-0.25418532,0.70475054,-0.53276086,0.8094738,-0.09977828,0.1976479,0.031461768,-0.20377478,0.22429311,0.11845741,-0.49124563,0.10842705,0.27185756,0.589871,-0.09079793,0.28576896,0.32128865,0.5937835,0.2658126,-0.6260909,-0.07280226,0.19223662,0.52308017,0.34529787,-0.5822954,-0.47697982,0.39307952,0.030371033,0.3171097,-0.5891418,-0.15149054,0.35575488,0.28064668,0.045232564,0.3178565,-0.58040816,-0.43720227,0.4644912,-0.17291303,0.08495124,0.56005186,-0.10504122,0.29021665,0.5484508,-0.43155408,-0.8793208,-0.050082557,0.14996216
Q9CZD3,-0.4382502,0.5009103,-0.110430464,0.15351237,-0.34588826,0.0136205135,0.25399977,-0.58192104,0.21708612,0.20124839,0.4647357,0.6142789,-0.1654969,0.3969454,0.20220816,-0.5014279,-0.51395327,0.5094082,-0.4481368,0.8285525,0.11295912,0.18732764,0.020989994,-0.010799751,0.03988419,0.0966005,-0.46544605,0.25561926,0.48131403,0.65349793,-0.21886626,0.11534334,0.26141956,0.681836,0.034440033,-0.43256176,-0.20968862,0.2623941,0.4135088,0.65897745,-0.744402,-0.5136336,0.044933945,0.40771943,0.2831629,-0.42628908,-0.36215976,0.55078596,0.19160064,0.013092339,0.3449339,-0.58615124,-0.38612154,0.28008118,0.13683687,0.06723795,1.0172635,-0.005614739,-0.06439213,0.5749605,-0.40472132,-0.79771626,0.04289189,0.37306404
Q6P9J9,-0.37430543,-0.11302139,-0.31392598,0.15249708,-0.049024846,-0.13857566,0.4759963,-0.33341315,-0.17983577,0.36856928,0.19117236,0.58383536,0.09623505,0.113536604,0.28726706,-0.15385886,-0.5979397,0.54483616,-0.6133029,0.5334722,0.016863868,0.29430175,-0.1639028,0.21196109,-0.055416916,-0.056390733,-0.38037425,0.3711706,0.35280606,0.5172886,-0.104857564,-0.15398082,0.46495274,0.4983823,0.15256712,-0.21134344,0.17301935,-0.22532949,0.29714194,0.82267505,-0.4220312,-0.2764581,-0.032865055,0.42625055,0.42248902,0.0004139319,-0.16530502,0.48818508,-0.16445063,0.14442134,0.17693052,-0.6555558,-0.4719187,-0.1455894,-0.05393667,0.16864643,0.9673773,0.18394294,-0.18254074,0.2619017,-0.30660778,-0.6783484,0.33236277,0.3857918
Q8N8N0,-0.59790623,-1.084863,-0.391825,0.19906956,0.4189458,-0.057146784,0.5658941,0.37102506,-0.7981988,0.4905558,-0.3628376,0.17524761,0.71544397,-0.49535075,0.530308,1.0108737,-0.38615268,0.37208354,-0.6512303,-0.15479203,-0.37820572,0.34863502,-0.52680683,0.018611401,0.049175702,-0.15306209,-0.038673747,0.14155857,-0.12980534,-0.022505507,-0.024532925,-0.43537742,0.6598924,-0.123378545,0.55936956,-0.06025493,0.74579644,-0.9266386,0.15381841,0.4929671,0.5795618,0.18857497,0.37086952,-0.052263733,0.49253824,0.52274114,0.43222445,-0.028439065,-0.4437523,0.16682051,-0.18627892,-0.54509336,-0.37934434,-0.6451862,-0.50942105,0.2957691,0.087789,0.17125793,-0.08362321,-0.29479465,-0.14681324,-0.30853584,0.36199865,0.052715495
P07363,-0.28549206,0.6287023,-0.006136055,0.16008483,-0.42233172,0.023040328,0.15642461,-0.66178447,0.2703665,0.1686045,0.56208223,0.5316832,-0.26307535,0.47700801,0.1970322,-0.5458302,-0.43445033,0.32899633,-0.33092138,0.80144763,0.14378801,0.11195606,0.047578447,-0.080625296,-0.029218528,0.15302828,-0.38130796,0.23688227,0.5126236,0.52357113,-0.22473446,0.19906987,0.12668608,0.6478059,-0.08061468,-0.45502928,-0.3881149,0.39571902,0.35481313,0.5426158,-0.7738145,-0.46792206,-0.00927563,0.36247462,0.21682158,-0.4392255,-0.3589224,0.5199079,0.27732268,-0.07193391,0.33095294,-0.44179296,-0.27905148,0.35550755,0.2541989,-0.030872256,0.95300436,-0.09211567,-0.021775924,0.53816134,-0.41825706,-0.6702819,-0.13424414,0.3836404
C8VTS4,-0.38279188,0.6096949,-0.25781962,0.06446485,-0.29065934,0.21603823,-0.09812787,0.025485693,0.3921779,-0.53668624,0.6693294,0.4966895,-0.46596387,0.15011844,-0.43279803,-0.43315423,0.13576996,0.53927124,-0.049047604,0.72005147,0.2500595,-0.06452763,0.6911919,-0.32784116,0.29996783,-0.14483176,-0.47452486,0.14650846,-0.045891967,0.5351196,0.5981131,0.49824145,0.14944255,0.7889825,-0.41416195,-0.8083385,-0.5164415,0.92253387,0.5327913,0.08155952,-0.7234523,-0.3064852,0.14447376,-0.25100428,-0.016957488,-0.9848064,-0.37143323,0.14536865,0.18725501,-0.14942107,0.13354695,-0.057453737,-0.1777882,1.3960853,-0.075008035,-0.29817355,0.13860682,0.048496895,0.8771158,0.8233947,0.1432908,-0.21271038,-0.24270551,-0.3559485
O14782,-0.69466376,0.43892846,0.025682725,0.18445101,-0.38011205,-0.12950638,0.24566263,-0.8376532,-0.08503524,0.457208,0.30270576,0.3163281,0.112896174,0.3814739,0.7728518,0.13724372,-0.29719982,0.37986675,-0.48683518,0.56282127,-0.2330872,0.15235622,-0.26724017,-0.1538097,-0.031709645,0.4545327,-0.24092458,-0.2753607,0.5102014,0.37931216,-0.80568814,0.25380304,0.25722516,0.14481454,0.27674085,-0.3582477,-0.21287373,0.049855113,0.2123626,0.3739212,-0.24547406,-0.6277439,0.412189,0.05943484,0.3307991,-0.17077896,-0.12810466,0.5503488,0.6819875,0.053691164,0.40899745,-0.50124997,-0.36497766,-0.3559448,0.3360984,0.2927994,0.80708814,-0.5967601,-0.083246104,0.17465979,-0.8380234,-0.9329137,-0.36664504,0.44020113
O80467,0.028420009,0.070829354,-0.30610386,0.10743317,-0.03026596,-0.039881848,0.2806752,-0.073820665,0.15770115,-0.1117082,0.4758156,0.52461517,-0.3124542,0.15000927,-0.35611185,-0.57364494,-0.35238612,0.27728286,-0.2652957,0.5184082,0.34000152,0.11516206,0.28094605,0.20000556,0.0094794,-0.34008312,-0.36594212,0.6295694,0.22905885,0.425923,0.5466821,-0.031300656,0.1833731,0.70519423,-0.3412286,-0.34515095,-0.17217551,0.28254625,0.3096811,0.6166988,-0.6585978,0.010197956,-0.29566133,0.36907965,0.253113,-0.34442067,-0.239418,0.23920853,-0.4604633,-0.068668686,-0.0063267723,-0.28318614,-0.19912745,0.698483,-0.04554605,-0.26754558,0.68509567,0.53062767,0.0843595,0.47986618,0.20554422,-0.15976207,0.26738864,0.039949834
P05230,-0.3816521,-0.59757745,-0.08725016,0.08582274,0.02149408,-0.2525702,0.41456077,-0.36119342,-0.63649195,0.7024482,-0.24015899,0.052483454,0.6259231,-0.043952547,0.8565829,0.80804765,-0.48301023,0.14587715,-0.61231,-0.09806435,-0.44935316,0.19507279,-0.7163645,0.012446597,-0.2410621,0.3281176,0.076367155,-0.12402429,0.25954947,-0.13312866,-0.6043017,-0.23550382,0.4275863,-0.2290378,0.60316086,0.14355277,0.43720216,-0.7177553,0.0020199716,0.4756528,0.36391386,-0.08137226,0.30624637,0.17666078,0.39527947,0.5366207,0.34405115,0.29437324,0.17204958,0.16207902,0.026019007,-0.52888733,-0.38260397,-1.1526518,-0.024658848,0.46411616,0.38239694,-0.3325153,-0.33923858,-0.4804318,-0.6200639,-0.51864463,-0.0061796308,0.474616
P43138,-0.57530344,0.67087734,-0.011256509,0.14824082,-0.4831119,-0.0233435,0.19973847,-0.7402666,0.17836256,0.29661545,0.47096872,0.5368064,-0.09791684,0.47921285,0.38650885,-0.3554334,-0.46204826,0.52201414,-0.46047503,0.8579702,-0.024445668,0.15420668,-0.085964404,-0.11175467,0.017234351,0.25680995,-0.44598472,0.0967309,0.5824462,0.5931456,-0.43038177,0.23942792,0.17469555,0.59444064,0.15610528,-0.4663148,-0.26862666,0.3006339,0.42559364,0.5545696,-0.7280367,-0.6339566,0.1782954,0.33287165,0.24042484,-0.46969336,-0.34197745,0.58016294,0.4487952,0.04000856,0.40398565,-0.60225624,-0.38924533,0.14836521,0.1894852,0.12415167,0.97437716,-0.26976907,-0.058718212,0.5363823,-0.6137396,-0.96434474,-0.14654067,0.43373013
O60759,-0.73425233,-0.34109464,-0.28394413,0.24478443,0.061255127,-0.03457383,0.41042885,-0.107744604,-0.44194826,0.31985417,0.062116254,0.33847618,0.41857433,-0.06901131,0.4546251,0.5210885,-0.2659371,0.37589556,-0.5689003,0.25472048,-0.26592863,0.25866005,-0.20027341,0.009545937,0.08273684,0.058770806,-0.24823126,-0.03487743,0.13139334,0.2335552,-0.23605496,-0.0320421,0.5495342,0.1075798,0.37870106,-0.32344824,0.23390365,-0.38410655,0.23756823,0.42716104,0.08302476,-0.21338947,0.29888326,-0.09970238,0.44787452,-0.000573799,0.11428162,0.25332317,0.0404324,0.024696052,0.11162576,-0.5293429,-0.31208926,-0.25940657,-0.16009782,0.17736217,0.4487661,-0.09515144,0.10613155,-0.055050924,-0.46194315,-0.5664574,0.01690682,0.14526059
P55072,-0.58582616,0.56865805,0.08513066,0.13435948,-0.47976902,-0.23014784,0.23912783,-1.0706443,-0.0087790135,0.53854704,0.3105707,0.27922335,0.019875705,0.48922035,0.90800446,0.052269273,-0.35093445,0.3594152,-0.4681404,0.5587903,-0.22917283,0.08665049,-0.29456615,-0.17570089,-0.12934287,0.6013739,-0.21413778,-0.3527787,0.64870787,0.39955795,-1.0027426,0.30995956,0.15275061,0.10122262,0.23302144,-0.30947888,-0.34467548,0.12045702,0.14181747,0.35658562,-0.24194388,-0.7186934,0.4186488,0.14357695,0.31455156,-0.1385166,-0.2148641,0.64048886,0.8541026,0.107639715,0.4793032,-0.4389333,-0.36054593,-0.52377784,0.533103,0.37768012,0.9077644,-0.7743899,-0.17158577,0.19090466,-0.8979002,-0.9969305,-0.48923007,0.5482609
P09169,0.42510054,0.49045476,0.031967625,0.04018709,-0.08796245,0.052188724,-0.099645644,0.049720705,0.51917124,-0.39176986,0.6965315,0.23799877,-0.6859996,0.28498912,-0.6831602,-0.92172974,0.0065593272,-0.25861475,0.15489614,0.35662505,0.44076222,-0.22414896,0.7126046,0.09529416,0.03824093,-0.40086526,-0.24827905,0.5134307,0.08431375,0.13700876,0.74797654,0.14786614,-0.24432334,0.64658934,-0.8123241,-0.2828195,-0.6473312,0.86997324,0.23265782,0.26030728,-0.75838774,0.048596032,-0.590821,0.17226964,-0.1623364,-0.66066486,-0.38724604,0.105203815,-0.23639627,-0.25283462,-0.15288123,0.17451945,0.27287227,1.1216795,0.14257188,-0.57394683,0.38902128,0.383528,0.31679285,0.53738165,0.38823414,0.3424993,-0.15809143,-0.24605802
P63104,-0.60602784,0.65097356,0.12219107,0.14096685,-0.48379853,-0.21509726,0.19382285,-1.1400932,0.045930672,0.5060948,0.33464217,0.2367213,-0.011035159,0.50190204,0.9255605,0.03911199,-0.3005022,0.34777844,-0.4287187,0.5441912,-0.20817864,0.07275438,-0.25732088,-0.24490958,-0.09937863,0.66516745,-0.17535214,-0.4494052,0.6619282,0.404499,-1.0589662,0.3777886,0.10940998,0.03966325,0.20521364,-0.32471353,-0.4361634,0.18609999,0.118029,0.2744796,-0.21015401,-0.74444294,0.48827028,0.11049966,0.31612077,-0.17447072,-0.20509347,0.62447864,0.9528142,0.08304721,0.5076264,-0.4111559,-0.3178502,-0.47956526,0.59936213,0.37347576,0.8504958,-0.851968,-0.15230393,0.20702256,-0.90746355,-1.018367,-0.58135414,0.5235185
P19889,-0.5520905,0.931159,0.2479699,0.2228883,-0.5108673,0.036180127,-0.091887996,-0.9635701,0.32266283,0.06021239,0.5714686,0.11018483,-0.117459744,0.52885467,0.6239761,-0.15975942,0.030811995,0.012241699,-0.011758074,0.49453914,-0.11638339,-0.026917716,0.19324836,-0.5064947,0.07663541,0.59286344,-0.0634885,-0.70679706,0.4234115,0.22023898,-0.8386507,0.72216094,0.01760707,-0.012736995,0.033512853,-0.4852658,-0.8584829,0.56746495,0.12391304,-0.2100273,-0.3058852,-0.59717923,0.44115046,-0.28132537,0.22336844,-0.59251845,-0.13198659,0.48994648,1.1059316,-0.27988428,0.4107478,-0.104699954,0.06303817,0.13596208,0.68137497,-0.0045274124,0.45805627,-0.88264173,0.29988763,0.22262248,-0.89051247,-0.6388662,-0.98021746,0.21146902
Q05201,-0.45822877,0.37641135,-0.41357464,-0.0014132094,-0.1559508,0.20901862,-0.026327386,0.26849708,0.24749778,-0.5215511,0.5600517,0.62268734,-0.42445436,-0.05161599,-0.53667,-0.3617673,0.104753576,0.7319471,-0.18973511,0.7260884,0.2742508,-0.011177285,0.6129676,-0.26746064,0.40304092,-0.22633807,-0.51959807,0.30143064,-0.13741022,0.525009,0.80084467,0.4040942,0.20450827,0.78650254,-0.34011894,-0.8520496,-0.27344906,0.7517234,0.5937409,0.14710128,-0.6857112,-0.21238096,0.2409201,-0.2568319,0.034252662,-0.86292255,-0.3091982,0.0138000045,-0.08742926,-0.07260959,0.0410226,-0.14453381,-0.3039259,1.4423788,-0.27414244,-0.25590155,0.08211252,0.29681283,0.8769099,0.9560181,0.31646395,-0.20354047,0.024287239,-0.4506299
P0A7J3,-0.21469003,1.0157249,0.23958932,0.16939802,-0.5210819,0.16053465,-0.23061213,-0.56177455,0.56816614,-0.3795343,0.81382513,0.012411639,-0.45888245,0.50064933,-0.011731226,-0.43983597,0.34155682,-0.40666097,0.28589252,0.48330116,0.10155168,-0.28650773,0.63615996,-0.43742105,0.08877604,0.24842954,-0.17935716,-0.37785596,0.19555785,0.008907855,-0.22383985,0.7337351,-0.17502531,0.23918869,-0.33586633,-0.47307795,-1.1095212,0.99574715,0.13828743,-0.37997878,-0.5574225,-0.35385388,-0.013712518,-0.34271777,-0.124424204,-0.8940649,-0.21070686,0.28065786,0.8731481,-0.48353297,0.21035117,0.25136483,0.3521915,0.7796222,0.5493161,-0.4193061,0.19639347,-0.58342534,0.59628177,0.36455452,-0.52700543,0.02329412,-1.0289626,-0.08626333
O95881,-0.630491,-0.0227665,-0.2594536,0.17096488,-0.13460189,-0.09546946,0.433012,-0.40108603,-0.2360848,0.38967934,0.20906492,0.52276826,0.2249383,0.12203894,0.4698739,0.103909,-0.50297296,0.58879083,-0.6458816,0.58465284,-0.12307529,0.31439623,-0.27254957,0.04748659,-0.004946258,0.11027208,-0.3508014,0.19510387,0.357415,0.47340214,-0.2733914,-0.052090947,0.45414153,0.42380014,0.34732166,-0.28306538,0.17525494,-0.22845837,0.31615064,0.6707615,-0.33109462,-0.38179043,0.19838962,0.2619253,0.40293103,-0.06422269,-0.0817555,0.45546237,0.08947127,0.15610908,0.24881175,-0.7079496,-0.5122178,-0.19982691,-0.10550776,0.25241575,0.8249104,-0.040620692,-0.09434376,0.25328627,-0.4803375,-0.81604725,0.1684863,0.3950078
P13635,-0.2897593,-0.14312735,-0.20977396,0.11706991,-0.09303987,-0.19418238,0.44538182,-0.4628081,-0.27975592,0.4949721,0.13594821,0.38723156,0.20055829,0.10905071,0.5175731,0.07528454,-0.6337259,0.39911333,-0.6329494,0.37699097,-0.107059374,0.23495632,-0.38333127,0.121873915,-0.19082975,0.12270293,-0.20198317,0.2947499,0.39723548,0.32431424,-0.29708788,-0.1781685,0.35972252,0.331921,0.2531457,-0.08614944,0.21431437,-0.30935985,0.19233114,0.780093,-0.25842565,-0.22185694,0.024832465,0.4293511,0.36571112,0.1915717,-0.058283918,0.46271795,-0.021305416,0.1947092,0.15261275,-0.5995384,-0.4715074,-0.48117733,-0.0019659074,0.25784546,0.8609881,-0.036545172,-0.30719253,0.06410409,-0.42841363,-0.656666,0.20853284,0.48122185
P12235,-0.4838343,0.63318,0.11157386,0.14630778,-0.47601876,-0.23069292,0.20109311,-1.1399982,0.05617745,0.50424445,0.34236848,0.23391117,-0.034246475,0.48233077,0.8889525,-0.015261352,-0.36793807,0.2540476,-0.42898783,0.5063079,-0.1679403,0.052850366,-0.26870966,-0.20211661,-0.16623075,0.63428557,-0.14606269,-0.35071477,0.6559986,0.36963362,-1.0328045,0.32098696,0.09163021,0.063646734,0.16696367,-0.27662474,-0.43954203,0.174331,0.09142791,0.3353262,-0.24212655,-0.6579012,0.3775962,0.16539124,0.27595186,-0.1290382,-0.22695985,0.6263649,0.8913196,0.06604412,0.4596385,-0.37754786,-0.30115706,-0.51456624,0.6148085,0.3293449,0.8976774,-0.79674697,-0.2036125,0.17665718,-0.890805,-0.9240217,-0.5429603,0.5615257
P0AER0,0.07705745,0.5535019,0.019478548,0.14499639,-0.29941553,0.0019310145,0.12544352,-0.5092575,0.35819998,0.05206512,0.63558376,0.42179015,-0.42726034,0.4647731,-0.0303513,-0.74957067,-0.4001246,0.036425155,-0.18313162,0.63162404,0.29707015,0.039805345,0.20770934,0.012079522,-0.094622135,-0.017894238,-0.26405913,0.3932167,0.4683947,0.37890935,0.043754313,0.12245004,-0.0069815814,0.64936954,-0.3691475,-0.32988194,-0.47396943,0.48672396,0.23001677,0.52673244,-0.74390095,-0.2470666,-0.3022699,0.41399536,0.1449756,-0.39937258,-0.35726714,0.42838094,0.03989126,-0.14573616,0.17802116,-0.23355454,-0.08990662,0.48541087,0.3017489,-0.21704793,0.91652155,0.1087102,-0.05564455,0.4893189,-0.1696243,-0.31197754,-0.1183636,0.2948468
P43364,-0.6181487,-1.0718608,-0.2750943,0.049380288,0.22128882,-0.17001265,0.5835285,-0.021912469,-1.0316275,0.8978985,-0.52923745,0.21131049,0.94863874,-0.44902828,1.0068486,1.3362108,-0.56999254,0.60389364,-0.81621814,-0.14159511,-0.5712051,0.5291761,-1.1811706,-0.1454815,-0.16830121,0.10712758,0.13590342,0.046435867,0.01777829,-0.14270443,-0.47855416,-0.542782,0.66681373,-0.34825408,0.94607186,0.059715852,0.9317083,-1.2499111,0.099404074,0.53772897,0.5719726,0.20313053,0.73751384,0.12608099,0.5487816,0.88786554,0.66656923,0.044103526,-0.23573163,0.34603876,-0.13738364,-0.77064645,-0.72510827,-1.1511672,-0.5265062,0.5894072,0.088001,0.025759727,-0.41853073,-0.36402524,-0.4270184,-0.6068992,0.41188753,0.40532774
Q9Y3E5,-0.74393797,0.42401275,-0.059550412,0.18594134,-0.3765397,-0.10674471,0.28044838,-0.7268689,-0.10593201,0.410134,0.33610672,0.41792747,0.13623054,0.36857006,0.6497128,0.08044635,-0.33912686,0.4971626,-0.5241988,0.6535336,-0.22529243,0.20305628,-0.24104026,-0.11305819,0.0076269247,0.35992166,-0.33607894,-0.14782377,0.5052577,0.44419587,-0.6281867,0.230928,0.31559542,0.28561968,0.32349262,-0.40052086,-0.14880161,0.04159206,0.29269856,0.43329948,-0.35801497,-0.6172073,0.34482569,0.101616524,0.3473024,-0.26831007,-0.15996692,0.5553245,0.5636428,0.065686725,0.3907372,-0.60321337,-0.41976687,-0.20488809,0.1811264,0.25589442,0.82632875,-0.43681657,-0.017471597,0.27520543,-0.78104335,-0.9548983,-0.24656692,0.41914457
O80568,-0.008074276,0.16774121,-0.35681146,0.15665327,-0.034526553,-0.009622785,0.27770185,-0.088923104,0.27395934,-0.22527668,0.542062,0.61046207,-0.36768973,0.22599027,-0.48273787,-0.74365646,-0.3648589,0.35852638,-0.24724564,0.5969542,0.42607802,0.114445075,0.42400086,0.2501622,0.050972175,-0.36104655,-0.43965572,0.59266967,0.2930801,0.570724,0.6191104,0.04585718,0.2573665,0.8332178,-0.4401518,-0.48323065,-0.25815874,0.42651394,0.3652139,0.5924964,-0.7118372,-0.046022486,-0.30751646,0.35450268,0.30275694,-0.5463714,-0.3480834,0.29950967,-0.45168394,-0.16501106,0.065386355,-0.29751307,-0.15702836,0.9077144,0.03530102,-0.32373703,0.74653107,0.5587159,0.18592638,0.55108035,0.26674706,-0.19583306,0.22736937,-0.023689965
P16402,-1.0090967,-0.3581373,0.119485036,0.13213572,-0.18317424,-0.08407158,0.17401588,-0.507757,-0.67992955,0.6302601,-0.22904168,-0.117963016,0.53950685,-0.17525476,1.1650026,1.4407628,-0.15648308,0.084425,-0.5198529,-0.017445158,-0.6043323,0.19954619,-0.76306665,-0.5042914,0.095617026,0.8158623,0.1591023,-0.7262255,0.057255443,-0.13373592,-1.0338438,0.03428551,0.37252936,-0.67421347,0.76608264,0.0065208226,0.24800375,-0.6566229,-0.039584644,0.03906992,0.70140225,-0.22758497,0.95114374,-0.40395063,0.18530111,0.40094042,0.57536757,0.07135858,0.9007284,0.09425391,0.0834184,-0.5106027,-0.41278166,-1.0143445,0.027622972,0.63452244,-0.0627252,-0.8679513,-0.023568705,-0.39012468,-0.9631613,-0.6577045,-0.5296761,0.3345657
P0A7E9,-6.7941844e-05,0.76161766,0.07106839,0.14442186,-0.3945797,0.14441341,-0.014283776,-0.43043637,0.52906483,-0.16910887,0.78733826,0.4397462,-0.5932019,0.5350482,-0.22193328,-0.8292317,-0.2164377,-0.0042484775,-0.054619446,0.75621235,0.34280032,-0.062136643,0.44807804,-0.10227535,-0.024728198,-0.017470784,-0.326827,0.34365037,0.44373912,0.394478,0.17969552,0.3218874,-0.0582693,0.7822971,-0.4983169,-0.55263674,-0.7117985,0.77842385,0.28886393,0.28898847,-0.857101,-0.30203193,-0.28616,0.22735608,0.0332943,-0.70734334,-0.4341201,0.3754936,0.15935913,-0.29528743,0.22775882,-0.07911405,0.0190734,0.89357656,0.30503818,-0.3547325,0.74882907,0.04730232,0.21717644,0.6456994,-0.11734095,-0.23500863,-0.3172108,0.1640162
O15245,-0.37979493,-0.28485724,-0.15906794,0.12175669,-0.06789516,-0.19383806,0.4419952,-0.43298134,-0.38805562,0.58847934,0.0178025,0.2857207,0.35954124,0.06398531,0.68703014,0.34557837,-0.5654939,0.32140133,-0.6497003,0.24805115,-0.21571301,0.24174699,-0.5107647,0.061429963,-0.1993495,0.21464878,-0.12017867,0.1270681,0.3548841,0.18512428,-0.45872962,-0.18803114,0.3776202,0.14210047,0.37566438,-0.045136593,0.29947722,-0.4489476,0.12821724,0.6786185,-0.05625126,-0.20654522,0.16867273,0.3144387,0.3787236,0.31731588,0.07714559,0.4163085,0.070123754,0.19980942,0.13773635,-0.5815108,-0.46922788,-0.71845675,-0.005150807,0.35037863,0.72535557,-0.1725513,-0.3241017,-0.09189686,-0.5048514,-0.6568175,0.12833558,0.45612246
O95372,-0.5689472,0.46781787,-0.041252002,0.15119343,-0.40265253,-0.1472626,0.31103623,-0.7950391,-0.022831205,0.47523937,0.33806086,0.4721119,0.031083643,0.40055332,0.60462916,-0.13146642,-0.51341015,0.532258,-0.559374,0.70885515,-0.117737755,0.18922876,-0.28677762,-0.052025698,-0.07376979,0.31491426,-0.35475063,0.041914772,0.5839374,0.5106948,-0.58055025,0.14624341,0.24380141,0.43428597,0.2384831,-0.32551783,-0.1068472,0.08151476,0.32445753,0.6195015,-0.49853966,-0.622314,0.23338398,0.32818645,0.28553352,-0.20989485,-0.24712732,0.5998748,0.46434918,0.14493243,0.38897404,-0.6245007,-0.48046908,-0.24502473,0.20502855,0.2704824,0.99740076,-0.3587908,-0.19134516,0.35814035,-0.6959234,-0.9908218,-0.09970868,0.5201372
C0HLV2,-0.016176641,0.033490047,-0.24118464,0.07682768,-0.01351146,-0.018238429,0.20161074,0.028157936,0.11661543,-0.08893097,0.39429903,0.4557987,-0.25692615,0.07432192,-0.30313787,-0.42965072,-0.25531775,0.24117556,-0.24635014,0.42782548,0.26674515,0.073642224,0.2639365,0.12050876,0.055174675,-0.29821068,-0.31871283,0.5179782,0.12601586,0.3124452,0.507751,-0.015755352,0.16162193,0.58337814,-0.30564287,-0.32780337,-0.13475154,0.2556341,0.29953477,0.5305926,-0.56460464,0.009388588,-0.20350492,0.25301826,0.18693411,-0.30892396,-0.16878155,0.18296076,-0.3675726,-0.055015534,-0.055882804,-0.24375382,-0.17520066,0.63254184,-0.09236223,-0.23516509,0.5247593,0.4366138,0.14820465,0.42643917,0.18096368,-0.12985727,0.20327538,-0.04386002
P07148,-0.65251374,0.36798707,0.14999633,0.18613048,-0.35264575,-0.19511251,0.1808902,-0.8782844,-0.12402552,0.3871803,0.252708,0.07388313,0.16680595,0.32594013,0.9201227,0.3617367,-0.16322829,0.11720937,-0.3723352,0.31716,-0.30679262,0.094055295,-0.27270076,-0.27982005,-0.04405268,0.6305399,0.023577377,-0.5897541,0.4429394,0.22104743,-0.92812634,0.32602674,0.22815418,-0.15214084,0.32830977,-0.19235907,-0.30705082,0.03735289,0.06396603,0.17701189,0.09092685,-0.53277284,0.48105925,-0.16176364,0.28394073,-0.11505217,0.015997656,0.48602095,0.901538,-0.011668101,0.3270884,-0.35368222,-0.178171,-0.5463255,0.43987438,0.3014015,0.5363571,-0.8649378,-0.0075804144,-0.09780827,-0.93658316,-0.7532823,-0.6874504,0.35858887
A0FKN5,-0.3494743,0.09569288,-0.0920887,0.15748578,-0.21532075,-0.19933465,0.3579105,-0.6210344,-0.18520783,0.46226808,0.22913502,0.32544547,0.15633672,0.22601864,0.6043693,0.041392263,-0.5127174,0.27976346,-0.5336106,0.38397056,-0.14440721,0.16511853,-0.31067574,0.04325393,-0.18025357,0.25279495,-0.17039579,0.05762556,0.4524293,0.29032415,-0.5095296,-0.008924817,0.30284208,0.23455842,0.20890144,-0.15162732,-0.0045183823,-0.13984078,0.15876836,0.6172364,-0.23453592,-0.34369117,0.09128966,0.28342614,0.33465788,0.047809407,-0.10434351,0.52472395,0.26406968,0.09986913,0.22285819,-0.5023377,-0.35672796,-0.46238852,0.19941834,0.21563205,0.85654634,-0.27585602,-0.22714287,0.036081977,-0.59331465,-0.66032165,-0.066059105,0.4449798
P46108,-0.8230424,0.03500641,-0.14978783,0.12937069,-0.24848743,-0.18930677,0.4299546,-0.6315938,-0.39286706,0.65841824,0.08918397,0.3995457,0.36142492,0.22685102,0.83594716,0.4069695,-0.46144748,0.66989636,-0.7504507,0.54838276,-0.35521775,0.29511335,-0.53073573,-0.030963376,-0.06648187,0.35010937,-0.32146364,-0.08335817,0.50448614,0.37214386,-0.64323866,0.04689328,0.43288288,0.2487384,0.5464225,-0.27611327,0.25637186,-0.28823552,0.29024076,0.57798046,-0.14646296,-0.5910991,0.43840048,0.18584809,0.40773883,0.032227144,-0.02751591,0.5125582,0.42606965,0.25628477,0.3619619,-0.74477184,-0.6370498,-0.6164439,-0.005403501,0.4839115,0.8008645,-0.43885112,-0.17614621,0.122008026,-0.75833684,-1.0811893,-0.012734145,0.5336432
P20809,-0.11361713,-1.2978405,-0.36794725,0.02653216,0.63486636,-0.13620564,0.5567267,0.8021795,-0.6371524,0.4587666,-0.39545625,0.17553574,0.47889793,-0.6749591,0.1240886,0.7028828,-0.40550846,0.13075024,-0.59772235,-0.33040494,-0.09161152,0.29738677,-0.40816537,0.3016871,0.063137114,-0.5894822,-0.03746164,0.6176934,-0.30825078,-0.16510895,0.42514777,-0.8028851,0.42970407,-0.06917368,0.14752582,0.21883756,0.93169886,-0.9481239,0.082144655,0.6652616,0.4848945,0.5484245,0.006225817,0.2283738,0.2562369,0.6985621,0.4352507,-0.22444399,-1.0266187,0.25904453,-0.52057326,-0.40076634,-0.272952,-0.44449133,-0.6819683,0.14164957,0.11506611,0.73369825,-0.3066773,-0.16346377,0.42097336,0.124287724,0.7517077,-0.1367245
P10852,-0.45328775,-0.37649184,-0.28443915,0.16755821,0.061474133,-0.07284662,0.44785678,-0.1293617,-0.35740304,0.35853776,0.076331034,0.38049802,0.2987418,-0.06904995,0.35476694,0.30489528,-0.45271334,0.3899686,-0.59182143,0.300122,-0.122533605,0.26081616,-0.28133166,0.068001464,-0.031824786,-0.007693395,-0.22630794,0.2729915,0.18722984,0.2562508,-0.08081068,-0.18684903,0.44205377,0.28506243,0.29132184,-0.19652447,0.30217314,-0.37872952,0.22377717,0.64887565,-0.10182587,-0.11399415,0.14162172,0.20450053,0.3783377,0.1326568,0.07268773,0.25773162,-0.17473708,0.12051393,0.06252837,-0.56226844,-0.4075075,-0.2717693,-0.2187553,0.18299904,0.56980056,0.0887892,-0.09040747,0.042567044,-0.2792713,-0.52813447,0.23652002,0.25497842
P50222,-1.0371609,-0.06839511,-0.2397999,0.15169816,-0.12678364,0.0054592965,0.41290444,-0.35320374,-0.41137576,0.5453634,0.035854504,0.44811118,0.44819367,0.054255866,0.7122288,0.57131964,-0.37563714,0.7723304,-0.76320785,0.58479697,-0.37667352,0.3514972,-0.48190045,-0.15835515,0.12525837,0.24902803,-0.3811201,-0.06644879,0.3045881,0.40514487,-0.49153653,0.06666025,0.51721483,0.24528867,0.62950563,-0.43031847,0.35505968,-0.37159765,0.3886865,0.43470228,-0.07887741,-0.47834846,0.62460434,-0.008644134,0.47800976,-0.027281627,0.10252811,0.33293328,0.28731385,0.19932492,0.32132053,-0.7358976,-0.68315685,-0.35980695,-0.2641351,0.45225203,0.546261,-0.27705556,0.014842145,0.26070535,-0.66515654,-1.0797238,0.074044794,0.3885735
P08238,-0.5757513,0.7541117,0.14448024,0.14024365,-0.52409357,-0.19775906,0.17401126,-1.1868509,0.12787113,0.48115256,0.39038283,0.2568064,-0.07787141,0.5598836,0.8694831,-0.06583314,-0.32117683,0.33032897,-0.38946515,0.6059309,-0.17217198,0.03834533,-0.20823729,-0.24442443,-0.11060673,0.67474127,-0.20709811,-0.42898935,0.70727104,0.41882068,-1.0633743,0.4173004,0.057344817,0.09274106,0.15813896,-0.37725642,-0.5219183,0.2623114,0.12980476,0.2646929,-0.33963627,-0.7597077,0.4565928,0.14907867,0.2945919,-0.22452031,-0.2671589,0.64983034,0.959966,0.0422325,0.51832044,-0.38409725,-0.28569534,-0.38117743,0.6288261,0.33499873,0.88014656,-0.85004044,-0.14391279,0.26847312,-0.9108393,-1.0205909,-0.6000166,0.53204817
P07636,0.08464411,0.6486203,-0.021390587,0.08912978,-0.2762383,0.114321865,-0.01612392,-0.19856204,0.52335244,-0.3150586,0.7479751,0.43080297,-0.64050746,0.39118913,-0.44448206,-0.8394792,-0.137788,0.07204947,-0.014197305,0.6758282,0.41468173,-0.09284797,0.55638146,-0.054334708,0.04100136,-0.19052169,-0.33570856,0.46140692,0.29285783,0.40945706,0.5262378,0.27545175,-0.09311018,0.82566565,-0.60392004,-0.5319861,-0.63546926,0.85532796,0.32847884,0.3177777,-0.86367387,-0.15945421,-0.30832526,0.1699641,-0.006561842,-0.7612475,-0.41703948,0.24410552,-0.06138987,-0.23968361,0.09432541,0.002263531,0.0023837723,1.1144526,0.16993327,-0.43329424,0.5637108,0.22813179,0.33320227,0.6887053,0.14022401,-0.077346355,-0.17507526,-0.037643343
O75144,-0.57843554,-1.0214916,-0.20368429,0.08702026,0.24869116,-0.171364,0.4602374,0.03686109,-0.91242945,0.6976486,-0.5457989,0.03214901,0.87490857,-0.47047523,0.8653927,1.3197557,-0.382044,0.3249257,-0.6352913,-0.3616414,-0.5841138,0.3416824,-0.9199948,-0.15306464,-0.08206293,0.1443876,0.17579974,-0.18658833,-0.098361425,-0.28324327,-0.51875687,-0.38933793,0.5915914,-0.48215023,0.83116317,0.1289201,0.75068927,-1.0890677,0.026285186,0.31689137,0.773224,0.15719528,0.6901269,-0.041614495,0.45332384,0.7641952,0.6312594,-0.03753891,-0.052509416,0.21748169,-0.18966132,-0.5564782,-0.4451501,-1.137066,-0.36276403,0.5066671,-0.12820832,-0.1559951,-0.30281684,-0.53020597,-0.45666605,-0.42059365,0.15806732,0.2389403
Q8N448,-0.81296337,-0.3120634,-0.20715538,0.18678506,-0.043974277,-0.12849937,0.44054228,-0.3857703,-0.57299095,0.5783663,-0.03939049,0.2593168,0.5399343,0.009582855,0.8147981,0.7598615,-0.37098888,0.48604345,-0.6977135,0.2506506,-0.42301273,0.29231152,-0.55712205,-0.08305526,-0.0353857,0.32241905,-0.1526145,-0.18095465,0.29954728,0.18633598,-0.55931616,-0.033214394,0.51973903,0.014042702,0.6235256,-0.25007367,0.34628704,-0.5055719,0.1736111,0.44956887,0.19054161,-0.33630905,0.49115312,-0.024002977,0.46835157,0.20134433,0.18591338,0.3322763,0.2760717,0.1420217,0.21692291,-0.63878936,-0.5192484,-0.7032396,-0.10093329,0.43041414,0.4834743,-0.39639658,-0.064133875,-0.13958174,-0.7028545,-0.8417265,-0.047361672,0.4018187
P08670,-0.76186454,-0.3632244,0.1430822,0.1067714,-0.16515855,-0.18212152,0.25765282,-0.5871739,-0.6149994,0.7199858,-0.20419304,-0.083230555,0.5275025,0.020655714,1.1770523,1.1782402,-0.20778242,0.12358484,-0.5353796,-0.025107611,-0.5720869,0.19914609,-0.74835306,-0.34109503,-0.028065834,0.7165723,0.15801767,-0.6510725,0.23507063,-0.10005994,-1.0009243,0.028887156,0.37347543,-0.49535212,0.69702613,0.01695028,0.23033383,-0.63020265,-0.08051113,0.17225918,0.63918835,-0.32070288,0.7654786,-0.19415459,0.3301328,0.435857,0.46044004,0.20915805,0.7555577,0.10104175,0.16805115,-0.49046502,-0.37262627,-1.1634649,0.15251698,0.628759,0.181233,-0.82181585,-0.17767403,-0.47374117,-0.9128077,-0.7285919,-0.46811876,0.4943139
Q9VDV4,-0.27969652,-0.13078873,-0.4360105,0.13074304,0.089252025,0.044797428,0.27290654,0.24078424,0.013558198,-0.18528709,0.35839444,0.57487917,-0.14613919,-0.071177654,-0.4042804,-0.26047945,-0.17727393,0.43633243,-0.30452707,0.48217916,0.23319013,0.11903924,0.3525602,0.18806598,0.20422131,-0.40376812,-0.44389212,0.5023185,0.031183349,0.3980195,0.6311364,0.01931684,0.35917154,0.63805765,-0.2431126,-0.5126117,-0.023460642,0.16674145,0.39535806,0.4804993,-0.5081195,0.028609518,-0.08941979,0.08948951,0.28040856,-0.40104395,-0.118604966,0.12764972,-0.48217466,-0.09208448,-0.03726346,-0.30285212,-0.21563223,0.8060262,-0.25605467,-0.25504494,0.45369154,0.53870046,0.34759828,0.45283163,0.23973794,-0.15301697,0.29017493,-0.1784381
P36024,-0.021847978,0.62388515,-0.3064341,0.06712182,-0.0068195276,0.19103467,-0.04980439,0.25532556,0.49588886,-0.6490812,0.72756934,0.4971792,-0.70541114,0.037595116,-0.8023759,-0.8217197,0.1001543,0.39698026,0.10608815,0.66930103,0.49025106,-0.19090949,0.8972438,-0.113498695,0.2849606,-0.4630826,-0.44970614,0.4628043,-0.053190496,0.494846,1.0269591,0.30610663,-0.027620874,0.8711501,-0.7666985,-0.73750293,-0.60390043,1.1231065,0.46192533,0.2157455,-0.8704247,-0.05641829,-0.25778118,-0.09835225,-0.12584862,-0.98982733,-0.52442193,0.073963635,-0.26385236,-0.20353433,-0.021332197,0.1001904,-0.047355738,1.6868802,-0.061700445,-0.5574567,0.23898818,0.40054703,0.8507752,1.0184593,0.5292812,0.19763567,-0.032080077,-0.50578517
Q8WV44,-0.6678927,-0.95956326,-0.32405633,0.10163319,0.18721025,-0.11567125,0.6389974,-0.047387417,-0.8896621,0.8768607,-0.3972985,0.32764167,0.82188946,-0.3031618,0.9335163,1.08425,-0.64991736,0.6990183,-0.89419913,0.07545157,-0.46565288,0.51775163,-1.0307462,-0.09259716,-0.16121966,0.108166546,-0.04321835,0.1990826,0.1787459,0.029607117,-0.35580102,-0.4651726,0.63737106,-0.031270463,0.867005,-0.07209028,0.9040493,-1.0741336,0.16072786,0.67147213,0.36838463,-0.004804533,0.6038243,0.23109633,0.5548263,0.7353019,0.48409382,0.15772352,-0.26735023,0.36057127,0.007827818,-0.8161704,-0.81404275,-1.0405548,-0.5146606,0.60610914,0.3412369,-0.0016140938,-0.35157412,-0.18403068,-0.43936974,-0.79780555,0.4682492,0.46928346
P14120,-0.5987923,0.49416533,0.35510835,0.27612713,-0.3113105,-0.0034879493,-0.096086785,-0.7710372,0.004201483,0.23084944,0.391127,-0.20017809,0.11458926,0.30311698,0.873019,0.4770661,0.08208742,-0.33116418,-0.0645445,0.09422012,-0.406829,-0.04563354,-0.003671294,-0.44743696,0.0978768,0.64424884,0.2108077,-0.92859554,0.17736539,0.008647367,-1.0007303,0.44802433,0.106992565,-0.44163868,0.14121267,-0.18098342,-0.5662706,0.22694783,-0.011477806,-0.20890576,0.28414094,-0.40330124,0.41873324,-0.5356833,0.080707386,-0.3141408,0.060128532,0.3554746,1.1920722,-0.25494152,0.17943498,-0.06195751,0.26345325,-0.29939723,0.48954818,0.11057222,0.24434188,-1.0565231,0.24702013,-0.2872507,-1.0017148,-0.31024143,-1.11077,0.13040383
Q9CR42,-0.74077904,-0.38126567,-0.3210118,0.24334566,0.07252769,-0.008797833,0.41794178,-0.0458344,-0.45217434,0.28963262,0.08367508,0.3304125,0.43517315,-0.11995204,0.45595038,0.60543597,-0.24923831,0.35471457,-0.5560583,0.23821846,-0.25904602,0.26668316,-0.22756167,-0.02528891,0.1092284,0.046866238,-0.23504396,-0.011943262,0.08490894,0.21518183,-0.2045004,-0.05403449,0.5458322,0.093826756,0.409798,-0.32913098,0.22973463,-0.41660002,0.21810776,0.38977426,0.107940696,-0.1400551,0.31344092,-0.12388968,0.42436507,0.0044858605,0.17045873,0.20197307,0.017977815,0.014074333,0.09482831,-0.5192122,-0.31283072,-0.23365505,-0.2181906,0.15505144,0.3920194,-0.05213648,0.1437456,-0.029810354,-0.42932004,-0.5016287,0.02044896,0.12422778
Q92997,-0.75644577,0.03816981,-0.08218868,0.1058098,-0.29079613,-0.23567255,0.39877814,-0.7270824,-0.40211877,0.7006864,0.0634623,0.3081151,0.35439295,0.250574,0.9669915,0.48230237,-0.4026919,0.5783,-0.71323174,0.46430492,-0.3852682,0.24720219,-0.5687713,-0.080634676,-0.11733684,0.45894858,-0.22868745,-0.20515952,0.52154034,0.29994303,-0.7883432,0.082599215,0.3851587,0.11069624,0.5334263,-0.23059729,0.18333536,-0.29306036,0.201545,0.51067567,-0.04003177,-0.59111804,0.48700476,0.15184021,0.40401128,0.10904564,0.012307726,0.5259972,0.5485104,0.24869795,0.38569483,-0.66573584,-0.6008779,-0.77984643,0.14034833,0.5202532,0.78192884,-0.57976955,-0.206314,0.019265875,-0.815679,-1.0430684,-0.14640492,0.5571364
P06169,0.103919566,0.7304804,0.036999032,0.099610694,-0.30074826,0.1486193,-0.068856925,-0.19831948,0.59222585,-0.3506009,0.79038596,0.3975639,-0.6887226,0.44264767,-0.44977143,-0.88531923,-0.07599251,-0.0052405,0.047489673,0.6708285,0.41174835,-0.14249358,0.6390505,-0.096008,0.046215873,-0.16838089,-0.3194523,0.39472088,0.29255527,0.37994206,0.49478325,0.3403558,-0.120794706,0.82411057,-0.6633751,-0.5527532,-0.7379778,0.9414434,0.30369994,0.23762894,-0.84990084,-0.20313951,-0.3361189,0.113995224,-0.054182116,-0.8351981,-0.44491473,0.2628109,0.04067336,-0.2910648,0.11855844,0.07784873,0.07272518,1.1409469,0.21874492,-0.4611182,0.5441295,0.14954594,0.39904147,0.7036663,0.11369209,-0.04127118,-0.2869674,-0.05231467
P0A4S2,0.083990395,0.7475664,0.040342808,0.10768433,-0.32225248,0.16136909,-0.04407908,-0.26297,0.6022384,-0.28808975,0.8099896,0.43698597,-0.69409657,0.48155853,-0.40060797,-0.92866874,-0.1473485,0.011450224,-0.0050127506,0.7312977,0.43789548,-0.09848456,0.57727253,-0.08188791,0.023058515,-0.1394557,-0.33432472,0.42869136,0.37486458,0.42903298,0.42496637,0.32096532,-0.10804618,0.8591384,-0.6400977,-0.5669445,-0.7194167,0.90421915,0.30663437,0.28123245,-0.8898588,-0.23167191,-0.34170502,0.19975099,-0.017663624,-0.8009655,-0.45692095,0.29938012,0.02380107,-0.2904961,0.16294986,0.021954436,0.032946292,1.1017051,0.24474825,-0.4399703,0.6545474,0.17136651,0.3056436,0.7339245,0.086098,-0.1222119,-0.2517885,0.025662033
P38822,-0.034227088,0.6452882,-0.18236813,0.09481449,-0.09079033,0.22033377,-0.11014299,0.22528817,0.54639727,-0.65763295,0.739928,0.3903755,-0.73485243,0.14968964,-0.73497,-0.7638381,0.18623352,0.18411085,0.18557975,0.60597855,0.4202646,-0.22581276,0.95765877,-0.15035014,0.28437054,-0.4134719,-0.43330926,0.31046015,-0.066387326,0.4158899,0.8795793,0.37779173,-0.029068135,0.80894,-0.78582,-0.69114304,-0.7083221,1.1358331,0.41790292,0.11289899,-0.78295416,-0.11470361,-0.28952742,-0.1906254,-0.17090851,-1.0076472,-0.51003814,0.089216165,-0.07859701,-0.25541088,-0.011633962,0.18373737,0.09733644,1.6224923,-0.0007288949,-0.5677526,0.1816954,0.23892343,0.856255,0.882053,0.39264476,0.22771558,-0.24881357,-0.51673543
P43405,-0.6840837,0.073439516,-0.17043427,0.15962076,-0.22057892,-0.15783313,0.41671112,-0.5767332,-0.2811964,0.5484673,0.16647148,0.47113466,0.25019157,0.2293889,0.64513916,0.1721065,-0.50298244,0.5977964,-0.6801793,0.5695995,-0.22890548,0.26844507,-0.3777813,0.04153417,-0.05993658,0.22631383,-0.35142392,0.046974104,0.46363688,0.4325493,-0.50013816,0.013087804,0.42471012,0.34835353,0.38900968,-0.28494447,0.17237177,-0.20716289,0.30892268,0.6558332,-0.28096256,-0.5294288,0.2715867,0.25158164,0.37874252,-0.03401754,-0.11610789,0.5263987,0.28670695,0.19504772,0.31537768,-0.70137113,-0.5419839,-0.4231987,0.0168649,0.35058153,0.8881147,-0.2748316,-0.16834193,0.17366847,-0.65650517,-0.9622895,0.050884932,0.48281997
P17618,0.082442716,0.81311345,0.043998808,0.07485313,-0.35778138,0.17920709,-0.07033917,-0.28777465,0.6307153,-0.30689383,0.81958395,0.45637837,-0.7263864,0.46407154,-0.42276993,-0.93710047,-0.15295532,0.063314155,-0.0028166175,0.7640141,0.4529546,-0.12577227,0.56254697,-0.13663122,0.007756468,-0.10935282,-0.32936066,0.46130985,0.3873277,0.4502551,0.43957728,0.3419366,-0.17409208,0.9063156,-0.6262927,-0.58985215,-0.72924215,0.95903945,0.31550986,0.28412634,-0.9503391,-0.24461411,-0.30336282,0.21683687,-0.07438806,-0.8404451,-0.46641096,0.2793901,0.03809698,-0.26392812,0.17825058,0.047475796,-0.032246437,1.1422309,0.23095763,-0.4277894,0.63093555,0.15107468,0.3184474,0.8011862,0.09152837,-0.15735455,-0.22761513,0.05568316
Q9H307,-1.1430573,-0.22814679,-0.2801393,0.17982386,-0.005271826,0.099063314,0.36141413,-0.13114047,-0.5175739,0.36672035,-0.086799845,0.31160748,0.5773434,-0.16335726,0.7198082,0.97379035,-0.16227669,0.6938695,-0.6557053,0.36425468,-0.45924008,0.34291673,-0.45576206,-0.382332,0.25127375,0.26893553,-0.22731963,-0.26274177,0.05972233,0.26469842,-0.41284552,0.14026552,0.57144,-0.016544912,0.7308066,-0.48967537,0.36260548,-0.46339658,0.31517443,0.15083882,0.22135852,-0.26037872,0.86704373,-0.37444127,0.52487797,0.004178494,0.34134337,0.099182226,0.26269123,0.11796641,0.23506048,-0.5683892,-0.6312351,-0.29436433,-0.34502742,0.4110034,0.066412576,-0.33446723,0.2562352,0.13060126,-0.6464403,-0.89962506,-0.061590597,0.16238949
P02489,-0.7254518,-0.6242805,0.15238142,0.05640495,-0.12677252,-0.1563451,0.24732165,-0.3986812,-0.7258242,0.7754971,-0.3907826,-0.12428555,0.64475626,-0.18285349,1.1425306,1.3935834,-0.21020046,0.032413334,-0.522034,-0.20909752,-0.62315553,0.22725509,-0.9074094,-0.39676508,-0.034175795,0.65186095,0.21725173,-0.6130134,0.038640868,-0.3249476,-1.0136876,-0.0882833,0.4071488,-0.66890496,0.7992915,0.1686216,0.3984916,-0.9016617,-0.10471437,0.08166973,0.794192,-0.14333561,0.8721384,-0.18507165,0.26069042,0.65613776,0.6692559,0.045936935,0.66425836,0.12663548,-0.021848008,-0.4785145,-0.36852318,-1.297731,-0.027296897,0.6683935,-0.08727546,-0.6745716,-0.2807479,-0.570725,-0.8591295,-0.58593965,-0.37283567,0.42876375
P15303,-0.35797596,0.7523489,0.115063205,0.18431114,-0.38022187,0.14069767,-0.15773371,-0.31662458,0.4044766,-0.37793633,0.64070046,0.08900431,-0.3329163,0.33967662,-0.058883358,-0.25772822,0.3466512,-0.18008831,0.19678307,0.38606972,0.052307233,-0.20711909,0.61815107,-0.39360586,0.1972331,0.100951895,-0.1858058,-0.3723437,0.060936008,0.10378733,-0.08353345,0.662792,0.018117063,0.2264245,-0.30631348,-0.5428631,-0.8483109,0.84994143,0.22940943,-0.25523502,-0.41021508,-0.31319165,0.120425284,-0.45125288,0.0005521439,-0.8392916,-0.16742504,0.21130243,0.6569018,-0.4142506,0.14281836,0.19348395,0.24597663,0.8031583,0.3905662,-0.3752946,0.107297555,-0.42477697,0.6308843,0.3018114,-0.4103613,-0.027225228,-0.82683253,-0.24300747
Q7LX99,0.059419855,0.8133875,0.059361845,0.092519864,-0.35263318,0.1984801,-0.08594927,-0.24975063,0.6439006,-0.3402542,0.8338958,0.42506903,-0.743081,0.47486612,-0.42843536,-0.9245061,-0.09785196,0.009730406,0.029548958,0.74700993,0.4335028,-0.1492759,0.6316349,-0.14161713,0.032393273,-0.12089146,-0.33881515,0.40636846,0.3609467,0.42520684,0.43033162,0.37575373,-0.1493614,0.87795377,-0.6664136,-0.60503954,-0.771715,0.97777456,0.3064718,0.2341726,-0.9206458,-0.25482774,-0.3237029,0.15401098,-0.084422946,-0.8691783,-0.47800097,0.2800519,0.07605564,-0.29888207,0.17784423,0.08525729,0.032510404,1.178217,0.24151708,-0.45169348,0.59922683,0.12304563,0.37001166,0.7810066,0.075633004,-0.10151398,-0.2907652,-0.0039766654
Q9KK62,0.24737343,0.52187586,-0.0746848,0.06571169,-0.16069612,0.060391914,0.04410681,-0.12120026,0.50039274,-0.29022226,0.7009097,0.43921918,-0.6455845,0.36723733,-0.5286622,-0.9558559,-0.20391205,0.07700721,-0.028485894,0.5882151,0.4782496,-0.061011307,0.5449284,0.06490061,0.015805658,-0.32302272,-0.32309413,0.5920173,0.30428168,0.40041155,0.6690334,0.17027587,-0.09862616,0.8406368,-0.6683776,-0.45440537,-0.5371494,0.7857441,0.2993692,0.4225452,-0.84961337,-0.07110095,-0.42189753,0.30213702,0.048388053,-0.66762054,-0.41545513,0.22349319,-0.29662058,-0.19710003,0.019337445,-0.002202779,0.0012687631,1.0881547,0.15221344,-0.4635689,0.6166468,0.41590476,0.22001499,0.67001766,0.2927919,-0.0132359285,-0.0073664784,-0.04401978
P00360,-0.07212806,1.1597798,0.19520356,0.07856266,-0.55730766,0.292336,-0.2800612,-0.50188464,0.7097098,-0.36084992,0.93569434,0.34791952,-0.7556119,0.5581251,-0.2670675,-0.7710617,0.13312083,-0.08659616,0.117737114,0.79128164,0.35637152,-0.28456157,0.6360214,-0.38725573,0.024108108,0.1361014,-0.35954696,0.12212476,0.33362707,0.27463856,0.08365984,0.6340612,-0.31899428,0.7543924,-0.5869055,-0.67939234,-1.0170131,1.1536915,0.25426736,-0.050908744,-1.0385782,-0.450988,-0.14460301,-0.008141167,-0.2783889,-0.95735705,-0.4285001,0.2694526,0.5633642,-0.34067303,0.3127507,0.20941418,0.015901629,1.1575922,0.36809444,-0.39101112,0.447528,-0.30149353,0.5375322,0.7907359,-0.247714,-0.17463996,-0.6013214,0.058715694
O43924,-0.5089506,0.15549359,-0.05124545,0.17159927,-0.26246104,-0.22522393,0.34409615,-0.7060964,-0.19978,0.47782776,0.19353707,0.29189605,0.18796551,0.28919804,0.74436724,0.14255264,-0.40589765,0.25894618,-0.5176357,0.38411358,-0.23538472,0.15204546,-0.2783276,0.004032396,-0.14697486,0.35201064,-0.18480247,-0.18356003,0.4736214,0.30052507,-0.7229154,0.08941514,0.3578761,0.08621599,0.26001656,-0.17535233,-0.09059045,-0.13187712,0.14638533,0.4885517,-0.12416456,-0.46241266,0.1970514,0.12742276,0.36784115,-9.427965e-05,-0.10381261,0.589038,0.47937974,0.084012076,0.29284617,-0.47330225,-0.31931826,-0.5559343,0.31525794,0.28884268,0.8447614,-0.46939653,-0.15832606,-0.008373246,-0.75007546,-0.7209189,-0.2497566,0.41541725
P62277,-0.7611481,0.15973678,0.2187384,0.1909261,-0.28946215,-0.18160173,0.13220894,-0.88089746,-0.3114835,0.5613362,0.13933577,-0.08022237,0.26709834,0.2342358,1.1975636,0.79704195,-0.1669723,0.0719066,-0.41905397,0.11335467,-0.47879058,0.11148535,-0.45564085,-0.36941403,0.029397007,0.81090295,0.12243579,-0.8370894,0.36256543,0.15324387,-1.1611731,0.25161478,0.2233549,-0.43407154,0.40845218,-0.121784076,-0.18018098,-0.19280052,-0.0787495,0.13372731,0.4713507,-0.5408628,0.6356233,-0.27198875,0.2557672,0.062061474,0.16880701,0.3959171,1.0862443,0.035266086,0.30938655,-0.3854211,-0.17356128,-0.845224,0.4399256,0.49482197,0.44817603,-1.0450784,-0.04513008,-0.3207665,-1.0303913,-0.7385249,-0.7374009,0.45169914
O95970,-0.26757357,-0.68034303,-0.13428435,0.084538914,0.104769945,-0.23187676,0.4415874,-0.22512418,-0.5975696,0.6674892,-0.24879007,0.10612051,0.57519835,-0.100105636,0.6907397,0.6594541,-0.5471379,0.123555206,-0.61264646,-0.11278279,-0.35367668,0.20107053,-0.6444648,0.1051414,-0.24753866,0.18226078,0.03987568,0.04811242,0.22085725,-0.110929206,-0.4374824,-0.33086666,0.42132053,-0.14855517,0.48211572,0.16311786,0.48744506,-0.7291335,0.03238941,0.57266915,0.295076,0.01302721,0.17211351,0.2593324,0.3854611,0.5624559,0.29437816,0.26701546,-0.058156446,0.17410402,-0.04381831,-0.5170732,-0.3635728,-1.0366256,-0.09194091,0.39747962,0.41972548,-0.1339079,-0.3858655,-0.42251986,-0.43848485,-0.43351302,0.149935,0.39573413
O88384,-0.7987493,-0.012124255,-0.11445196,0.21462385,-0.17800295,-0.154962,0.34825677,-0.553442,-0.37921482,0.45434836,0.1272373,0.2666929,0.38863432,0.17839333,0.800976,0.527892,-0.25072825,0.36330143,-0.55582964,0.33365726,-0.38167506,0.23264863,-0.3417885,-0.08511269,-0.00919446,0.38738576,-0.1600832,-0.35943437,0.3566173,0.2541328,-0.6950551,0.13654613,0.48023313,-0.022137795,0.47199234,-0.2818051,0.03762704,-0.26343024,0.16416645,0.34021086,0.090243444,-0.45214865,0.42139477,-0.12146806,0.44345298,-0.021622516,0.05551919,0.46349952,0.5167336,0.038907573,0.28883126,-0.536421,-0.35214198,-0.5423223,0.12963687,0.3364244,0.5921651,-0.52749854,0.035418525,-0.09214102,-0.814183,-0.7933528,-0.30537674,0.34194064
D6RGH6,-0.7863195,-0.51596755,-0.49876016,0.19644892,0.17183986,0.08461181,0.49936578,0.21037659,-0.3905778,0.22271347,0.055308264,0.58328044,0.37332428,-0.24787435,0.18409757,0.4161911,-0.32208613,0.6832677,-0.678178,0.45941746,-0.08561157,0.36311498,-0.14052084,0.039978266,0.23235765,-0.22196189,-0.4477235,0.3740439,-0.030439965,0.40789837,0.18676467,-0.14674176,0.5907391,0.4319955,0.3490309,-0.43103302,0.46052444,-0.46133915,0.38388464,0.5528931,-0.10879219,-0.10477005,0.3337089,0.035961077,0.4544091,-0.035611615,0.1419549,0.103013314,-0.34289828,0.13515608,0.07915515,-0.6564358,-0.52134424,0.09459318,-0.50426245,0.16424754,0.46933115,0.339877,0.15581968,0.2945298,-0.10226399,-0.6150969,0.43084127,0.09945143
Q9ZVD5,-0.6866392,0.46562132,-0.07707057,0.192041,-0.36808684,-0.01025625,0.21525629,-0.5460836,0.04436933,0.19649363,0.42015296,0.49245748,0.035109654,0.37163207,0.34940568,-0.12053506,-0.26179546,0.4520229,-0.43667698,0.71331125,-0.105346546,0.16843292,0.007131787,-0.12154849,0.087295145,0.19441167,-0.40281844,-0.03744975,0.4179278,0.4804601,-0.3463674,0.29177508,0.32515764,0.4246988,0.17773548,-0.5110652,-0.24277408,0.19596681,0.3873554,0.38321215,-0.50678325,-0.55122375,0.2568455,0.05267062,0.33073768,-0.47615975,-0.20187697,0.50235265,0.41022196,-0.035516553,0.33885092,-0.52799904,-0.30553627,0.17507856,0.1154113,0.08775309,0.7355733,-0.2574805,0.14673674,0.35827658,-0.6119232,-0.8200812,-0.22820914,0.2417208
O00585,-0.70951295,-1.0050169,-0.23647676,0.11464645,0.29472804,-0.15483256,0.40995458,0.11462039,-0.9238724,0.5506959,-0.5677608,-0.06257358,0.93029803,-0.5842553,0.8637446,1.4748888,-0.27102092,0.29131395,-0.58603144,-0.40258545,-0.64851445,0.34193033,-0.8207787,-0.2055096,0.059184838,0.11771667,0.19555421,-0.30964378,-0.3235975,-0.2833115,-0.54390967,-0.37857154,0.6379653,-0.6215418,0.8382193,0.18247351,0.7190038,-1.0723568,0.04683916,0.18287274,0.8894617,0.2591107,0.7844109,-0.23911858,0.46770933,0.72436476,0.67443186,-0.11084353,0.06270892,0.20640203,-0.252513,-0.5397625,-0.4032832,-1.0255765,-0.40263346,0.5040311,-0.3192057,-0.17388399,-0.1959689,-0.51535344,-0.42707098,-0.309395,0.09726702,0.07550686
P09382,-0.35842133,0.031271808,-0.11976822,0.14222185,-0.17344941,-0.17369169,0.34178317,-0.46955606,-0.17887427,0.33250588,0.2304457,0.3188536,0.16372703,0.16491002,0.46725753,0.07423106,-0.43082446,0.2805427,-0.5018314,0.37661728,-0.10964607,0.17201887,-0.2299321,-0.0035092756,-0.12709594,0.19408253,-0.16332082,0.08895512,0.36601076,0.2632224,-0.30044657,0.0027256936,0.32026342,0.26973012,0.23141244,-0.15360726,0.0071615204,-0.09227797,0.20842966,0.5743673,-0.23934923,-0.28141046,0.09405796,0.21121302,0.31637916,-0.02715677,-0.06167122,0.43725285,0.18279512,0.08666158,0.16205382,-0.4978236,-0.31301984,-0.2978201,0.069110096,0.16271049,0.6707247,-0.1976408,-0.08417202,0.049765877,-0.4827054,-0.5716453,-0.067352206,0.31781673
P42801,-0.20801185,0.8919109,0.10890734,0.14852655,-0.5417814,0.14243223,-0.036517933,-0.63463205,0.49833557,-0.054630317,0.7218363,0.47141445,-0.45476604,0.5917401,0.020489316,-0.6936134,-0.23231095,0.14983796,-0.124759115,0.84279823,0.20967235,-0.03503584,0.30151698,-0.23983023,-0.029326294,0.18119213,-0.35418886,0.13922884,0.52482677,0.43660676,-0.15419513,0.43926206,-0.00064925104,0.7086932,-0.27897745,-0.6215858,-0.7253522,0.7386518,0.34518325,0.25132352,-0.88506824,-0.4772828,-0.056674995,0.19215289,0.08097182,-0.72405905,-0.4208608,0.48535722,0.4424931,-0.2576426,0.36083886,-0.18414292,-0.10318439,0.6976045,0.36749128,-0.20311052,0.76532686,-0.20533364,0.22503644,0.6272581,-0.38012034,-0.48393908,-0.41980132,0.26378828
O95801,-0.7078037,0.18686408,-0.14372508,0.18221071,-0.2695546,-0.1272144,0.38020325,-0.59141064,-0.1972332,0.4539803,0.2579474,0.46814987,0.20088607,0.2735585,0.6106856,0.13198508,-0.43228337,0.5358925,-0.61731267,0.6105039,-0.20230906,0.25716114,-0.29960066,-0.013308592,-0.023237448,0.24929574,-0.353158,0.004594799,0.46171844,0.4545973,-0.5079031,0.07699589,0.3970044,0.3480252,0.3593535,-0.33483833,0.04407233,-0.11819473,0.29739523,0.58135587,-0.3358167,-0.5378895,0.2710849,0.19044054,0.36657736,-0.13785607,-0.13747343,0.5319862,0.3492076,0.12983753,0.33062294,-0.6649101,-0.4728991,-0.28262854,0.043578986,0.28732887,0.8601993,-0.2901489,-0.0885512,0.2199771,-0.68048733,-0.9200372,-0.049351074,0.43245775
Q86VP1,-0.74940634,-0.0149326995,-0.32240215,0.22199734,-0.09086479,0.055372376,0.3079021,-0.105501175,-0.16632119,0.07017315,0.32119924,0.5187603,0.18653736,0.038713254,0.16510338,0.1751296,-0.1866583,0.48882297,-0.47616267,0.5329544,-0.10531222,0.22904795,0.08069768,-0.0140266195,0.19022809,-0.031275325,-0.42036873,0.11244333,0.13530043,0.42682186,-0.000854034,0.1314442,0.48168078,0.39773804,0.21329084,-0.53859746,-0.00029312074,-0.055934623,0.37019882,0.36767256,-0.28982612,-0.27868363,0.2530676,-0.09079848,0.37390018,-0.39211923,-0.042217217,0.27304095,0.057120305,-0.045380462,0.16867486,-0.51754105,-0.2818845,0.30936477,-0.18284097,0.004934078,0.50303763,0.04797125,0.31408018,0.2593444,-0.3481621,-0.57849467,-0.010487959,0.04544781
Q86X19,-0.56943715,-0.43964657,-0.1146626,0.24069227,0.14893477,-0.07334532,0.27723956,-0.014561018,-0.45147097,0.20710838,-0.01400964,-0.029431775,0.46858817,-0.14716369,0.4566225,0.772044,-0.03441693,-0.15150565,-0.31123215,-0.17759366,-0.381258,0.077411845,-0.10307401,-0.057550855,0.07903129,0.12941405,0.012612194,-0.39665183,-0.03431275,-0.12915039,-0.3773755,-0.008714779,0.47604433,-0.34805158,0.30034128,-0.098076895,0.05698636,-0.37265834,0.043711033,0.09252995,0.47388095,0.0068903677,0.22563356,-0.36661938,0.34342006,0.07890116,0.27729604,0.122513734,0.20845015,-0.16008331,-0.06883241,-0.21904802,0.072124034,-0.41399044,-0.022943508,0.08746775,0.05810578,-0.28722048,0.18818551,-0.41141832,-0.48866647,-0.09501116,-0.34927794,-0.06253132
P47992,-0.58988476,-0.9168916,-0.122928396,0.12856214,0.3496367,-0.114902295,0.23148292,0.22244796,-0.8563991,0.37477568,-0.5404321,-0.21475354,0.8332076,-0.65565413,0.66186327,1.4825633,0.001213856,0.011926554,-0.36452597,-0.54557425,-0.65349525,0.12976299,-0.5722382,-0.2192975,0.15425669,0.053367466,0.21235509,-0.40347135,-0.55477023,-0.50537103,-0.4704577,-0.3098313,0.48152378,-0.8019815,0.60644424,0.2725744,0.5340388,-0.885227,0.027324632,-0.009167179,0.92511815,0.30636874,0.6853459,-0.43913186,0.21552435,0.6320763,0.685654,-0.26682222,0.18737017,0.13977008,-0.3442824,-0.32913882,-0.14825171,-0.86008966,-0.37361565,0.3984912,-0.5485563,-0.25636303,-0.017637715,-0.5888831,-0.35680926,0.03961703,-0.07784548,-0.14794976
P15018,-0.0798402,-1.2363864,-0.23324524,0.07759712,0.7498434,-0.061570484,0.38221005,0.99545866,-0.5417463,0.118464224,-0.38382548,-0.17737481,0.4378773,-0.7624538,-0.079042256,0.787592,0.016306907,-0.35911566,-0.2334188,-0.69265306,-0.15914978,0.06328982,0.0015092585,0.17570221,0.21549577,-0.65182436,0.09686349,0.22934082,-0.60853916,-0.46525407,0.46147886,-0.59474456,0.40708104,-0.38935056,-0.055065267,0.30534655,0.6454872,-0.691866,-0.021494076,0.19224852,0.8388102,0.64062154,-0.029711999,-0.21420011,0.119725645,0.4865806,0.5286781,-0.4207587,-0.7914235,0.03411697,-0.6554221,-0.0142579265,0.1695595,-0.25630498,-0.5397451,-0.081647195,-0.37740916,0.55655617,-0.043191485,-0.38687807,0.45234293,0.6169998,0.3334409,-0.515717
P13199,-0.20879236,0.009785689,-0.41208762,0.13071533,0.21565972,0.24315107,0.017849512,0.6893021,0.10877968,-0.56206656,0.44974846,0.49283022,-0.37860072,-0.229455,-0.78538024,-0.2777266,0.21786311,0.31655046,0.040489465,0.36588353,0.26019114,-0.08777372,0.7182758,0.031089753,0.41054,-0.58961993,-0.40210623,0.3360374,-0.270066,0.2266401,1.0073676,0.18703197,0.23778021,0.57144654,-0.5294865,-0.74068964,-0.28510365,0.5737006,0.4462603,0.08340708,-0.45004117,0.18123135,-0.15258631,-0.3513242,0.008615244,-0.6820619,-0.18036053,-0.11293974,-0.49950936,-0.28135788,-0.18309963,0.053265583,0.0764344,1.465633,-0.36705303,-0.5570061,-0.012091875,0.53400093,0.89601356,0.65588295,0.50963753,0.33112562,0.0139719695,-0.66851044
P07141,-0.7446662,-1.037143,-0.48491293,0.13913906,0.4579946,0.13080387,0.47854635,0.7390931,-0.7196374,0.2316195,-0.3469444,0.29509002,0.6131701,-0.70708555,0.3236928,1.0789492,-0.17657194,0.7077013,-0.6036308,-0.0040851794,-0.27301407,0.3741827,-0.38521838,-0.21829359,0.3445945,-0.3576005,-0.17516702,0.34994385,-0.45140892,0.1361429,0.362734,-0.42858157,0.5580149,0.07786946,0.503134,-0.27232364,0.8166279,-0.81829566,0.24521378,0.434086,0.418038,0.2408637,0.65012217,-0.1720759,0.404134,0.37526906,0.51330554,-0.3037521,-0.60243434,0.28835428,-0.22974011,-0.5313826,-0.5987025,-0.07861088,-0.80931056,0.25580728,-0.20490919,0.4140799,0.15813097,0.13990086,0.18345962,-0.29966685,0.62272125,-0.1867741
P68187,-0.06291717,0.66230077,-0.012620059,0.12193298,-0.39519668,0.04936138,0.1376151,-0.63574934,0.3961617,0.11900865,0.60259295,0.56455386,-0.42375752,0.5146015,0.039700132,-0.788613,-0.5334712,0.29037216,-0.290168,0.8000757,0.27824348,0.08993572,0.115264304,-0.049881227,-0.070500955,0.06391001,-0.3557809,0.40197754,0.5597675,0.5629315,-0.073860556,0.15220511,0.044808283,0.7868073,-0.22237407,-0.43494755,-0.4153181,0.4866678,0.34187904,0.61111903,-0.8603868,-0.39819923,-0.17121154,0.516209,0.17748292,-0.45697975,-0.4388151,0.5029611,0.10980282,-0.0864442,0.30419376,-0.360865,-0.2583786,0.4643829,0.2858812,-0.10133747,1.0316758,0.05665188,-0.09619383,0.64546597,-0.26119548,-0.59226274,-0.037785478,0.4362068
Q5XIM7,-0.5696661,0.59919566,-0.030619562,0.16024874,-0.4411697,-0.03206594,0.23525338,-0.72930217,0.14216413,0.3234322,0.45214945,0.5352035,-0.07793288,0.46320048,0.42273754,-0.32591778,-0.46200693,0.50030243,-0.46615762,0.8299614,-0.032748476,0.16868892,-0.09847883,-0.075520575,0.008825,0.24814051,-0.44373178,0.087504625,0.55995065,0.5811716,-0.46736172,0.1993382,0.21945056,0.55782443,0.15617448,-0.43981948,-0.24226291,0.23793837,0.388526,0.57729447,-0.6938413,-0.62778604,0.16506627,0.33137134,0.26740915,-0.39947242,-0.33290693,0.5947847,0.4257822,0.042361192,0.3995115,-0.6004376,-0.3947718,0.08396573,0.19603275,0.14680696,1.0014813,-0.2496758,-0.08045686,0.49945286,-0.6232307,-0.92717326,-0.11817624,0.43989196
Q12873,-0.9731157,-0.14962679,-0.14766873,0.11663752,-0.19249089,-0.16960461,0.45567775,-0.6061081,-0.57414573,0.75693566,-0.0663169,0.2748473,0.51737076,0.1293424,1.0433874,0.819937,-0.39297056,0.6923972,-0.7825271,0.44122294,-0.49166256,0.3423635,-0.7515143,-0.16912653,-0.044250596,0.4929432,-0.22943148,-0.25096133,0.47493362,0.26174504,-0.79110885,0.041962918,0.46778533,0.028489526,0.746812,-0.27889192,0.36547253,-0.48795018,0.21358275,0.44655037,0.12102453,-0.5241105,0.691178,0.042588882,0.48097464,0.21029626,0.1975911,0.3973563,0.49325058,0.25853425,0.36832225,-0.7514443,-0.7493914,-0.8417419,-0.07554683,0.6219761,0.5747714,-0.55483645,-0.154116,0.026353166,-0.8329168,-1.1261984,-0.068083726,0.5683913
Q9H190,-0.7507808,-0.23094365,-0.13056643,0.11491017,-0.1697593,-0.22230175,0.44242078,-0.58311546,-0.55481786,0.73258346,-0.056324854,0.24429148,0.5031377,0.12519693,0.9965761,0.7155005,-0.422661,0.5215315,-0.7445642,0.30728555,-0.43815964,0.28148544,-0.68328905,-0.087248206,-0.13443577,0.4392549,-0.13966401,-0.19936298,0.43581223,0.18445915,-0.7360766,-0.019967083,0.447435,0.0035797842,0.639071,-0.17535411,0.3377206,-0.49351797,0.1425528,0.50486207,0.13391514,-0.4334595,0.51309395,0.10886275,0.4483579,0.27806914,0.16394624,0.43871918,0.41676703,0.23124577,0.29998112,-0.67181927,-0.61981094,-0.92870474,0.030643243,0.5462611,0.64033777,-0.5208874,-0.2117615,-0.13478193,-0.78475523,-0.95153373,-0.07475449,0.54951364
P04764,-0.266759,0.9305508,0.13283268,0.16405876,-0.58439875,0.028323557,0.04066713,-0.92022586,0.37940517,0.20334315,0.63296884,0.46195382,-0.3373391,0.64369005,0.32746753,-0.58230025,-0.3849929,0.22263497,-0.23320065,0.84724945,0.08026399,0.0015003812,0.04294368,-0.21039355,-0.11266562,0.36548743,-0.3286041,0.051696535,0.677126,0.43950474,-0.53090197,0.39236224,-0.014365323,0.55969673,-0.08326133,-0.5524274,-0.67615694,0.54591393,0.29168612,0.34747607,-0.8444359,-0.5823958,0.037915535,0.3119736,0.14787942,-0.5186037,-0.42356756,0.6089403,0.5950795,-0.1665517,0.43970558,-0.3196082,-0.1903246,0.27755994,0.48263454,-0.022453263,0.9630805,-0.38352633,0.010954477,0.5565889,-0.6343241,-0.7160776,-0.42466885,0.49205488
P00560,-0.1586842,1.0222727,0.1259935,0.10776302,-0.58162016,0.2344032,-0.16758001,-0.5476636,0.6235753,-0.2551745,0.8553805,0.43013373,-0.60250646,0.5647679,-0.13529235,-0.7199887,-0.04874011,0.07487985,0.0006438494,0.8633501,0.28745705,-0.14876844,0.47711992,-0.33761948,-0.006304059,0.15917146,-0.3624488,0.1472906,0.42040345,0.3931475,0.0034344606,0.55180043,-0.13355586,0.78203,-0.42093557,-0.6898614,-0.8859385,0.9757496,0.3337511,0.072724864,-0.9812274,-0.44947183,-0.07932394,0.076468356,-0.09521006,-0.89687604,-0.42578843,0.38170478,0.5143911,-0.31079328,0.35061976,0.008931931,-0.058606338,0.99906206,0.3355189,-0.3139534,0.5763832,-0.24053983,0.44249636,0.7387847,-0.2754373,-0.31570685,-0.5200804,0.1478869
O43396,-0.6869283,0.42296562,-0.024299309,0.17230964,-0.39535657,-0.1556206,0.2804192,-0.7596624,-0.09725949,0.41573092,0.3275323,0.3857475,0.119983315,0.3899851,0.65350604,0.07098676,-0.34138453,0.4526623,-0.52172095,0.6238599,-0.21609734,0.1716423,-0.25744992,-0.11856103,-0.036061127,0.38073608,-0.2917863,-0.16078554,0.53906226,0.4081088,-0.62075305,0.25326607,0.29643157,0.27702972,0.31597146,-0.37007886,-0.16246577,0.06878975,0.29085678,0.43437392,-0.3407661,-0.61815995,0.33309314,0.10296374,0.32640487,-0.2572321,-0.1604051,0.5622231,0.5716516,0.07143838,0.37692297,-0.5664877,-0.38701618,-0.2596826,0.20989506,0.2579634,0.79590714,-0.49963027,-0.029140137,0.20765455,-0.7890971,-0.94174254,-0.29545948,0.41189414
O43318,-0.7238004,0.10357968,-0.15380873,0.15674111,-0.24249057,-0.1548028,0.40984553,-0.6054267,-0.28394926,0.57421607,0.15772058,0.4695082,0.258051,0.24266943,0.69019824,0.19618317,-0.47693473,0.6255522,-0.68324125,0.58316356,-0.25033858,0.26603448,-0.3955788,0.013915747,-0.048841517,0.26520386,-0.35556442,-0.007619608,0.46673903,0.4344715,-0.56191146,0.043210905,0.42587814,0.3200734,0.40270343,-0.29898947,0.16065097,-0.20004585,0.31032032,0.6234727,-0.26208976,-0.56881845,0.32634568,0.22376153,0.3899756,-0.028660692,-0.108152725,0.54206395,0.3509195,0.19818172,0.34562817,-0.7021069,-0.56498647,-0.4498487,0.037683178,0.3850445,0.88705856,-0.32146835,-0.15975639,0.19315462,-0.68982077,-1.001118,0.021088615,0.4867552
P04002,0.008652806,-0.36303994,-0.032734536,0.11532512,0.5671436,0.39490366,-0.19885087,1.0052803,0.089575306,-0.6538494,0.12961286,0.053588994,-0.26276696,-0.50457656,-0.9725621,0.14287291,0.52924573,-0.37388802,0.42719382,-0.329737,0.18126543,-0.18021247,0.7754257,-0.17174342,0.49501196,-0.5577197,-0.04366424,-0.09173378,-0.8184274,-0.3213107,1.0044782,-0.06735832,0.12077204,-0.068813756,-0.5282947,-0.33811593,-0.35615346,0.38754633,0.107422344,-0.46097136,0.22371094,0.5104279,-0.035801806,-0.729305,-0.09452851,-0.39538038,0.20171943,-0.5494963,-0.47143206,-0.5935373,-0.5156715,0.3322449,0.480148,1.3225026,-0.41478226,-0.5451521,-0.8670426,0.5150195,0.94296813,0.30141544,0.68837833,0.8398705,-0.2518709,-0.92886275
P06733,-0.27530628,0.92582035,0.1295488,0.16363157,-0.5832722,0.020897765,0.048904926,-0.9283128,0.37040284,0.21811387,0.6231429,0.46306,-0.32870042,0.6417892,0.34234306,-0.5733185,-0.395038,0.23529756,-0.24389914,0.8473468,0.07328418,0.0057870615,0.028618807,-0.20526919,-0.113301516,0.37034515,-0.33128816,0.049630027,0.68211967,0.44673514,-0.54562104,0.38553074,-0.009667024,0.55511147,-0.071965106,-0.5465678,-0.66320723,0.5328973,0.29356506,0.36008838,-0.8397874,-0.58899665,0.045308307,0.31998226,0.15230861,-0.5072827,-0.42354098,0.61479145,0.5977227,-0.15528022,0.4426662,-0.33144045,-0.20061961,0.25431746,0.48208413,-0.009564508,0.97405374,-0.38812435,-0.0024684146,0.554435,-0.64247626,-0.7332586,-0.41637063,0.499866
P0ABB0,-0.14189476,0.99618375,0.23635755,0.17850192,-0.55486625,0.114964224,-0.12798625,-0.7444699,0.51837194,-0.12450246,0.79668206,0.21906582,-0.45011473,0.6245878,0.10382007,-0.58070135,0.01767806,-0.24874178,0.08781046,0.62281126,0.121040404,-0.1774698,0.40483463,-0.32371157,-0.060562823,0.3014684,-0.22922197,-0.16984534,0.4351846,0.12989041,-0.3543553,0.5936237,-0.13536805,0.3845113,-0.29629862,-0.5321648,-0.99738055,0.8156779,0.14604764,-0.08744314,-0.70806557,-0.44131866,-0.07760092,-0.059628986,-0.009499099,-0.7237937,-0.32419857,0.4400919,0.731744,-0.4170403,0.30677363,0.060867872,0.17810196,0.57657266,0.5739385,-0.29094222,0.56532246,-0.4863003,0.3455282,0.40909374,-0.5954474,-0.22958352,-0.8105669,0.20151685
P45973,-0.972018,-0.15756242,0.04251373,0.1378009,-0.20621328,-0.18447888,0.31368467,-0.7304421,-0.59144396,0.6968143,-0.113897085,0.008516714,0.45297575,0.09323447,1.2226741,1.0818644,-0.19809502,0.40567878,-0.6109525,0.2215783,-0.54323584,0.24374533,-0.71690416,-0.3436803,0.022115435,0.7601874,0.048129596,-0.6382379,0.4010753,0.12141806,-1.0179393,0.14918128,0.39486024,-0.34858596,0.7115973,-0.18332934,0.18318284,-0.49032453,0.019952916,0.22753435,0.4883365,-0.4874607,0.86183083,-0.19183818,0.44132414,0.2891876,0.34918892,0.28770044,0.79235697,0.14032336,0.34259078,-0.58187115,-0.533615,-0.9993572,0.18295012,0.6435144,0.34451398,-0.86489075,-0.13014632,-0.23999652,-0.94632506,-0.979727,-0.43120462,0.5239286
O15496,-0.5697404,-1.0359201,-0.3397946,0.09306898,0.25516576,-0.10193983,0.62874633,0.035565816,-0.86013496,0.83958024,-0.39482754,0.34916878,0.8066796,-0.35597757,0.8706319,0.98858535,-0.6994821,0.6600766,-0.88117194,0.066216245,-0.4022597,0.53194565,-0.98201966,-0.013270408,-0.1725265,0.054178715,-0.011723101,0.30994424,0.13448305,0.042949386,-0.26270655,-0.5639654,0.6266129,-0.0002590157,0.8061886,-0.0040510595,0.9316649,-1.111398,0.14113322,0.73127264,0.3373303,0.07955408,0.50138,0.29581267,0.5458251,0.7754809,0.47555986,0.14876014,-0.38888404,0.36078048,-0.04942131,-0.82878345,-0.7742088,-0.9979203,-0.5412295,0.5701671,0.38387918,0.13151264,-0.39365312,-0.16810036,-0.31876707,-0.71041155,0.5610073,0.4511377
P12272,-0.37785295,-1.0322899,-0.26078546,0.13112369,0.6730021,0.16012153,0.17686355,1.1085318,-0.46069735,-0.19055039,-0.2289869,-0.15530023,0.3764206,-0.7371751,-0.24701658,0.8945449,0.403057,-0.29405922,-0.07011504,-0.5732925,-0.14955305,0.0140964035,0.27308652,-0.042727157,0.4773666,-0.60705686,-0.040070668,0.023824211,-0.80300564,-0.4151066,0.6014341,-0.35994646,0.3894091,-0.3630387,-0.025666498,0.013195232,0.39101705,-0.42863306,0.05208239,-0.10994494,0.695743,0.5051311,0.15917826,-0.5316064,0.03272969,0.12886897,0.5623586,-0.5322092,-0.55766535,-0.103144675,-0.56602633,0.010555413,0.22017995,0.25955188,-0.5909549,-0.18359172,-0.6746231,0.44902563,0.40248537,-0.20647821,0.45825332,0.61959755,0.14365327,-0.76954997
P06704,-0.5295649,0.4896827,0.2552707,0.27322993,-0.2846847,0.019339789,-0.07208176,-0.5827519,0.09737232,0.039838262,0.42925167,-0.1280975,0.05677443,0.28140977,0.5671683,0.26772887,0.18515542,-0.3757929,0.0322375,0.13346234,-0.2717049,-0.108674645,0.19840528,-0.3552813,0.11160833,0.43107215,0.10625593,-0.75636184,0.16182876,-0.042634733,-0.7404291,0.49051955,0.12321397,-0.28499714,0.045122616,-0.268013,-0.6437639,0.33635646,0.049222067,-0.23932526,0.124392726,-0.31356746,0.28736043,-0.50566006,0.11961387,-0.43189108,0.031771414,0.3041697,0.9362052,-0.37362647,0.14690101,0.03464989,0.33049187,-0.026519418,0.47391132,-0.08925622,0.205444,-0.8081593,0.32842487,-0.19318956,-0.8415569,-0.16745195,-1.0153029,-0.0020448323
P00572,-0.054781735,0.7698279,-0.05764872,0.091230094,-0.32172742,0.2202205,-0.087690175,-0.12852342,0.6206224,-0.45324686,0.8001794,0.44480792,-0.7025752,0.35890886,-0.4811615,-0.82437265,-0.025020875,0.16388947,0.03288792,0.7711156,0.4294942,-0.14485274,0.7033046,-0.18379192,0.12086651,-0.1737627,-0.38895333,0.37374672,0.23571211,0.500995,0.54179984,0.400048,-0.05179789,0.9023212,-0.64321935,-0.672688,-0.7322079,1.03388,0.40176395,0.19746518,-0.9015513,-0.23252551,-0.22199321,0.0456807,-0.085910365,-0.96108395,-0.47889367,0.23907349,0.077030875,-0.26819628,0.16766983,0.06445727,-0.02275021,1.3339602,0.14238012,-0.45546517,0.454687,0.13818902,0.54757977,0.8398207,0.17028469,-0.069744185,-0.26793775,-0.16398706
P05141,-0.48844352,0.6493917,0.11374293,0.14105555,-0.48547384,-0.2327878,0.20055245,-1.1507317,0.064906955,0.5095915,0.34494364,0.24278317,-0.041306764,0.4918898,0.8869742,-0.029546916,-0.36956465,0.2728157,-0.43225694,0.5225669,-0.1641856,0.051827446,-0.26779625,-0.20544007,-0.16567713,0.6387125,-0.15586244,-0.34885418,0.6673899,0.37712926,-1.0335745,0.33054376,0.085144676,0.07505381,0.16603532,-0.2843227,-0.44316196,0.18548909,0.099293545,0.3352871,-0.25758794,-0.6741688,0.38724598,0.17495313,0.27644804,-0.138803,-0.23523936,0.63056517,0.89804333,0.072722,0.46868423,-0.3827614,-0.30961248,-0.50799656,0.6172525,0.33581167,0.9039248,-0.79968363,-0.2051672,0.1951695,-0.8883954,-0.9445462,-0.54135096,0.564565
Q8IWX8,-1.1510026,-0.28571132,-0.20309536,0.19765334,-0.005373623,0.024488881,0.35800683,-0.270111,-0.5867318,0.46671328,-0.16750266,0.19663219,0.62650996,-0.12670472,0.90224016,1.0756832,-0.14070022,0.5728011,-0.62057203,0.23489825,-0.5292705,0.33770582,-0.5038717,-0.35643157,0.19753596,0.41446444,-0.104386106,-0.51129884,0.11021514,0.16897173,-0.66348493,0.15405881,0.6166054,-0.2109756,0.76434636,-0.37310007,0.3438701,-0.5322435,0.20981133,0.10809049,0.43413156,-0.30751082,0.90287775,-0.42460752,0.5490498,0.12112628,0.3764568,0.16120857,0.44952145,0.09090309,0.24526352,-0.5436051,-0.5731515,-0.5765933,-0.16546239,0.49832588,0.08847288,-0.53589255,0.17386626,-0.05363643,-0.7777657,-0.90613973,-0.22506303,0.20877333
Q9EQQ9,-0.5029936,0.31619537,-0.29822555,0.10919599,-0.24140559,0.07869656,0.23286517,-0.24718948,0.2180279,-0.06097255,0.45095646,0.68596756,-0.14410524,0.19439179,-0.107946396,-0.43461883,-0.3916704,0.6736264,-0.46209934,0.8050907,0.17701806,0.18234634,0.21772161,0.01485382,0.17724103,-0.06498434,-0.53451234,0.35090187,0.27347475,0.70719546,0.20825739,0.13288468,0.35140076,0.7980063,-0.014549062,-0.5724817,-0.118935466,0.30110857,0.5221902,0.5526616,-0.7005104,-0.36152512,0.121433616,0.25711754,0.32023475,-0.60809946,-0.2990228,0.38189188,-0.019767705,-0.02127026,0.26144427,-0.5614408,-0.38760117,0.6691823,-0.085551575,-0.036011137,0.73115104,0.21772107,0.21446386,0.63831735,-0.093233995,-0.6727381,0.15234493,0.096281745
Q13825,-0.50404334,0.26614904,-0.124017194,0.13497867,-0.29832956,-0.118676834,0.38035133,-0.6758036,-0.08333817,0.4745628,0.3067509,0.50581384,0.079849206,0.27351362,0.5721902,-0.08298226,-0.6006775,0.54607165,-0.62360144,0.6810446,-0.06188695,0.26979056,-0.3623597,-0.0070899874,-0.08808914,0.22469896,-0.34891433,0.22407514,0.49122718,0.50375956,-0.45609018,-0.017048601,0.2670044,0.4837654,0.2747898,-0.24869516,0.06363127,-0.07146314,0.29899198,0.73617214,-0.50917774,-0.48068377,0.18133834,0.42391145,0.3060725,-0.056458816,-0.17363635,0.5228467,0.2463939,0.20221582,0.32303292,-0.6726839,-0.56188697,-0.25553566,0.068703875,0.2767128,1.0065297,-0.16029534,-0.27209604,0.36468858,-0.56901234,-0.9182773,0.11677416,0.55732876
P04406,-0.23344183,1.1159235,0.19672078,0.1341454,-0.6799511,0.12835793,-0.12014322,-0.93228084,0.5083166,0.047083184,0.7644909,0.4448811,-0.44309837,0.6808244,0.23929763,-0.632895,-0.21112847,0.16643429,-0.11306458,0.889305,0.12162861,-0.08267955,0.18439974,-0.36310607,-0.11278537,0.42210975,-0.32431984,-0.024480242,0.6543174,0.3673101,-0.492561,0.58259606,-0.14402634,0.5792876,-0.15017596,-0.6717181,-0.92015445,0.75431454,0.2688487,0.099392444,-0.97401136,-0.601562,0.065892644,0.20699331,0.047474094,-0.70261383,-0.4277245,0.5547028,0.74921185,-0.27068996,0.4729782,-0.16126923,-0.12189476,0.54163617,0.5268428,-0.12060695,0.7781221,-0.49067944,0.23190501,0.63750863,-0.623696,-0.6162356,-0.5978609,0.43496683
Q9UHD9,-0.92587626,-0.54897875,0.0035616,0.108028,-0.08930616,-0.1369995,0.3564494,-0.43541622,-0.76217014,0.7569057,-0.32767838,-0.013780817,0.6501491,-0.1351468,1.1969191,1.3667412,-0.21793786,0.3198478,-0.61748683,-0.0074990056,-0.61100554,0.297933,-0.87834513,-0.3841455,0.009278003,0.6789241,0.12834837,-0.60714436,0.17965433,-0.10170299,-0.943941,-0.016744584,0.5131016,-0.5051248,0.8796638,-0.06326424,0.41256464,-0.80905914,-0.034048684,0.15799698,0.68615717,-0.2439069,0.9382154,-0.23088574,0.43739262,0.5484163,0.5795438,0.14612015,0.61074144,0.11988391,0.15057406,-0.56817085,-0.5494997,-1.1741533,-0.026139546,0.6705768,0.0692785,-0.7100484,-0.14110994,-0.39585745,-0.89220345,-0.8051484,-0.3235352,0.4471887
P21570,-0.3633528,-1.0679466,-0.07092349,0.14751536,0.447173,-0.17440951,0.3432671,0.33418053,-0.7678416,0.41664258,-0.540171,-0.20926449,0.7693588,-0.55269593,0.53642786,1.1892589,-0.10492031,-0.20469531,-0.3587255,-0.66444635,-0.54892135,0.1560083,-0.49147445,-0.05021047,0.02467708,-0.06963892,0.24138932,-0.3303623,-0.36812377,-0.5472168,-0.33534214,-0.36727273,0.51569206,-0.7254884,0.45965996,0.32244012,0.569579,-0.91677207,-0.04851494,0.06817303,1.0122793,0.3279052,0.38386127,-0.31798708,0.31347516,0.6503217,0.6260564,-0.18538612,-0.09205395,0.05081331,-0.38674948,-0.243445,0.048421245,-0.9445658,-0.2827827,0.27534592,-0.3697784,-0.11963801,-0.13879216,-0.7191476,-0.24846716,0.12467408,-0.06408989,-0.12952594
P43274,-1.002904,-0.31573722,0.12652923,0.12533781,-0.19571225,-0.08636026,0.16633184,-0.5312514,-0.6559043,0.62073684,-0.210577,-0.115274996,0.52073956,-0.16220677,1.1685665,1.4116303,-0.1544036,0.09425842,-0.51632965,0.0008248426,-0.5882576,0.19026928,-0.7509647,-0.5166025,0.091879696,0.83110857,0.15929084,-0.72854483,0.07401958,-0.11369339,-1.0324754,0.046349112,0.35616848,-0.66613215,0.75162536,-0.0052326396,0.223187,-0.61856556,-0.03720405,0.037558295,0.68038934,-0.24183552,0.95498323,-0.39836395,0.1767143,0.3750158,0.558239,0.08236832,0.9199631,0.09634481,0.096750304,-0.5089049,-0.41096374,-0.99162745,0.04623532,0.6282914,-0.050555438,-0.88115275,-0.012251005,-0.36468008,-0.9596259,-0.6664727,-0.5444925,0.3339768
O75822,-1.0252322,0.14648136,-0.038324192,0.16895223,-0.2758232,-0.13538335,0.31683534,-0.72191316,-0.36246657,0.5411846,0.08283521,0.22926667,0.36761063,0.21761465,0.98146826,0.66295785,-0.19433188,0.532524,-0.59587634,0.4439613,-0.4483211,0.25854844,-0.45879027,-0.24807818,0.07232291,0.5719526,-0.15317142,-0.5193778,0.44479308,0.3073727,-0.8892463,0.27660462,0.41909474,-0.062103722,0.5896026,-0.34841174,0.056950167,-0.23366836,0.18651028,0.22610968,0.146927,-0.6061395,0.73131484,-0.1833258,0.45631066,-0.04004088,0.10879742,0.40661645,0.72849023,0.116710514,0.40758905,-0.5787119,-0.50948757,-0.58945334,0.1488457,0.48997343,0.5175769,-0.7404066,-0.0097910315,0.03221251,-0.9274129,-1.0872945,-0.4024812,0.41673663
O15212,-0.8524164,0.38436422,0.07356802,0.2407651,-0.32546195,-0.110719785,0.17138796,-0.7870899,-0.14325577,0.3174268,0.27793592,0.13807243,0.22023869,0.32411212,0.8661355,0.41880995,-0.08285903,0.2084794,-0.3473547,0.37543517,-0.3655641,0.1460814,-0.17412375,-0.28977454,0.0900593,0.56260455,-0.06440981,-0.67048,0.378235,0.26459438,-0.90654564,0.41733438,0.32258043,-0.15064307,0.3606436,-0.34201223,-0.30281413,0.033493638,0.13127144,0.07473801,0.10400369,-0.5705797,0.553291,-0.32391158,0.37045804,-0.24760398,0.03461302,0.4699083,0.8905944,-0.070172325,0.34811416,-0.366391,-0.17796995,-0.3807004,0.37636408,0.28028148,0.51523745,-0.8127057,0.13569283,-0.036404133,-0.98302615,-0.81754637,-0.6895792,0.28623933
A6XH05,0.18155172,0.17109266,-0.37375963,0.07478611,-0.018524509,-0.055082377,0.2829847,-0.097957104,0.30713543,-0.20887539,0.5331456,0.58516455,-0.4158802,0.2084342,-0.5105742,-0.845769,-0.40640333,0.39139122,-0.23799735,0.55901563,0.4856888,0.118057,0.36008048,0.24498218,-0.00013220683,-0.42207977,-0.3982516,0.7228321,0.30924815,0.5493824,0.70474154,-0.0054891156,0.14553565,0.8620388,-0.4555762,-0.39442292,-0.2215762,0.45251176,0.34838945,0.6539144,-0.7858591,0.015726719,-0.35099465,0.49983704,0.30686805,-0.46548998,-0.32607192,0.26160666,-0.5885442,-0.08714241,0.028794229,-0.24914265,-0.23895904,0.873089,0.03711841,-0.33213773,0.7507529,0.6665391,0.08269076,0.61295897,0.37017804,-0.15565398,0.36288548,0.025786115
P08572,-0.9726577,-0.5923322,-0.10055876,0.14118616,0.12365706,0.02404223,0.23672588,-0.013547836,-0.7550655,0.47332716,-0.40017396,-0.037737176,0.7351612,-0.46615675,0.9174039,1.4596069,-0.03469193,0.29787835,-0.49191737,-0.15594256,-0.6290164,0.21112686,-0.64701164,-0.45776504,0.20255172,0.3955082,0.10539889,-0.5551748,-0.26468313,-0.19288637,-0.69321775,-0.059864547,0.50941694,-0.57719237,0.78491443,-0.09137829,0.4484288,-0.7484941,0.05641757,-0.013113692,0.7411169,-0.003398534,0.9760486,-0.507123,0.29989052,0.44923294,0.62476456,-0.10002635,0.4632988,0.10687782,-0.045217186,-0.40871856,-0.45052162,-0.80640984,-0.27258644,0.51394325,-0.34720027,-0.54513717,0.12467462,-0.29047626,-0.6717011,-0.4856725,-0.23289321,0.053909533
Q14160,-0.5872551,-0.30669257,-0.113559544,0.053216778,-0.20855735,-0.25234506,0.4704537,-0.60681224,-0.55273134,0.8444317,-0.08999546,0.25363263,0.5279264,0.1397196,1.0663387,0.66027147,-0.53826743,0.517856,-0.8052788,0.31956196,-0.39318073,0.30219334,-0.8251953,-0.072089344,-0.25655678,0.42309955,-0.12582774,-0.0012494065,0.48833326,0.1322044,-0.72336435,-0.11494222,0.36389464,0.049304683,0.6513823,-0.0658469,0.43838346,-0.5740987,0.12618142,0.63628614,0.020134425,-0.37660483,0.4531092,0.31799757,0.41044238,0.42023182,0.21033454,0.4626084,0.3173541,0.3454705,0.27778018,-0.70572716,-0.71878654,-1.0943551,0.00612061,0.59629536,0.7346884,-0.43790478,-0.38714677,-0.13808793,-0.7248641,-0.9489776,0.07377009,0.6405458
A7IZE9,0.22460505,-0.6929145,-0.124493316,0.122368574,0.65654516,0.33616686,-0.13248354,1.1211917,-0.059179906,-0.49146613,-0.0006996691,-0.12062448,-0.06946437,-0.57133883,-0.8221277,0.27884787,0.47055387,-0.7071541,0.33562663,-0.6075017,0.14301972,-0.24238057,0.6733949,-0.05452871,0.34789175,-0.69515336,0.13011523,0.12525696,-0.87534904,-0.55976146,0.91558254,-0.26853076,0.13063675,-0.1890923,-0.5250962,-0.087464504,-0.123180695,0.04239613,-0.053838022,-0.2982429,0.3633582,0.7284317,-0.26313925,-0.5062765,-0.16773239,-0.05363557,0.321695,-0.5415847,-0.6397568,-0.5011464,-0.68846774,0.4072576,0.5298871,0.8209882,-0.4090471,-0.53154576,-0.7339519,0.6138276,0.6059494,-0.026291877,0.6960205,1.060408,-0.05935143,-0.79023
P20290,-0.9587071,-0.09899272,0.06256516,0.16179681,-0.20821084,-0.16335014,0.29891646,-0.7469656,-0.5003629,0.67513824,-0.050515726,0.010542303,0.42521968,0.095855676,1.2415358,1.0481498,-0.21547177,0.3335787,-0.5962882,0.2003506,-0.4919206,0.22634262,-0.68746614,-0.3777307,0.033259418,0.7718687,0.067131385,-0.6578266,0.38634562,0.14944172,-1.0886819,0.1370739,0.33783287,-0.35809025,0.64552903,-0.1973601,0.12636426,-0.45901898,-0.023730434,0.21444294,0.47918683,-0.48216388,0.84714925,-0.19600162,0.3987297,0.28304064,0.334109,0.29999232,0.8264476,0.11140923,0.3513593,-0.5402409,-0.47771958,-0.9668685,0.21780528,0.62251985,0.3956787,-0.8913236,-0.133342,-0.21238998,-0.9570336,-0.95030886,-0.45289138,0.5297008
C4M4P4,-0.42582065,0.88073146,0.18940869,0.2022839,-0.464147,0.17068803,-0.21444619,-0.43306834,0.44367877,-0.4134651,0.6926705,0.010975152,-0.32171416,0.36418274,0.057889864,-0.19422649,0.43836075,-0.23287609,0.27381065,0.4181624,0.017485961,-0.2321536,0.597368,-0.5408248,0.20846777,0.2252517,-0.13068473,-0.51864797,0.061950367,0.06535579,-0.21854171,0.78902537,-0.040622182,0.1554045,-0.22607619,-0.52908075,-0.96031207,0.9143154,0.20514503,-0.4009292,-0.38946635,-0.36795115,0.2199751,-0.53460807,-0.060353708,-0.9022343,-0.114538066,0.1957801,0.87696016,-0.44109815,0.18496218,0.23737115,0.27528438,0.791464,0.4426708,-0.36491972,0.023626551,-0.60288846,0.68742454,0.29795226,-0.5477379,-0.038266912,-1.0050559,-0.22103739
P08118,-0.43597004,-0.7609887,0.06256232,0.14259075,0.36520576,-0.03566865,0.10695118,0.3706779,-0.64741063,0.22214994,-0.37000418,-0.30558965,0.61261135,-0.52738386,0.39966682,1.2344149,0.26297864,-0.37848696,-0.12455405,-0.5972012,-0.5636282,-0.0610445,-0.20605406,-0.23684718,0.13084665,-0.00050607324,0.23156933,-0.49254456,-0.5051917,-0.6737909,-0.2856632,-0.11691914,0.3401174,-0.78934073,0.28504536,0.17346656,0.23815152,-0.57047707,-0.05834367,-0.2480843,0.882961,0.27960578,0.43373102,-0.6367581,0.050792325,0.3916967,0.61059445,-0.29145372,0.19288285,-0.07038899,-0.38855907,-0.0011103377,0.1950269,-0.58537257,-0.28120384,0.15780401,-0.64841676,-0.33823186,0.2300516,-0.6121177,-0.29319662,0.31604245,-0.38673916,-0.32666588
P0C5Z0,-0.66711795,-0.5899601,0.1550497,0.10956395,0.09020686,0.0015413007,0.047323197,-0.05840057,-0.7382491,0.53766555,-0.38969243,-0.24075541,0.6513661,-0.4394013,0.84137857,1.5380344,0.090786345,-0.22244647,-0.3132636,-0.3906212,-0.72489625,0.028328577,-0.5862863,-0.40493014,0.14522026,0.34512928,0.20379134,-0.61218935,-0.4576438,-0.56047297,-0.85448015,-0.16294178,0.30677226,-0.87060606,0.5722164,0.21439034,0.2747496,-0.7755905,-0.04304277,-0.15404034,0.8292897,0.10088366,0.7101778,-0.5210833,-0.02050751,0.5909742,0.6540457,-0.20754756,0.64962846,0.06830014,-0.19535527,-0.25181156,-0.07351856,-0.9590297,-0.2375334,0.4897115,-0.43341815,-0.6265812,0.015640803,-0.54568696,-0.6896808,-0.07165171,-0.45107305,0.07598902
P0CJ48,-0.5077777,0.60757136,0.13127103,0.16964366,-0.43223843,-0.17210966,0.1725077,-1.0124712,0.062074076,0.40862104,0.36392367,0.21678752,-0.0042170435,0.4366752,0.79430497,-0.018180102,-0.29082656,0.20409784,-0.37955207,0.5031766,-0.14779307,0.0830552,-0.20318523,-0.22563076,-0.11161874,0.56951547,-0.11744061,-0.36473468,0.5566537,0.32961637,-0.8983635,0.332914,0.12808946,0.07212372,0.15970838,-0.27924496,-0.42023897,0.1974932,0.11968871,0.2847831,-0.24150793,-0.5952708,0.37335777,0.06935013,0.28476486,-0.18476684,-0.16741109,0.5743415,0.82788044,0.002344206,0.40335378,-0.36385787,-0.26001075,-0.36902833,0.53553456,0.2470977,0.7846694,-0.71982676,-0.11451379,0.15341365,-0.8501824,-0.8429588,-0.5523369,0.45569757
P46777,-0.63199556,0.48838857,0.2474896,0.21130112,-0.3532647,-0.16916102,0.07263898,-1.0081398,-0.05497918,0.42041785,0.30925876,-0.045569718,0.09883326,0.37415376,1.038444,0.39062166,-0.15127186,1.193583e-05,-0.29045096,0.19867657,-0.35130364,0.041684546,-0.2184923,-0.35844195,0.007138584,0.758517,0.090419844,-0.8288322,0.436543,0.22450113,-1.135219,0.38718182,0.1381939,-0.31514692,0.22809759,-0.19334692,-0.461087,0.10895488,-0.037615575,0.06045036,0.23690584,-0.5975528,0.5138505,-0.24700198,0.2357646,-0.14890102,-0.0181287,0.49409884,1.1436316,-0.057601005,0.3410209,-0.2658687,-0.037982706,-0.58728313,0.6051066,0.3295404,0.53148973,-1.0645143,0.0045566782,-0.16871858,-1.0249143,-0.71211004,-0.87127453,0.3903365
P07017,-0.15560697,0.628064,-0.019470036,0.13150367,-0.40082026,-0.0012321072,0.18635191,-0.7208883,0.293296,0.2516634,0.5312116,0.56087756,-0.30940166,0.48600772,0.22501567,-0.6627179,-0.5751749,0.3738298,-0.36779857,0.7906395,0.1944501,0.12849501,-0.029353237,-0.04098952,-0.07203938,0.13985285,-0.36765915,0.32874694,0.56046724,0.5706648,-0.25266883,0.11691687,0.09006226,0.7009893,-0.09793917,-0.3760358,-0.32136565,0.35133073,0.3348747,0.6761551,-0.8044703,-0.47221884,-0.07484918,0.5346357,0.20954353,-0.33722395,-0.39535978,0.54859525,0.20434546,0.0005244706,0.3379457,-0.4621402,-0.3553876,0.23597842,0.28571883,0.021575503,1.0937064,-0.033985324,-0.17877007,0.59621173,-0.3867364,-0.72408533,-0.001245752,0.5008255
Q8X1T3,-0.18632814,0.78868324,0.0902037,0.17695989,-0.48422,0.07129868,0.05022136,-0.68309,0.4009315,0.05609396,0.6681993,0.4637656,-0.38932675,0.5827056,0.09895891,-0.64732975,-0.32219175,0.118459366,-0.17454241,0.78051996,0.17311564,0.00012510084,0.20636897,-0.14963444,-0.06397253,0.1734789,-0.33043176,0.1631591,0.5477485,0.41294485,-0.22526911,0.33910516,0.036565572,0.6358401,-0.2343868,-0.53707635,-0.6357482,0.5886911,0.3003027,0.35654178,-0.8013268,-0.4553267,-0.09159193,0.2527956,0.13283163,-0.57714075,-0.40559176,0.51195407,0.37946177,-0.22232269,0.33423805,-0.2503867,-0.10165978,0.50025105,0.3809075,-0.15547827,0.86993927,-0.17998199,0.0929563,0.5312988,-0.43586135,-0.5073855,-0.35909706,0.33557528
E6IYJ0,0.19642028,0.6281695,-0.026485197,0.09266965,-0.1886373,0.11837044,-0.01697509,-0.10368058,0.57064587,-0.36938164,0.7739996,0.4046289,-0.70117193,0.38354543,-0.55481076,-0.9590921,-0.113601476,-0.004884202,0.035268426,0.62696016,0.47932303,-0.118849844,0.653342,0.007219836,0.0487363,-0.2993368,-0.31845927,0.53031856,0.26973528,0.3894403,0.6587155,0.24158041,-0.13692367,0.8428279,-0.72948885,-0.49864653,-0.6583291,0.9049277,0.30086845,0.31805378,-0.85633326,-0.09608005,-0.42872626,0.18836364,-0.027041417,-0.7790564,-0.44137564,0.21208274,-0.1815999,-0.25732535,0.044734687,0.07310268,0.07397157,1.1980574,0.17184974,-0.51123387,0.5657551,0.33000052,0.3326773,0.72029394,0.2720254,0.041771606,-0.13588196,-0.10603389
Q80VW7,-0.7813139,-0.66476816,-0.60370445,0.14484951,0.25927007,0.13013364,0.53144604,0.4074829,-0.38233903,0.13828672,-0.023667835,0.6318916,0.3988491,-0.39496088,0.048638545,0.4262578,-0.34498408,0.83636963,-0.7129354,0.4779557,-0.021515086,0.37807295,-0.15322399,0.019596666,0.28962538,-0.34007764,-0.49856055,0.55381393,-0.1355582,0.42348367,0.4154353,-0.19615975,0.57168776,0.5564323,0.36868504,-0.45771128,0.62318885,-0.5039715,0.44198576,0.584537,-0.116170235,-0.032984342,0.4204747,0.082510576,0.4594931,-0.00216721,0.21841589,-0.029045923,-0.5550732,0.21666598,0.03521885,-0.6729993,-0.64617825,0.19125731,-0.6755185,0.18593019,0.35174912,0.5105085,0.1731483,0.40694302,0.11194299,-0.6128751,0.65900666,0.051074088
P0DMC5,0.25111195,0.123405285,-0.34811583,0.06598839,-0.014884997,-0.13554896,0.40362325,-0.26318356,0.24322127,0.12106634,0.4411394,0.596862,-0.33310878,0.27169925,-0.21560603,-0.87491554,-0.6438191,0.36393878,-0.41614097,0.46273515,0.4608475,0.20491275,0.12334538,0.29257846,-0.08675425,-0.4018748,-0.39396918,0.7287351,0.41812074,0.56679636,0.38894817,-0.16892481,0.16452037,0.7987739,-0.35700902,-0.19483727,-0.040816262,0.20054416,0.25332698,0.87877345,-0.71320647,-0.096491486,-0.42377764,0.78016704,0.3419359,-0.18879333,-0.3300471,0.40046725,-0.5633159,0.062492833,0.068658814,-0.38127208,-0.33021387,0.36408734,0.12083672,-0.17385432,1.0802529,0.59730303,-0.26488066,0.52127194,0.16985695,-0.36884734,0.50513023,0.33023584
A8AUR6,-0.07213843,0.998754,0.19935039,0.13579185,-0.5522954,0.17765504,-0.13342306,-0.62043923,0.5863792,-0.17178601,0.86015713,0.35449636,-0.58755887,0.6280605,-0.07165524,-0.73740476,-0.060097344,-0.12165224,0.0325246,0.776642,0.24662773,-0.16453129,0.4405267,-0.27100086,-0.06155907,0.17864361,-0.31080073,0.10422094,0.46677357,0.2619465,-0.10419956,0.52224547,-0.17386815,0.6471414,-0.42281097,-0.600608,-0.9301014,0.8856062,0.22912142,0.061195776,-0.9143796,-0.42895684,-0.17924672,0.08670229,-0.065891534,-0.7776713,-0.40896782,0.41082865,0.5105804,-0.36127275,0.30980393,0.042568523,0.06771357,0.8273837,0.4296358,-0.32694134,0.6461824,-0.2684946,0.33387572,0.6036649,-0.38977188,-0.24282318,-0.59079,0.20813493
O95980,-0.45235303,-0.9440661,-0.24552242,0.12867884,0.24372493,-0.17329735,0.5201539,0.0051645874,-0.77277726,0.6773266,-0.37252837,0.1494601,0.730542,-0.26434332,0.71811366,0.9076515,-0.51548946,0.29925397,-0.6722942,-0.1493642,-0.43963444,0.319424,-0.7064109,0.06695253,-0.15447481,0.099309504,0.036740102,0.023573918,0.100150466,-0.09538883,-0.32692114,-0.40359142,0.59041727,-0.18163833,0.6307148,0.07592511,0.6877616,-0.9181767,0.07352469,0.5513416,0.48527113,0.059948523,0.32595924,0.124722816,0.4959363,0.61912936,0.38659614,0.17341442,-0.2094302,0.18750189,-0.089991115,-0.59666187,-0.43084458,-1.006029,-0.28844193,0.43875274,0.2701822,-0.046366356,-0.2776263,-0.43828928,-0.37373912,-0.45497745,0.25335723,0.30401462
Q9NR28,-0.01169157,-0.4308697,-0.23635025,0.14280932,0.5145789,0.34440953,-0.083931774,1.0450593,-0.0040412396,-0.52359825,0.17672771,0.13019413,-0.1757245,-0.44549605,-0.8774782,0.107828975,0.3760214,-0.29207534,0.24895313,-0.21162458,0.14383022,-0.18397492,0.6895129,0.010115311,0.44419253,-0.6869637,-0.15556097,0.18608205,-0.65655357,-0.24315134,0.9890584,-0.11401333,0.1759713,0.13938282,-0.48379877,-0.38396916,-0.17037326,0.25868168,0.19994983,-0.16454041,0.03612332,0.4837629,-0.24231225,-0.49127078,-0.13184203,-0.35233337,0.13196471,-0.4036407,-0.61159974,-0.4463138,-0.4947494,0.2349475,0.39278832,1.1313871,-0.49562845,-0.5536373,-0.4935863,0.5927341,0.79265726,0.26565132,0.6288012,0.7723492,-0.025260925,-0.77269524
H2F490,-0.045434587,0.11606819,-0.123192936,0.1165937,-0.09765437,-0.03249376,0.18004553,-0.14018637,0.10057415,-0.014779404,0.42662537,0.34328598,-0.20105425,0.16254073,-0.10940257,-0.34259927,-0.25228944,0.055858664,-0.21509846,0.37639886,0.1629607,0.039924376,0.2099148,0.07313971,-0.008979589,-0.14404672,-0.24520712,0.35515493,0.19395044,0.22751018,0.23996487,0.023814835,0.13946195,0.4581219,-0.23585808,-0.27168325,-0.23114434,0.24046406,0.22477585,0.4657779,-0.47416112,-0.05285329,-0.20513454,0.20237273,0.15886244,-0.28690434,-0.16705522,0.24438113,-0.1374629,-0.09941013,-0.018763632,-0.2244195,-0.063463405,0.43269384,0.04017779,-0.2123749,0.5517965,0.209748,0.09399567,0.26985413,-0.03769152,-0.12833595,-0.014653176,0.03930965
Q14457,-0.6177397,0.19350663,-0.1935272,0.18194738,-0.22965793,-0.09711707,0.39303955,-0.51801753,-0.10155225,0.39985585,0.27540237,0.5883826,0.09313241,0.28500795,0.42969856,-0.14314571,-0.49899566,0.58124185,-0.5869622,0.6890091,-0.085833386,0.26489285,-0.15095738,0.090132445,0.014641758,0.10289833,-0.45423162,0.14058003,0.4417004,0.5618851,-0.3552942,0.03094792,0.44010466,0.4847981,0.23361579,-0.33704326,0.027602665,-0.07247548,0.35848048,0.68412143,-0.4756923,-0.5363813,0.1265616,0.30553782,0.3769475,-0.20436874,-0.23956347,0.5725612,0.1944095,0.116534755,0.31288236,-0.6918779,-0.4597758,-0.112584546,0.03810175,0.22568697,0.99824166,-0.08796207,-0.10277481,0.34778523,-0.54876333,-0.8817917,0.09544712,0.40785456
E6KMA1,0.20145488,0.8063219,0.08482081,0.08715215,-0.20346837,0.19268012,-0.1718561,-0.019138915,0.6797184,-0.51123863,0.85386086,0.2644536,-0.82658964,0.3681366,-0.64121175,-0.9423439,0.115892865,-0.22646451,0.19652766,0.55892444,0.4621119,-0.29635984,0.8595669,-0.07807522,0.13506278,-0.29671937,-0.30631483,0.40149015,0.12767237,0.25278187,0.6530057,0.3596266,-0.28949866,0.76153344,-0.87111086,-0.49891937,-0.84834886,1.1268113,0.26189446,0.11904121,-0.85728174,-0.12584825,-0.48092794,-0.0074599907,-0.24265194,-0.9045558,-0.46916643,0.1276094,0.0075033074,-0.33297747,0.013524175,0.28067645,0.24365807,1.3410573,0.2121519,-0.6026758,0.39581555,0.17180486,0.5001619,0.7408673,0.23213495,0.23719981,-0.3418909,-0.25042066
P0AFR2,-0.03812492,0.57903445,0.0039567985,0.15555425,-0.34314018,-0.01455639,0.17524278,-0.6398159,0.3049937,0.18449262,0.5647649,0.49431708,-0.34768796,0.4810559,0.12743331,-0.6961402,-0.51398796,0.19459352,-0.28948274,0.69237006,0.23113312,0.08578404,0.07175117,-0.0054183155,-0.10282645,0.06632316,-0.29694182,0.35177657,0.5367851,0.46185756,-0.14316532,0.117349975,0.06473026,0.6589359,-0.23302975,-0.34918743,-0.38563263,0.38966665,0.26920298,0.614607,-0.7420295,-0.36432114,-0.18754649,0.473912,0.19897713,-0.34042805,-0.37780654,0.507527,0.12391954,-0.078618065,0.2634419,-0.34899497,-0.21964508,0.29914737,0.31440118,-0.0876113,1.0296949,0.012026012,-0.14189631,0.5019603,-0.31528318,-0.5312518,-0.0657603,0.42793775
Q15797,-0.80650175,0.105308436,-0.028837398,0.11590356,-0.31217936,-0.22656,0.3490571,-0.7942263,-0.36922625,0.66862595,0.07208462,0.25128984,0.3231157,0.27299535,1.0314577,0.5378897,-0.30766404,0.5201661,-0.6471911,0.43692523,-0.41130686,0.22124912,-0.5234367,-0.14993115,-0.078933716,0.5461974,-0.17139128,-0.3637608,0.5136486,0.29541874,-0.90693,0.15460603,0.3642674,-0.004118312,0.51892364,-0.25293663,0.07581785,-0.25193635,0.15227748,0.39440292,0.053995214,-0.62091845,0.571305,0.040692545,0.41129202,0.08178501,0.03326144,0.51630896,0.68655145,0.20053117,0.41486594,-0.6002334,-0.53489804,-0.7787454,0.2409339,0.5304927,0.7295299,-0.70242196,-0.16144776,-0.0012407154,-0.87733984,-1.0387973,-0.29840815,0.53949386
Q92731,-0.8773273,-0.100882314,-0.22581634,0.15351999,-0.16016674,-0.12797037,0.47125825,-0.50233996,-0.45580086,0.6628465,0.045976102,0.45075813,0.41702485,0.15661961,0.784762,0.45971727,-0.48313418,0.71567094,-0.7783339,0.55495703,-0.3653801,0.34159005,-0.53467923,0.0019650161,-0.028258804,0.26980597,-0.36515582,-0.015589271,0.43260312,0.39777055,-0.57501304,-0.028064098,0.51029754,0.2663947,0.5765236,-0.30637866,0.3498308,-0.39870676,0.31064352,0.61075974,-0.13473092,-0.52954125,0.4232584,0.17727354,0.45065594,0.084307864,0.00263948,0.4832249,0.29800987,0.2443706,0.328012,-0.785723,-0.67182314,-0.57390356,-0.12543207,0.48865163,0.79802084,-0.30586076,-0.15476036,0.15608153,-0.7010721,-1.0622483,0.10676631,0.5237625
Q00610,-0.4851567,0.4229288,0.001557014,0.15901592,-0.39556688,-0.21669105,0.30673915,-0.8718919,-0.0492691,0.50458395,0.2885251,0.3703851,0.048145175,0.42619288,0.727223,-0.067915544,-0.44279206,0.34905714,-0.49738726,0.54899114,-0.16570535,0.12101361,-0.260364,-0.04797224,-0.14767271,0.39773563,-0.25656348,-0.14767723,0.5891339,0.38940117,-0.7654172,0.19668469,0.27089828,0.22836635,0.1912767,-0.26435184,-0.21419923,0.05514443,0.20911643,0.50224113,-0.3149911,-0.60789764,0.22497374,0.21537197,0.31770453,-0.12613606,-0.22710168,0.6488872,0.5850322,0.10222064,0.38868734,-0.47719046,-0.36603147,-0.4559579,0.4015977,0.29267824,0.9664552,-0.5264624,-0.18557024,0.17402889,-0.7780695,-0.86974937,-0.28818953,0.49003607
O95998,-0.5835519,-1.2164246,-0.43017223,0.122507334,0.45796326,-0.059150983,0.6252921,0.40196487,-0.88544136,0.63393337,-0.46829003,0.2966775,0.7964149,-0.6409496,0.6668098,1.1246636,-0.5647825,0.6612718,-0.79378384,-0.102260664,-0.37359428,0.49479508,-0.7975719,-0.032523334,0.006881252,-0.20179832,0.024333954,0.3635518,-0.17758134,0.049458727,-0.005981054,-0.6481473,0.65631074,-0.04076417,0.6885567,-0.02457127,0.98786193,-1.1333236,0.16320193,0.6566825,0.53514314,0.26902243,0.56090754,0.116585635,0.5150546,0.74313897,0.5143699,-0.09365787,-0.6067929,0.34071672,-0.22168083,-0.703428,-0.66113293,-0.72221905,-0.71393454,0.43395814,0.08351457,0.3256002,-0.25396296,-0.14378166,-0.04361953,-0.45102867,0.6561806,0.16410626
O96018,-0.76465094,-0.4499575,-0.35032448,0.14680515,0.027827952,-0.102843136,0.5849422,-0.27442548,-0.54487926,0.6632602,-0.068257794,0.51769555,0.5088617,-0.026982926,0.68203604,0.5007923,-0.63462853,0.7617626,-0.8625334,0.47977096,-0.27668428,0.44176114,-0.6029256,0.07518944,-0.059400644,0.10358077,-0.3501919,0.24176027,0.31385592,0.38833016,-0.31847933,-0.24528256,0.58617336,0.34666905,0.606098,-0.21721834,0.59497243,-0.6220296,0.3030356,0.7606315,-0.09848425,-0.31561342,0.3471796,0.30002502,0.50826,0.29033488,0.09925938,0.38675073,-0.064430006,0.30414003,0.2128225,-0.86066747,-0.7468252,-0.60102564,-0.33739048,0.49529243,0.76482683,-0.016082987,-0.22819474,0.13469908,-0.48215467,-0.9783892,0.39664719,0.525142
Q96L73,-0.8118403,-0.1428948,-0.42605397,0.15052359,-0.031710315,0.040657412,0.42619854,-0.07830115,-0.21708508,0.20452216,0.18835093,0.66379285,0.24633694,-0.035354175,0.16800243,0.11597896,-0.3983091,0.79118264,-0.69043976,0.6618032,-0.08497982,0.33752704,-0.06895687,0.04659623,0.20030718,-0.08788712,-0.52781445,0.31620094,0.15792052,0.5827884,0.071072,-0.02021334,0.53777623,0.56639177,0.34280863,-0.46845847,0.2901294,-0.23434088,0.46692994,0.5841328,-0.3564557,-0.32857704,0.2958436,0.14611766,0.45189008,-0.2543615,-0.049394377,0.29572585,-0.11791381,0.13869251,0.20677608,-0.74282485,-0.5422513,0.18829755,-0.36555994,0.19001171,0.6530352,0.20915373,0.1379723,0.42629665,-0.25292623,-0.82883817,0.3316509,0.20738804
P05090,-0.53343236,-0.13025978,-0.11969079,0.14689134,-0.14390211,-0.18333007,0.39980128,-0.52735007,-0.3773593,0.53313416,0.07706879,0.22851305,0.3675941,0.10695357,0.7693832,0.4491555,-0.44505185,0.3267346,-0.6175756,0.2923579,-0.27774853,0.23328161,-0.5070676,-0.06633648,-0.14472447,0.32796958,-0.09638982,-0.03957929,0.3779626,0.18589878,-0.5581533,-0.058147404,0.36140135,0.08096729,0.45553055,-0.11158866,0.18204403,-0.35793915,0.1271343,0.5371394,-0.003161152,-0.29550064,0.3004542,0.16924933,0.36101785,0.19544189,0.10197143,0.40820125,0.29021695,0.16246994,0.19911179,-0.5747396,-0.4482393,-0.6746143,0.039049786,0.35429403,0.62497056,-0.3545562,-0.20965132,-0.07093045,-0.64031684,-0.71725607,-0.06328584,0.4444977
O15371,-0.7527331,0.14509168,0.020234928,0.1236833,-0.3259451,-0.23721988,0.31315142,-0.83347017,-0.32276192,0.6265198,0.095991775,0.19992068,0.28679818,0.28975156,1.0526114,0.52920085,-0.2704967,0.41159487,-0.5850768,0.36996353,-0.39876866,0.18677615,-0.4743964,-0.18175465,-0.076210946,0.5879035,-0.109142214,-0.45536238,0.50195664,0.27325207,-0.9608673,0.19159257,0.3364313,-0.077745974,0.46966073,-0.22348851,-0.018704154,-0.21411858,0.09531897,0.33568057,0.11440759,-0.60910565,0.55986196,-0.0068791136,0.3890222,0.06969558,0.032953843,0.5151384,0.75927424,0.1630599,0.4074584,-0.52656174,-0.44447586,-0.79032344,0.33325,0.5036297,0.70042527,-0.7770928,-0.14746112,-0.063239664,-0.90488315,-0.9743635,-0.41125086,0.5180965
P19156,-0.42592725,0.595432,0.12238775,0.2287332,-0.39417657,-0.065473214,0.11897523,-0.8270213,0.13354293,0.2216216,0.46736312,0.20842385,-0.057024255,0.45055076,0.5571269,-0.1173946,-0.20472398,-0.00941053,-0.22021809,0.46449137,-0.10813974,0.021379137,0.00115625,-0.18337987,-0.064335674,0.4132621,-0.13761447,-0.31257972,0.46177772,0.23915142,-0.7172419,0.34526908,0.14670038,0.116993934,0.041049443,-0.35870907,-0.5391239,0.29126748,0.12487116,0.20831895,-0.31263277,-0.47065955,0.18275808,-0.024364151,0.25029358,-0.3122493,-0.1830877,0.52543014,0.6981147,-0.1864625,0.32043993,-0.24540004,-0.049913872,-0.09061785,0.50912005,0.02860514,0.71268487,-0.57860565,0.03216157,0.11335694,-0.7838098,-0.55555034,-0.60223067,0.32122302
O75365,-0.5400847,0.31917778,-0.13914576,0.14766735,-0.3124028,-0.14513022,0.37948447,-0.68684185,-0.0652709,0.49514014,0.27820915,0.54975235,0.04279968,0.3313807,0.52968335,-0.19369383,-0.6104002,0.6109473,-0.60659456,0.7086893,-0.07607485,0.23175514,-0.2717249,0.05931413,-0.059789296,0.18626931,-0.41815704,0.17010437,0.53985023,0.5787863,-0.46739522,0.03314918,0.3332082,0.5158152,0.23234048,-0.27070338,0.028873399,-0.015753223,0.36517355,0.76034963,-0.52312934,-0.5868961,0.13525394,0.43602812,0.30598378,-0.15091461,-0.2722119,0.6032049,0.28265294,0.19596675,0.34892246,-0.69028467,-0.5325449,-0.24938144,0.11440651,0.2811759,1.0899849,-0.1836289,-0.2542653,0.38398144,-0.60149795,-0.97811663,0.099171445,0.5327867
Q9VUM1,-0.7982825,0.36833495,0.1590348,0.2600448,-0.28365722,-0.05005231,0.077558115,-0.690256,-0.11869967,0.2521058,0.27680534,0.027146786,0.2186951,0.25131252,0.8127941,0.4830687,0.030703641,0.03813319,-0.23950142,0.25215787,-0.3691507,0.06886974,-0.09265327,-0.36384857,0.13365568,0.5520536,0.041260928,-0.77206874,0.2537883,0.14774206,-0.8740137,0.45667943,0.27940342,-0.25995186,0.28051051,-0.32095844,-0.35235745,0.084020585,0.10108045,-0.05715105,0.21491194,-0.48228595,0.5719299,-0.46163842,0.2956989,-0.26722074,0.1029532,0.36876735,0.9355547,-0.16424036,0.26723078,-0.22459354,-0.028961312,-0.31174064,0.38735923,0.19356033,0.33888894,-0.8643996,0.21744907,-0.1480776,-0.9599342,-0.63562906,-0.81944484,0.17483088
Q13153,-0.81884956,0.26815626,-0.03288886,0.09454843,-0.4024777,-0.23181474,0.36095065,-0.85737526,-0.28581202,0.70099217,0.15689524,0.33488932,0.24900636,0.36537704,0.9806516,0.36086446,-0.38885778,0.6402881,-0.6846449,0.6208716,-0.37106407,0.22604676,-0.5353324,-0.11230703,-0.089715555,0.51686275,-0.31101674,-0.22552817,0.620197,0.3949544,-0.86958176,0.16720177,0.29649022,0.18190913,0.5012269,-0.29013568,0.06341089,-0.13607468,0.25693268,0.49917024,-0.18834957,-0.73496234,0.52072114,0.18531784,0.3530507,-0.032810748,-0.080405064,0.5721877,0.6885556,0.27037418,0.4632536,-0.6827309,-0.6129961,-0.6717133,0.18967415,0.5254871,0.85970956,-0.6529878,-0.20194903,0.18094952,-0.8589487,-1.1524774,-0.21121271,0.583995
C6KSX0,0.103902146,0.44647512,-0.23232631,0.0813138,0.057791013,0.17838489,-0.06902537,0.33154896,0.41062,-0.6012138,0.6551368,0.40235662,-0.6442209,0.008750461,-0.8113204,-0.750556,0.109839864,0.17788866,0.13777214,0.49432078,0.4219889,-0.20070983,0.8196918,0.0145379305,0.24600324,-0.53193843,-0.35985327,0.5160952,-0.095143646,0.31069243,1.0007669,0.21475503,-0.059096523,0.74900943,-0.75162673,-0.5911964,-0.55538166,0.9227005,0.3965569,0.20940721,-0.75885993,0.07794801,-0.35848612,-0.07057821,-0.12467417,-0.8192733,-0.4017937,-0.0067355167,-0.37061343,-0.23642181,-0.13422711,0.14342476,0.102818355,1.5287162,-0.11292331,-0.6221097,0.1783485,0.4759233,0.6879301,0.7999085,0.51567674,0.31436723,-0.01976335,-0.49527976
O55234,-0.55746686,0.41467562,-0.0017927745,0.17620604,-0.3734092,-0.15019318,0.2779577,-0.8049425,-0.07025276,0.45107898,0.32888097,0.3580246,0.078665845,0.38259593,0.6854484,0.017141856,-0.39317903,0.36290413,-0.49460816,0.5677055,-0.17630407,0.1511108,-0.2680076,-0.08983185,-0.08984959,0.38633117,-0.24932529,-0.12456174,0.5355626,0.37952757,-0.6848184,0.18828897,0.25144792,0.24963994,0.23016211,-0.32454327,-0.18663968,0.05194667,0.2134516,0.4757443,-0.3316229,-0.5640803,0.2724492,0.17179468,0.31801835,-0.15735692,-0.17883897,0.56942165,0.55194646,0.05772333,0.36874595,-0.5111659,-0.37128377,-0.3248747,0.30569553,0.24275678,0.87755066,-0.4784066,-0.13013715,0.1879851,-0.7620603,-0.8623066,-0.27299005,0.46972227
P21374,-0.47321025,0.6901933,-0.077581644,0.18228748,-0.34760082,0.20980588,-0.12378736,-0.12090713,0.35566714,-0.5364594,0.69880474,0.20269427,-0.36714673,0.21728301,-0.22886348,-0.16541629,0.38463596,0.071161956,0.15034252,0.50484717,0.07515934,-0.14054058,0.66187775,-0.44150773,0.28065357,-0.026086412,-0.31831914,-0.230006,-0.05362876,0.26209787,0.19340184,0.66050225,0.10099794,0.3918763,-0.29921395,-0.7082164,-0.7754733,0.8924714,0.34858212,-0.25154227,-0.49010974,-0.27849826,0.16682464,-0.5210702,-0.031001661,-0.9541374,-0.19343689,0.12906015,0.5025968,-0.35348064,0.11689444,0.15822092,0.12093629,1.1451241,0.15246424,-0.4047985,-0.010256037,-0.26150715,0.85641235,0.49099708,-0.24367881,-0.024659017,-0.69099313,-0.36148575
P04347,-0.15938053,0.28047946,-0.18805139,0.09142767,-0.21518336,-0.0038738614,0.18507633,-0.262978,0.18705674,-0.07707686,0.48236138,0.5388403,-0.26002634,0.21144456,-0.15878224,-0.46156865,-0.3560843,0.4121497,-0.32225245,0.6511215,0.22402976,0.10883786,0.18563604,-0.008209363,0.02130955,-0.09755068,-0.34137958,0.47236395,0.27271593,0.48739946,0.34657735,0.10113925,0.16621563,0.7092647,-0.17135486,-0.42234597,-0.21861537,0.3576346,0.38895193,0.55026543,-0.67238015,-0.18754978,-0.050320186,0.27381098,0.23307624,-0.45871162,-0.2489892,0.29061267,-0.12813899,-0.037708566,0.12644388,-0.36022547,-0.2928041,0.63168645,-0.028063353,-0.14296645,0.62387574,0.24137627,0.15625334,0.5110547,-0.022153636,-0.4124666,0.09665123,0.12215528
P21243,-0.28457963,0.7007348,0.24209595,0.20656319,-0.34828317,0.08750531,-0.17547762,-0.44086084,0.35169968,-0.24010864,0.59802943,-0.09157428,-0.23081085,0.35777906,0.13753772,-0.14476073,0.3320976,-0.4820486,0.24976876,0.19805887,-0.057188004,-0.24964666,0.52217394,-0.34964457,0.12532003,0.23473975,-0.01493752,-0.548893,0.11030893,-0.07797345,-0.36829785,0.5870065,-0.030715667,-0.051288668,-0.22891471,-0.35815322,-0.8912973,0.7048655,0.07715385,-0.32500482,-0.20878412,-0.24254642,0.058952652,-0.449256,-0.0074476562,-0.6776856,-0.10159121,0.24113545,0.7930397,-0.4906143,0.09644064,0.22243014,0.43510598,0.47490358,0.5195682,-0.35605645,0.12515661,-0.58165944,0.4783967,0.053151883,-0.57988745,0.09708635,-1.0065923,-0.16685611
P08640,-0.3820194,0.85149735,0.24803886,0.16464348,-0.28553396,0.20791149,-0.33720973,-0.06493691,0.47532937,-0.5852048,0.7130252,0.0009937957,-0.479121,0.07629042,-0.28664985,-0.1119104,0.72039706,-0.16990718,0.40977353,0.15263893,0.13812275,-0.29668957,0.733568,-0.6969656,0.4582223,0.0369882,-0.1344173,-0.5982084,-0.35846227,-0.0676883,0.13240556,0.8608323,-0.25796124,0.11911887,-0.47687593,-0.6088252,-0.89150745,1.124966,0.14105561,-0.544386,-0.18339044,-0.3870185,0.4423561,-0.81037897,-0.2822505,-0.89141786,-0.07690147,-0.19268546,0.76846814,-0.41538244,-0.055337794,0.42535317,0.2859323,1.184448,0.22647418,-0.41970563,-0.42348182,-0.5194833,0.93710417,0.430419,-0.24715714,0.111878395,-0.9164946,-0.5219756
P05120,-0.53185165,-0.18179229,-0.16314383,0.15512836,-0.121862024,-0.15185514,0.43697548,-0.49208313,-0.40743622,0.56331897,0.07064921,0.26762062,0.359132,0.086152546,0.7381838,0.4710949,-0.4956175,0.373511,-0.65219784,0.3275465,-0.25621682,0.25743622,-0.56627417,-0.06391969,-0.14407715,0.28393325,-0.13064979,0.071502365,0.37956446,0.21022603,-0.49920884,-0.11003592,0.37202772,0.13297553,0.45904097,-0.14218272,0.24084705,-0.4073106,0.1484018,0.6005132,-0.04576619,-0.26495403,0.29109928,0.229022,0.3566971,0.24783094,0.117589295,0.38354298,0.18570995,0.19055828,0.19508326,-0.6136715,-0.5083824,-0.6570972,-0.03981762,0.36550805,0.654779,-0.26616323,-0.24916321,-0.020431593,-0.5914418,-0.7387561,0.037467167,0.47025302
Q9UBC2,-0.82848406,-0.055384345,-0.09399675,0.102447376,-0.25932908,-0.2373314,0.41196984,-0.6862355,-0.48142716,0.71736133,0.011554375,0.2795049,0.43350428,0.2111251,1.0297872,0.6394147,-0.36341158,0.59439796,-0.7282975,0.41511145,-0.44283944,0.2791732,-0.6260257,-0.10994205,-0.09933223,0.50196326,-0.18663168,-0.2832782,0.49962544,0.2558427,-0.80389893,0.08373719,0.43151683,0.041863646,0.6296576,-0.23012152,0.2421988,-0.3761121,0.170306,0.45655847,0.06911248,-0.5685467,0.5660619,0.07696777,0.43718365,0.14746293,0.091565296,0.48920092,0.56677353,0.24593867,0.37720734,-0.68292123,-0.62419015,-0.84926236,0.09379986,0.56418777,0.6855029,-0.62089175,-0.16784504,-0.04240106,-0.8400565,-1.0560269,-0.17336833,0.5482258
P00724,0.21098906,0.74083614,0.084502846,0.055174485,-0.27326038,0.1189504,-0.13218641,-0.16978529,0.5820337,-0.3644454,0.76618713,0.3273188,-0.72003895,0.40155002,-0.5047869,-0.88133144,-0.005204089,-0.0812802,0.114923656,0.5742194,0.40560895,-0.21354514,0.65786827,-0.101314865,0.043453645,-0.19039626,-0.27590436,0.3943854,0.2229808,0.26656103,0.54258275,0.33084643,-0.23257345,0.7435985,-0.7101644,-0.47098413,-0.7540873,0.9828495,0.26907507,0.21888687,-0.85175127,-0.16713764,-0.3659041,0.10539854,-0.14853433,-0.79880655,-0.42015472,0.19207609,0.03911215,-0.2604465,0.043444738,0.14946947,0.1118841,1.1301721,0.2174086,-0.48103037,0.44645178,0.14215414,0.4001238,0.6689081,0.14987029,0.06559701,-0.28924474,-0.09972282
P09733,-0.41169503,0.8618323,0.2992803,0.21556272,-0.4562272,-0.01020017,-0.08257483,-0.99385077,0.30766016,0.13305864,0.525894,0.029611677,-0.1382449,0.5240066,0.6456164,-0.15246989,-0.038881637,-0.16280442,-0.011337943,0.3749591,-0.14156553,-0.08263481,0.1508882,-0.41492772,-0.011616182,0.6140536,0.014711767,-0.699276,0.42984775,0.16046542,-0.91232055,0.6012347,-0.004758574,-0.09424622,-0.013347633,-0.37702516,-0.8471179,0.5147431,0.045545433,-0.14448199,-0.20809685,-0.5220362,0.3238254,-0.2441817,0.17976584,-0.47004122,-0.16972956,0.5065536,1.0851165,-0.31066775,0.3438131,-0.04134736,0.14603409,-0.029288054,0.72765434,0.0036418587,0.49746644,-0.9025828,0.18614066,0.08825861,-0.9140246,-0.5069796,-1.0014238,0.26330724
P15692,-0.7670152,-0.8923912,-0.52319795,0.1129131,0.32389784,0.047013387,0.68649447,0.23182873,-0.660553,0.58796555,-0.279961,0.5814057,0.63075054,-0.46617985,0.5257897,0.80109626,-0.6859962,0.9737295,-0.9363421,0.3376901,-0.21076465,0.5485583,-0.73101795,-0.084277965,0.09565686,-0.19070034,-0.31850755,0.53188556,-0.05422179,0.34204257,0.046841707,-0.47248057,0.663491,0.36092645,0.66764146,-0.25200722,0.92900234,-0.9141816,0.34204105,0.7467659,0.12521972,0.0027809776,0.59953666,0.24347863,0.5502874,0.5215647,0.3991367,0.020215208,-0.54104257,0.39267462,0.03128217,-0.84426606,-0.92651343,-0.46748352,-0.7566774,0.5210526,0.37537718,0.38289714,-0.18061042,0.2848612,-0.106530786,-0.8366219,0.8050756,0.35860687
P69786,-0.10492943,0.5611516,-0.03609276,0.15877984,-0.325667,0.0074040843,0.1937405,-0.58628166,0.32103887,0.15170425,0.55449426,0.5524082,-0.34603453,0.47048834,0.076618806,-0.7244783,-0.5117759,0.27612114,-0.31535128,0.7435657,0.2498584,0.11683945,0.1047168,0.0040008575,-0.046831373,0.031294927,-0.3546402,0.36150923,0.5182235,0.539796,-0.08349083,0.11453089,0.128005,0.70431036,-0.2186535,-0.3904376,-0.3565751,0.39206585,0.31957185,0.6303413,-0.7615393,-0.38466132,-0.16352805,0.46616423,0.23080565,-0.3958677,-0.39108917,0.5162203,0.0849714,-0.077482276,0.27727816,-0.39765364,-0.25105336,0.379251,0.2671114,-0.080111995,1.0339214,0.06712457,-0.09783455,0.5620831,-0.27378395,-0.5726497,-0.015540533,0.386993
Q13492,-0.8254688,0.25160536,-0.010449068,0.12369533,-0.35855496,-0.22155866,0.31851888,-0.8578352,-0.284854,0.6288828,0.13597316,0.27985734,0.26010293,0.3359481,0.9908484,0.4213844,-0.28658336,0.54825824,-0.6085181,0.4987395,-0.3851537,0.20765401,-0.4428084,-0.1560581,-0.046869542,0.55186653,-0.21399637,-0.39972302,0.5489683,0.34497067,-0.9174264,0.22728497,0.33751565,0.04311606,0.46828827,-0.295528,-0.017474532,-0.1357746,0.18474352,0.3574154,-0.010494375,-0.7009024,0.5770637,0.03417494,0.4009584,-0.03837478,-0.038679652,0.54113716,0.75836223,0.19039442,0.45543584,-0.5927652,-0.50788933,-0.6678606,0.2910765,0.5025398,0.7592846,-0.7356693,-0.12926885,0.07924741,-0.8875674,-1.0932213,-0.3585611,0.516545
A5KE01,0.26119176,0.6248548,-0.09582618,0.09989485,-0.026837703,0.16138935,-0.06234254,0.13028562,0.6135541,-0.5417464,0.77621186,0.37012017,-0.77831286,0.2617336,-0.76554203,-1.0315517,0.0064571872,-0.018078722,0.12844577,0.5401838,0.5315358,-0.20944948,0.8677795,0.044394284,0.14277568,-0.49605903,-0.3292156,0.58883035,0.12975791,0.37319365,0.9048774,0.24170928,-0.1822547,0.85396415,-0.8979126,-0.5301071,-0.694576,1.0532225,0.32445973,0.27004904,-0.8503341,-0.00405227,-0.5305303,0.083094485,-0.114469945,-0.8841486,-0.5075759,0.107871376,-0.33529198,-0.2703024,-0.037843004,0.2123482,0.15843213,1.4449319,0.10677861,-0.6377954,0.42848426,0.42960417,0.4918237,0.80116934,0.4653418,0.25916693,-0.07880294,-0.32826695
P23396,-0.6613946,0.39983,0.20477554,0.1791073,-0.35465452,-0.20802507,0.12768309,-1.002787,-0.13291444,0.48697904,0.24557723,-0.006771326,0.1358858,0.35030583,1.0980906,0.4638329,-0.18714035,0.09506395,-0.3705117,0.21940584,-0.3729818,0.069554865,-0.3034938,-0.32329467,-0.013490986,0.7634517,0.061021253,-0.7681109,0.45987707,0.24280882,-1.1399269,0.33605397,0.16724896,-0.2899651,0.2931944,-0.18089195,-0.35537094,0.01208243,-0.037793137,0.1309843,0.25965485,-0.6148719,0.54933745,-0.18760827,0.27451012,-0.06324563,0.0028525665,0.4940547,1.0889077,0.012880102,0.36693403,-0.3299946,-0.14082375,-0.69735026,0.5753611,0.4041063,0.58193505,-1.0356106,-0.05590097,-0.16477832,-1.0166752,-0.79234236,-0.77192503,0.45917803
P05451,-0.5262741,-0.9380667,-0.029705763,0.05493383,0.13008514,-0.20391622,0.33553728,-0.10303163,-0.8704666,0.7276251,-0.5615537,-0.07712644,0.8476811,-0.39761066,0.9387989,1.375181,-0.28146443,0.11431339,-0.5258682,-0.4361684,-0.6469686,0.26986405,-0.9390764,-0.20303413,-0.08452423,0.29948702,0.24404152,-0.41418216,-0.12180883,-0.45216602,-0.750387,-0.28670943,0.5195978,-0.68058336,0.8213656,0.2553724,0.6137107,-1.1018525,-0.05205009,0.13633242,0.871785,0.11815527,0.7332356,-0.102140285,0.3643791,0.79438347,0.7231042,-0.046124868,0.23344128,0.16345008,-0.19295359,-0.4866405,-0.30327937,-1.2960523,-0.21464218,0.5554387,-0.20245634,-0.33344805,-0.34152424,-0.67535555,-0.5966824,-0.36486754,-0.0784094,0.29237258
O43508,-0.6111568,-1.123243,-0.39144647,0.11525942,0.3261088,-0.08830745,0.6645168,0.12081001,-0.9149434,0.8322639,-0.43188477,0.36846066,0.8293217,-0.42780492,0.8365005,1.0327926,-0.7106654,0.7260627,-0.9026392,0.05726375,-0.41403455,0.5599156,-0.9720837,0.0063709095,-0.15165414,-0.026864186,-0.022348668,0.35951975,0.08839479,0.077479094,-0.18588962,-0.60921735,0.67605007,0.021919955,0.81592923,-0.03373973,0.9863543,-1.1484748,0.17541367,0.7519824,0.3841715,0.1150648,0.5158313,0.27195072,0.57585824,0.7854295,0.47524133,0.11235139,-0.4800658,0.3613097,-0.07746187,-0.8463224,-0.7939572,-0.94615173,-0.610288,0.54945004,0.35274565,0.19154145,-0.36243626,-0.15690756,-0.2722093,-0.7049887,0.6191855,0.42060724
P10275,-0.81451094,-0.12709242,-0.47402263,0.045433596,-0.024627972,0.16562259,0.32497627,0.16062288,-0.058726404,0.005889207,0.19797993,0.72916865,0.15008211,-0.15760621,-0.035719436,0.056135878,-0.30455574,0.8985565,-0.68757266,0.73037165,0.029894099,0.28007478,0.03482262,-0.05748541,0.34537902,-0.18379118,-0.57976234,0.42956212,-0.035780426,0.6104931,0.33102268,0.050356906,0.45983282,0.6890814,0.25043878,-0.59989184,0.3324614,-0.09410758,0.59058887,0.48491597,-0.44196638,-0.24088244,0.45464867,0.049285486,0.39093736,-0.38061422,0.0045665726,0.12111342,-0.23279716,0.15463448,0.17332748,-0.61390156,-0.61391634,0.5087858,-0.5048272,0.13519531,0.44073975,0.35862678,0.28623766,0.6392498,-0.009183295,-0.7556447,0.44601804,0.022218628
Q61371,-0.6563146,0.27361903,-0.011891724,0.17562248,-0.3216424,-0.19441712,0.30044493,-0.7744093,-0.18854113,0.49053845,0.21806513,0.29798138,0.1986024,0.33351502,0.79554975,0.2309735,-0.31241575,0.3659223,-0.52303135,0.4439432,-0.2794857,0.16243666,-0.30562934,-0.10419748,-0.06986606,0.43962076,-0.19327407,-0.31184745,0.4917509,0.3213463,-0.7791294,0.21130899,0.3443347,0.086797595,0.3221809,-0.28725237,-0.12220096,-0.05441387,0.17667496,0.38697565,-0.102400996,-0.57905066,0.37928563,0.03220798,0.37561187,-0.0909387,-0.09115911,0.5586337,0.62928057,0.06932634,0.37104464,-0.49951616,-0.3618462,-0.50912946,0.3157923,0.3322971,0.7679353,-0.6018539,-0.08151478,0.0388256,-0.8298534,-0.88171077,-0.35589278,0.4268694
P21375,0.14680421,0.8085627,-0.014249877,0.074650094,-0.17121477,0.22136235,-0.12669493,0.011012988,0.69606346,-0.5314037,0.83133495,0.37310004,-0.8313514,0.31419817,-0.6665818,-0.99825174,0.05035325,0.0055387765,0.1388449,0.6562725,0.5211508,-0.24140684,0.8622595,-0.12619422,0.1424425,-0.32890213,-0.34160668,0.49121276,0.16392049,0.41211677,0.7471832,0.34690747,-0.23631418,0.89437604,-0.84639025,-0.59553605,-0.7780057,1.1626444,0.32817098,0.21037528,-0.9231554,-0.1455113,-0.3998549,0.043115772,-0.19739534,-0.96934557,-0.5247654,0.13766952,-0.097898096,-0.2696362,0.055357113,0.23538214,0.076028734,1.453237,0.14647913,-0.5704529,0.41305643,0.24550948,0.5510548,0.90604854,0.3322664,0.12621874,-0.20051196,-0.26275465
Q9BZR9,-0.83257496,-0.84799355,-0.3705552,0.17645155,0.24259852,-0.02881549,0.55240834,0.0809039,-0.8198639,0.6085616,-0.3521515,0.24741061,0.77215844,-0.37163752,0.780231,1.1449229,-0.40486395,0.63307446,-0.7531901,0.02927475,-0.48377007,0.4172899,-0.7229408,-0.18132555,0.036918122,0.08882567,-0.079029396,-0.018205125,-0.0009906617,0.072553456,-0.2841336,-0.28321195,0.6738781,-0.088754445,0.7945669,-0.21293074,0.7356698,-0.8877914,0.19132206,0.44481152,0.49072152,-0.028519433,0.67443156,-0.089293875,0.555212,0.4931321,0.4415594,0.05665727,-0.1480661,0.23943458,0.012577668,-0.66083115,-0.64708835,-0.7529704,-0.47677714,0.48578006,0.10043611,-0.10497326,-0.049867578,-0.16746038,-0.4185565,-0.69028485,0.26929238,0.22887886
Q7YZX3,-0.10328956,0.96371293,0.15746666,0.1378366,-0.5508668,0.15479605,-0.10119164,-0.6556793,0.5413398,-0.111443944,0.80757236,0.40309718,-0.5418251,0.60689944,-0.020718392,-0.7126237,-0.15390523,-0.0031140596,-0.031072088,0.79847705,0.23716404,-0.1123507,0.34761995,-0.25973403,-0.060913656,0.19981387,-0.30402124,0.1395472,0.50056213,0.3330741,-0.13949856,0.46997222,-0.12973523,0.6663164,-0.3636156,-0.6021229,-0.8506002,0.8179966,0.2577325,0.15566741,-0.9054011,-0.43338853,-0.122372754,0.15650812,-0.016671475,-0.73009837,-0.40541646,0.4358683,0.48790896,-0.31028116,0.33465105,-0.060484197,-0.025017437,0.74993706,0.41644394,-0.26943937,0.71570665,-0.2354184,0.25930154,0.6241121,-0.38316476,-0.34494233,-0.5065403,0.26280978
P0ACC1,0.116064474,0.5471494,-0.124184564,0.08255414,-0.2737142,0.05132145,0.14611754,-0.3712056,0.48326114,-0.10797384,0.6579857,0.566234,-0.5457897,0.42775762,-0.30368564,-0.94015056,-0.4537608,0.27107117,-0.22151035,0.7175065,0.46086502,0.07079441,0.30256268,0.022823974,-0.03644534,-0.15558164,-0.35854584,0.5854515,0.47014904,0.58260995,0.37809417,0.12235308,0.0054266974,0.9064701,-0.4337533,-0.46343142,-0.42319956,0.6305508,0.3432705,0.5771883,-0.87531364,-0.19981274,-0.29264882,0.50157714,0.17574361,-0.5852378,-0.43307927,0.3707002,-0.19851732,-0.13398284,0.18133986,-0.2307218,-0.20020549,0.8165975,0.20712943,-0.28503442,0.8798064,0.3458805,0.024184711,0.7170598,0.11262062,-0.34694344,0.077482074,0.2173559
P54253,-1.0785667,-0.22925532,-0.2953387,0.20066577,-0.013766024,0.04901029,0.4118003,-0.20903352,-0.49837938,0.4720128,-0.04490158,0.40113974,0.54080087,-0.05674117,0.6998898,0.7592346,-0.26809967,0.714459,-0.7169711,0.4260112,-0.41398376,0.37398094,-0.4282648,-0.20987359,0.18816397,0.20621818,-0.30851623,-0.17494583,0.1571634,0.33016226,-0.44937828,0.07128491,0.6054828,0.09392542,0.6480181,-0.45468515,0.37924942,-0.47108418,0.33761176,0.30981898,0.13544819,-0.36010167,0.6979526,-0.20150548,0.54553044,0.008711763,0.21174613,0.23998412,0.23627497,0.13770638,0.2703801,-0.66067594,-0.6180322,-0.3595227,-0.2825335,0.42652497,0.35768783,-0.25858706,0.13271214,0.15063778,-0.63122594,-0.9628283,0.026327752,0.26443365
P0A6L0,0.007937133,0.6175937,-0.023526445,0.136306,-0.3387842,0.050794702,0.12921475,-0.5221459,0.41742352,0.03386812,0.63943326,0.54052556,-0.45948657,0.49546167,-0.080274105,-0.83511776,-0.4624803,0.21125966,-0.23366281,0.7479036,0.33468276,0.07543703,0.21097991,-0.02055668,-0.05178084,-0.020634077,-0.33693385,0.43430403,0.5119662,0.52141756,0.08677441,0.15327051,0.040757637,0.7894888,-0.3383802,-0.43797994,-0.453699,0.53863627,0.31712106,0.56186676,-0.82588816,-0.31785867,-0.23809871,0.45787877,0.17720734,-0.50230515,-0.41863194,0.45444116,0.023196,-0.13947025,0.24699172,-0.29554084,-0.18434447,0.5925159,0.26999465,-0.19308248,0.96114177,0.14248328,-0.025131576,0.62904036,-0.14076883,-0.45398393,-0.0524964,0.3316993
P15208,-0.27943334,-0.7929116,-0.2543765,0.014759818,0.10496117,-0.2027577,0.52700096,-0.23262835,-0.6625504,0.83154005,-0.2846942,0.32681143,0.62240034,-0.13067707,0.78469133,0.60780567,-0.76469857,0.48368052,-0.8331065,0.13026789,-0.28995854,0.36572406,-0.8560487,0.14018705,-0.31098136,0.14029166,-0.049782142,0.40617457,0.29527658,0.033559553,-0.3116677,-0.4944841,0.45508906,0.09154919,0.5884302,0.13168567,0.74056417,-0.8815843,0.12453849,0.83716726,0.059021458,0.018164147,0.21707892,0.5329632,0.4463333,0.71884954,0.30855247,0.31728038,-0.26720214,0.377244,0.020990431,-0.76854837,-0.7084913,-1.0690631,-0.29473373,0.54671055,0.64008933,0.06964356,-0.52576184,-0.1984947,-0.33068556,-0.68261427,0.50699174,0.57927793
P11940,-0.809052,-0.09394732,0.11051409,0.08904472,-0.25896448,-0.23531528,0.28019765,-0.8221933,-0.4968004,0.7343033,-0.07406847,-0.004622191,0.38520122,0.1624079,1.2679445,0.97160566,-0.21336296,0.33317664,-0.6019753,0.20818909,-0.49041265,0.19309896,-0.6968884,-0.33584923,-0.04790147,0.7896193,0.081152335,-0.6022977,0.43704778,0.105598405,-1.0676284,0.11992594,0.29972303,-0.34225437,0.62027943,-0.12078932,0.112798214,-0.42816114,-0.035930224,0.262348,0.4244172,-0.51061416,0.78722,-0.07521192,0.3887978,0.30600327,0.2928841,0.34203422,0.8429752,0.16634238,0.36816788,-0.5450882,-0.48375505,-1.0715039,0.29878607,0.6537466,0.44724458,-0.8973445,-0.2091636,-0.26455626,-0.922948,-0.9330878,-0.45198214,0.58847386
Q96EB6,-0.58929086,0.14397427,-0.31333852,0.0792443,-0.15862833,-0.030893791,0.4350454,-0.41285145,0.0059906654,0.33548737,0.24020408,0.72427297,0.05208695,0.14779913,0.22960392,-0.31251848,-0.67465925,0.8391826,-0.72520447,0.76148313,0.06876604,0.33519107,-0.17638391,0.09793261,0.094773814,-0.016753837,-0.5554392,0.37927118,0.34537232,0.74375886,-0.11216298,-0.09015093,0.41139176,0.72731435,0.2690311,-0.29958618,0.25080597,-0.060691535,0.4834959,0.8728968,-0.6365508,-0.5125996,0.15464778,0.5299178,0.37815228,-0.20534536,-0.24334195,0.4846653,-0.038268752,0.23848473,0.30075964,-0.80659693,-0.6820516,0.036926165,-0.1585127,0.27211624,1.0154985,0.16978113,-0.19660282,0.57713366,-0.31962132,-0.99960077,0.4669686,0.455508
Q8IUQ4,-0.67994845,0.13110459,-0.14519353,0.109440126,-0.3032709,-0.21599847,0.4329151,-0.69457036,-0.2891406,0.6625573,0.14440432,0.46168086,0.24388015,0.29011586,0.7887209,0.16727868,-0.54813117,0.6698492,-0.71857566,0.61844033,-0.27139652,0.2632029,-0.47176814,0.028481483,-0.11356872,0.30621344,-0.36716545,0.018452775,0.5461808,0.45216483,-0.6339406,0.030301627,0.3968419,0.34234807,0.43066528,-0.23436922,0.18716028,-0.20802648,0.3140415,0.6859032,-0.31015927,-0.6153518,0.2970423,0.3261384,0.37245917,0.014157876,-0.13686529,0.60571486,0.39278182,0.2824871,0.3738605,-0.7248418,-0.6304028,-0.58343524,0.07184802,0.4547482,0.98553354,-0.36312002,-0.25455433,0.2077947,-0.7218529,-1.0497139,0.045981467,0.5710451
Q94420,-0.5748042,0.32540616,-0.14104475,0.18647332,-0.15336059,0.18786316,-0.05191347,0.057496525,0.075184524,-0.38673624,0.48312145,0.2123221,-0.12581225,0.009822175,-0.12693661,0.14871176,0.33083174,0.11832437,0.015204176,0.33691067,-0.044358477,-0.084432885,0.4557857,-0.34725744,0.32116768,-0.04341966,-0.21231857,-0.17195262,-0.13894701,0.14605105,0.21143717,0.47109836,0.19207284,0.20729716,-0.108112566,-0.64250314,-0.46936205,0.51872367,0.31365412,-0.15890145,-0.24334623,-0.15649877,0.29206026,-0.54768515,0.052544087,-0.69531465,-0.00054528564,0.004105786,0.30300283,-0.2869007,0.015127644,0.029959079,0.07021496,0.861541,-0.032779437,-0.32222912,-0.0913652,-0.15810315,0.7368949,0.31357267,-0.2279257,-0.046222456,-0.49031147,-0.35809326
P0A6S5,-0.08634274,0.49249193,0.070968606,0.10819413,-0.15469603,0.10513432,-0.22437352,0.035267893,0.3459041,-0.5030369,0.6106332,-0.0869143,-0.3985525,0.12202274,-0.3414037,-0.20860781,0.48340893,-0.5170809,0.3427605,0.099652216,0.07714958,-0.32836348,0.7560315,-0.18922804,0.22511,-0.088235684,-0.08887142,-0.24593975,-0.1677441,-0.13964403,0.2208998,0.41528234,-0.09346039,0.037139613,-0.4465026,-0.32185996,-0.843224,0.7835319,0.110879526,-0.34101066,-0.28498265,0.0393353,-0.17306656,-0.45411402,-0.16821478,-0.7192798,-0.111198105,0.01222972,0.3951017,-0.47588438,-0.155436,0.32306123,0.5218463,0.9311166,0.25712904,-0.5610785,-0.12654743,-0.16420694,0.6758274,0.22527073,-0.072133526,0.50261694,-0.77361596,-0.47851473
O00308,-0.9217174,-0.12587187,-0.18551563,0.15016474,-0.15889913,-0.14391029,0.44362703,-0.53423387,-0.5106966,0.6526327,-0.005570568,0.34255144,0.48286194,0.1245025,0.8869463,0.6640771,-0.38935232,0.6627251,-0.7527315,0.42856032,-0.43135768,0.32073095,-0.59147227,-0.10417479,-0.01941469,0.38900653,-0.25369966,-0.19756581,0.4205634,0.29645392,-0.6629876,0.044164743,0.5054035,0.105998755,0.6524514,-0.30776328,0.3237536,-0.4196143,0.23967683,0.4648822,0.061932765,-0.5093181,0.5743499,0.034685813,0.47646245,0.11857253,0.10817584,0.419229,0.41161537,0.21210517,0.3387957,-0.7227595,-0.64904666,-0.6828071,-0.07377282,0.521668,0.6100889,-0.47104293,-0.093793236,0.033112213,-0.77537435,-1.0575132,-0.049523707,0.48750407
B5KM66,-0.120518595,-0.59523356,-0.3122499,0.15757495,0.49497035,0.19158176,0.09377549,0.9475367,-0.119167775,-0.33346173,0.12617481,0.06966676,-0.020021334,-0.42402384,-0.61961925,0.23366754,0.2950203,-0.4078898,0.10897878,-0.28019923,0.066798374,-0.14680196,0.6708032,0.16751316,0.4069743,-0.6758243,-0.19987847,0.13865703,-0.5489997,-0.2330563,0.7166647,-0.15787563,0.3196823,-0.0028573088,-0.41250357,-0.24897775,-0.06875623,-0.0074736457,0.13217562,-0.073968634,0.18520992,0.4694852,-0.28696167,-0.39828643,0.014913697,-0.22439179,0.15462384,-0.27443895,-0.58494204,-0.35818052,-0.482751,0.16626902,0.41160175,0.7602749,-0.3784311,-0.4719147,-0.24249251,0.5770454,0.5755803,0.04224652,0.4877472,0.733854,-0.004360169,-0.6913664
P00748,-0.78586996,-0.85283244,-0.24804111,0.13000661,0.16166654,-0.111809075,0.53480476,-0.112248704,-0.8800715,0.7877143,-0.41145205,0.1496474,0.84386665,-0.31444392,1.0137844,1.2500169,-0.46207446,0.53537124,-0.78030664,-0.08205782,-0.5510208,0.42208356,-0.9619567,-0.19469592,-0.086159855,0.25131485,0.053526573,-0.1388401,0.121155545,-0.07157203,-0.5746839,-0.30563554,0.605528,-0.24586593,0.9045373,-0.08710781,0.76037985,-1.0081761,0.068039544,0.42687863,0.57967615,-0.05044007,0.75152373,0.014011525,0.5318132,0.6739892,0.5403999,0.09971077,0.011878005,0.2412027,0.0145275295,-0.6783026,-0.67707646,-1.093301,-0.34161177,0.5730822,0.14228517,-0.26927692,-0.26950523,-0.3306812,-0.60735023,-0.7667089,0.19331414,0.40516898
A0A0K0MJN3,-0.66177905,0.6390295,0.19891693,0.20946537,-0.42852136,-0.10735728,0.07756071,-0.94234747,0.075463876,0.2605288,0.38160348,0.111240685,0.042675704,0.43144175,0.81102574,0.12414482,-0.08655236,0.109867826,-0.23681583,0.43189037,-0.22658359,0.058290184,-0.08034753,-0.3646453,0.022833083,0.6290711,-0.02174662,-0.6606157,0.463554,0.26782134,-0.9172535,0.50686574,0.15502506,-0.0912078,0.2049956,-0.32982937,-0.5321621,0.26729107,0.112114124,0.033779576,-0.08259796,-0.60210115,0.49980754,-0.22040632,0.27674365,-0.33363062,-0.06255264,0.5129891,0.9981116,-0.106732965,0.38088796,-0.27305272,-0.09651421,-0.2541361,0.545679,0.19232109,0.53453594,-0.8858984,0.10532026,0.06005703,-0.93834203,-0.7757936,-0.81227034,0.28475344
P01023,-0.35485807,-0.8575347,-0.1439797,0.036502063,0.09790768,-0.21326454,0.48307383,-0.21115407,-0.7848692,0.8473795,-0.3850187,0.14273722,0.7572069,-0.19187567,0.8937963,0.9586048,-0.5939529,0.3257054,-0.7171586,-0.12507196,-0.47153193,0.32729092,-0.97620374,-0.016445614,-0.28188112,0.2383686,0.100404516,0.1047295,0.21514384,-0.18459949,-0.49025348,-0.43268365,0.44213238,-0.2136267,0.74755615,0.16162977,0.71059877,-0.99165654,0.017714612,0.58463484,0.38822502,0.037642363,0.43293166,0.30597085,0.4139834,0.75561076,0.4952449,0.1818943,-0.099922955,0.29288876,-0.051416263,-0.65903276,-0.5760474,-1.2478714,-0.26608709,0.55670786,0.30286288,-0.12424366,-0.46818382,-0.42950177,-0.48414326,-0.58329535,0.2731285,0.5081467
P0A6E6,-0.31888485,0.92009133,0.18547876,0.19783612,-0.49851838,0.13425255,-0.17327169,-0.5485104,0.46149853,-0.3412565,0.76258785,0.040228,-0.3515696,0.44410625,0.066968694,-0.30387133,0.3007787,-0.29413477,0.21941587,0.47601125,0.041078337,-0.2244464,0.5456156,-0.44350585,0.104181975,0.26148608,-0.15827821,-0.38807806,0.18069953,0.060850397,-0.24521789,0.7074644,-0.081816174,0.21833208,-0.23210356,-0.49830884,-1.0076766,0.8819487,0.16247898,-0.32477468,-0.48584455,-0.3425173,0.07714518,-0.3772102,-0.04684372,-0.84664756,-0.16913557,0.28940913,0.8488316,-0.45609778,0.20690504,0.16593868,0.2821599,0.7131647,0.48589993,-0.3667563,0.19313096,-0.5701893,0.5946603,0.31678343,-0.5663786,-0.0558075,-0.97509193,-0.07517563
P12476,-0.48139927,-0.017119043,-0.044199005,0.06897852,-0.30968347,-0.28270444,0.38399082,-0.7934291,-0.36268163,0.7459518,0.041074295,0.24030313,0.31940204,0.24694893,1.021468,0.39747936,-0.48670006,0.39311796,-0.68285185,0.3603459,-0.31612968,0.1945523,-0.6171039,-0.07497822,-0.26621538,0.47561345,-0.124851346,-0.09052746,0.5267612,0.22092903,-0.84479237,0.001599829,0.2740942,0.029687684,0.44199124,-0.07441263,0.13714734,-0.35179344,0.09824313,0.5699678,-0.057203878,-0.44535953,0.35362858,0.29698226,0.37145022,0.28270268,0.043590017,0.5572736,0.49533132,0.27702975,0.33190042,-0.5660609,-0.5689957,-0.95864916,0.26611733,0.5094978,0.86523473,-0.5346589,-0.36911002,-0.063644886,-0.7650657,-0.88650745,-0.119540334,0.6233908
P10810,-0.17101716,-1.1108335,-0.28379795,0.0743508,0.530179,-0.08423908,0.45524853,0.6278142,-0.6051585,0.36726305,-0.3521788,0.0714752,0.45709994,-0.569308,0.13499136,0.723636,-0.29616857,0.02363173,-0.46614245,-0.36179757,-0.18286647,0.1698345,-0.3061213,0.16618648,0.054938972,-0.39811784,-0.007222101,0.3623005,-0.26695898,-0.22687049,0.26852944,-0.5636525,0.41920435,-0.13633211,0.17825148,0.14091092,0.6941352,-0.7795168,0.07493825,0.48974562,0.5072547,0.40651885,0.05793185,0.08081139,0.23073624,0.55351615,0.39575192,-0.2041407,-0.7174793,0.14830942,-0.42779937,-0.2977914,-0.14466348,-0.44575214,-0.52388954,0.10866529,-0.01942338,0.4537549,-0.19187298,-0.26325935,0.22767289,0.112744756,0.46381587,-0.13691184
O94782,-0.686378,0.25193414,-0.37608764,0.10904139,-0.23419167,0.14723016,0.1897695,-0.06316368,0.13297936,-0.1893577,0.48617887,0.63758934,-0.06255918,0.09250168,-0.13958012,-0.17118321,-0.20299172,0.6757731,-0.43388444,0.7885474,0.060440525,0.15366498,0.31303295,-0.0641939,0.25954512,-0.09142175,-0.5595336,0.278042,0.14567432,0.6372796,0.28749838,0.2562834,0.39290154,0.73105985,0.029230513,-0.7198663,-0.12966383,0.2844393,0.5536038,0.30545765,-0.60062283,-0.2763951,0.22950882,-0.011511207,0.30658707,-0.716559,-0.21541977,0.26050636,0.010315307,-0.061311163,0.21678862,-0.47470906,-0.30597737,0.8554394,-0.22663245,-0.095011696,0.47994792,0.19336773,0.4635768,0.6103444,-0.08220025,-0.57326007,0.023295797,-0.07404414
P61088,-0.7940794,0.42935804,0.07000196,0.113174215,-0.43260086,-0.24010083,0.2558323,-1.036926,-0.16899537,0.6089023,0.20329303,0.21882042,0.13937545,0.41569155,1.0644847,0.34843785,-0.26472792,0.4975054,-0.54602814,0.53123057,-0.35180312,0.14515167,-0.40200713,-0.23060805,-0.056796897,0.66831636,-0.17979042,-0.4706855,0.62194216,0.39253712,-1.057322,0.30037507,0.19905952,-0.016260017,0.38055253,-0.2975231,-0.19486567,-0.010717196,0.14014114,0.3077029,-0.0347561,-0.76705754,0.6189037,0.054119624,0.37161747,-0.075335026,-0.08045799,0.5669707,0.92082226,0.18394923,0.5173315,-0.5290509,-0.45494393,-0.6522401,0.44585025,0.50965357,0.7925443,-0.8595161,-0.15836409,0.13764325,-0.92916906,-1.1106387,-0.483777,0.55055946
Q2YVT4,-0.14443436,1.0383865,0.0069772443,0.050197966,-0.41329587,0.28013998,-0.25959563,-0.22058569,0.6569977,-0.5053131,0.8719935,0.379366,-0.73994195,0.33318195,-0.43098426,-0.69725144,0.20384231,0.19900537,0.12678707,0.7675665,0.41416574,-0.23468202,0.7400117,-0.41593254,0.21351942,-0.026435822,-0.40699387,0.17133091,0.070394695,0.416803,0.4283119,0.562127,-0.2188406,0.82871866,-0.64222413,-0.7419318,-0.8464429,1.2448505,0.37303126,0.027309395,-0.9817599,-0.37669986,-0.010314055,-0.12281614,-0.26556107,-1.0042664,-0.43492696,0.14693962,0.404654,-0.23314965,0.20415455,0.13625841,-0.103461504,1.4217094,0.17942758,-0.40318075,0.25445184,-0.11640297,0.7293176,0.9497655,0.061653867,-0.12709494,-0.41621473,-0.20120618
D3ZMK9,-0.8181926,-0.3932698,-0.512783,0.1361281,0.13483071,0.17178339,0.3711598,0.35903287,-0.2456304,-0.020049743,0.10596119,0.6086652,0.27240816,-0.2877327,-0.052406076,0.3148319,-0.20157142,0.77048033,-0.6020203,0.5594868,-0.033618942,0.27608767,0.033212893,-0.04182174,0.340849,-0.27543935,-0.49553597,0.43809316,-0.11188882,0.43846065,0.4474423,-0.0037079349,0.4957944,0.56681305,0.26390025,-0.58778745,0.40993065,-0.23676941,0.5105351,0.42616338,-0.22888826,-0.09866829,0.43170637,-0.076367915,0.3877643,-0.27236426,0.12744658,-0.016229605,-0.3865604,0.121728495,0.056758046,-0.55316633,-0.51279914,0.47416812,-0.5941733,0.06580018,0.25826162,0.38974684,0.34547168,0.44375297,0.06017437,-0.567585,0.43417567,-0.08194436
Q9H4A3,-0.7898226,0.090676434,-0.15172903,0.08195274,-0.29093572,-0.19651558,0.4670897,-0.676236,-0.32931522,0.72828054,0.109175205,0.45808968,0.3200011,0.26161417,0.85064363,0.28567728,-0.58100474,0.77952,-0.8080162,0.67123884,-0.30065286,0.3320261,-0.6050426,-0.019062027,-0.08816022,0.32713416,-0.40776765,0.048421714,0.56059784,0.46012372,-0.6398325,0.003031443,0.38459414,0.37908012,0.549402,-0.21974027,0.3200722,-0.25932285,0.35980412,0.7124575,-0.3241392,-0.6451057,0.3973368,0.36138168,0.36757267,0.055092722,-0.06601868,0.5572117,0.3965587,0.35987628,0.39196947,-0.8204321,-0.75754005,-0.6254107,-0.07160561,0.5430965,0.93140954,-0.3656333,-0.2876714,0.2632345,-0.72277665,-1.1661171,0.13301963,0.6261417
Q92211,-0.12669764,1.1544468,0.19071333,0.09121628,-0.6236915,0.26984432,-0.25051498,-0.63278157,0.6609338,-0.2645381,0.91058946,0.3965165,-0.6639412,0.6020809,-0.12713102,-0.7250705,0.03978192,-0.00201682,0.050052732,0.84931743,0.29122615,-0.22061817,0.50553066,-0.40066954,-0.029548172,0.22881886,-0.35832894,0.08821459,0.4241737,0.30857477,-0.07364881,0.63551515,-0.25718877,0.7354488,-0.4502826,-0.7014447,-1.0045838,1.0500743,0.26925054,-0.032020465,-1.0450034,-0.50040996,-0.07446691,0.04748872,-0.19118774,-0.9137208,-0.4240003,0.35447553,0.6349041,-0.33220673,0.37425187,0.103108376,-0.037326854,1.0186253,0.39862052,-0.3173584,0.5265086,-0.3601696,0.48217094,0.7539733,-0.35734433,-0.30026373,-0.6095142,0.17962514
O15287,-0.14979987,-0.66703206,-0.5371314,0.11515166,0.32857975,-0.04978531,0.54867935,0.3464596,-0.2696605,0.15219939,0.07596031,0.5018406,0.11996102,-0.23762456,-0.21796188,0.0032781437,-0.40389457,0.3224884,-0.5106478,0.21307175,0.20941432,0.2472997,0.0049517173,0.35548517,0.045011487,-0.52475893,-0.40948135,0.7241876,0.007891704,0.22772461,0.5279719,-0.3731347,0.39638007,0.49563965,-0.04917536,-0.18471965,0.41070753,-0.37567487,0.2103678,0.7699657,-0.27002355,0.22012253,-0.20820633,0.39120722,0.33033717,0.1836934,0.060208805,0.07911346,-0.84629977,0.10134083,-0.17804727,-0.43130916,-0.359904,0.16092156,-0.40090802,-0.06628409,0.5961354,0.71293414,-0.064932175,0.22826889,0.2763089,-0.18066305,0.66197807,0.0682255
P0AB58,0.041757405,0.36698878,-0.115122795,0.14280729,-0.21083407,-0.04378682,0.25597847,-0.4405806,0.26324835,0.1178161,0.53583497,0.52370167,-0.34312356,0.39451054,-0.025310691,-0.731387,-0.5090797,0.20589271,-0.31098127,0.6172289,0.30443537,0.13533297,0.14165005,0.10878372,-0.07146439,-0.11188853,-0.33636087,0.47558084,0.456313,0.48061544,0.11032434,0.014749001,0.1418083,0.68419504,-0.29260695,-0.29552275,-0.28182665,0.31656572,0.26783326,0.67437357,-0.70464164,-0.23129474,-0.3007294,0.5086707,0.25662935,-0.30996412,-0.35019684,0.45585415,-0.13646628,-0.05859217,0.16923127,-0.36078745,-0.20339413,0.3991884,0.20823927,-0.1485686,0.9972452,0.2409413,-0.11254398,0.48669887,-0.11347491,-0.39683837,0.09193368,0.31304443
O08722,-0.6842792,-0.7222893,-0.21694915,0.09807323,0.037957612,-0.16034693,0.5417808,-0.2861338,-0.7914725,0.8704117,-0.30939656,0.23899406,0.7509431,-0.10431477,1.0217897,0.9868649,-0.54146266,0.57091457,-0.8286708,0.11129561,-0.48929787,0.4013271,-0.93784225,-0.077699475,-0.18816467,0.2997854,-0.05443964,-0.020090293,0.3068696,0.016731545,-0.58185554,-0.2759138,0.5582116,-0.083694994,0.813579,-0.08199841,0.6968057,-0.8844761,0.11243535,0.57770085,0.31925058,-0.18234877,0.5779669,0.19864541,0.5227761,0.6136409,0.40085736,0.28750744,0.05422807,0.28895044,0.13400972,-0.7496876,-0.73645264,-1.1287484,-0.23939763,0.61081487,0.45129043,-0.27430195,-0.32983485,-0.26856235,-0.62512326,-0.86221796,0.22127557,0.5375246
Q22289,-0.63451505,0.54694766,-0.14529155,0.17778409,-0.31008002,0.21358398,-0.066070735,-0.113705106,0.22087161,-0.39629444,0.5839645,0.32611775,-0.20078693,0.14067236,-0.08901492,-0.052180357,0.25947988,0.2913064,-0.054388076,0.5459981,0.03568066,-0.033260398,0.50178266,-0.40047327,0.31032372,0.017663956,-0.32857937,-0.15476994,-0.025166886,0.33844203,0.13115804,0.58775043,0.20350915,0.39113173,-0.1554034,-0.73781306,-0.53802586,0.65335274,0.40546834,-0.120159954,-0.44491076,-0.31325158,0.3410803,-0.45516232,0.09589106,-0.840644,-0.12310595,0.12650068,0.4240588,-0.24253933,0.16062096,-0.03539963,-0.050796267,0.99376607,0.057277557,-0.27617943,0.0800689,-0.19258898,0.72565544,0.48096108,-0.2641727,-0.26457965,-0.48875085,-0.29271278
O35627,-0.79378843,-0.27399346,-0.1933453,0.18003339,-0.095460385,-0.14684214,0.44758564,-0.4510633,-0.54975814,0.6345621,-0.01647053,0.2997267,0.5023325,0.07772275,0.8725152,0.6746834,-0.40304852,0.48965156,-0.70391744,0.31147686,-0.41674268,0.30032977,-0.5691174,-0.034272358,-0.071640775,0.3379784,-0.18115883,-0.16671154,0.35365945,0.22839937,-0.64225113,-0.054999948,0.5173879,0.026706602,0.5935078,-0.23798604,0.31677434,-0.5112307,0.16203612,0.50188184,0.11975316,-0.37736103,0.4370049,0.037864693,0.46921316,0.2189864,0.1353236,0.42168644,0.30998462,0.15782396,0.25126207,-0.6598708,-0.53660816,-0.74553645,-0.035781097,0.45191255,0.63607585,-0.39457458,-0.12677467,-0.09956151,-0.7292505,-0.86083394,-0.036027633,0.45476827
P01555,0.19580653,0.26043034,-0.20709175,0.07468068,0.11813082,0.14824307,-0.06544384,0.41878638,0.34223375,-0.5311273,0.57075024,0.33670932,-0.56776416,-0.029509433,-0.8353286,-0.6678954,0.11408841,-0.013671905,0.14965963,0.32187417,0.37958902,-0.20580754,0.7758246,0.09980774,0.22202875,-0.5849587,-0.31126404,0.5115381,-0.16671802,0.1403997,0.98087233,0.12395333,-0.04967206,0.6149873,-0.7423978,-0.45450497,-0.48022074,0.75234115,0.33429688,0.18185124,-0.6405468,0.19499724,-0.44629616,-0.058425896,-0.1337374,-0.6716483,-0.30810747,-0.05377447,-0.44498226,-0.259692,-0.23929644,0.16022797,0.20592943,1.3648611,-0.14695488,-0.62238616,0.13099979,0.5423022,0.59030795,0.62851715,0.5379499,0.44517484,-0.00065140426,-0.5033037
Q4A740,0.15412562,0.9175633,0.13342822,0.07607953,-0.30452475,0.22291233,-0.18699008,-0.15565963,0.71800536,-0.43852982,0.8971458,0.31500268,-0.8473632,0.4442323,-0.5412614,-0.96584207,0.07750217,-0.17325708,0.15813905,0.6604994,0.47666985,-0.2779479,0.77935296,-0.15523547,0.088582575,-0.1793681,-0.31528777,0.3848394,0.24052903,0.29606906,0.52121717,0.41498572,-0.3229427,0.82045096,-0.8185103,-0.5530261,-0.8774158,1.1420146,0.2542585,0.12982187,-0.94341904,-0.22737025,-0.410433,0.05413369,-0.25273323,-0.9177548,-0.47080508,0.17912425,0.111475006,-0.32698363,0.11154686,0.25561592,0.14659162,1.2901502,0.25807157,-0.54600334,0.48449045,0.08659153,0.45852298,0.80538315,0.12446813,0.08108884,-0.36912763,-0.12522414
Q8TB24,-0.9309485,-0.44236973,-0.48603994,0.11930184,0.13033307,0.14135079,0.4734009,0.19266382,-0.36041108,0.24599609,-0.00888297,0.61938524,0.43714702,-0.2659456,0.24489108,0.48204237,-0.40798506,0.8974421,-0.7906895,0.5791899,-0.15768273,0.39684352,-0.26196426,-0.10657151,0.26498854,-0.15355478,-0.50207025,0.40876743,-0.027321534,0.476305,0.18287969,-0.109874554,0.5494803,0.5234062,0.51520634,-0.49754673,0.58747506,-0.46867415,0.48393086,0.51658463,-0.14656933,-0.18233462,0.54870373,0.039261542,0.4812003,-0.058470547,0.18019529,0.056372494,-0.29881746,0.2452025,0.13266131,-0.73459953,-0.7064744,0.09440629,-0.6486664,0.3087311,0.35262418,0.27551556,0.16184981,0.42864838,-0.14161502,-0.85101193,0.517992,0.17818946
Q9GLW8,-0.40506727,0.8122501,0.06589041,0.1861882,-0.5329589,0.0686385,0.059545934,-0.7009835,0.3645172,0.049411684,0.637392,0.46570215,-0.26370227,0.5495743,0.20975614,-0.5041436,-0.26815873,0.24676344,-0.22370428,0.84110343,0.092659846,0.04625245,0.16644743,-0.22758818,-0.0036264174,0.241786,-0.3621564,0.03815041,0.53514737,0.46710694,-0.3192356,0.4122398,0.103742376,0.59044725,-0.07974743,-0.5736951,-0.60356444,0.5622735,0.3720896,0.29483145,-0.7772676,-0.5274466,0.080899686,0.16329777,0.17693034,-0.64867646,-0.3531439,0.5354658,0.51396286,-0.18038332,0.38522044,-0.3383522,-0.16481669,0.48066628,0.32559404,-0.09343249,0.79625994,-0.28994745,0.17550516,0.5357497,-0.5226945,-0.645308,-0.40861875,0.2876144
O95163,-0.2431326,0.10356132,-0.17741595,0.18069847,-0.13530803,-0.09244543,0.34738797,-0.35350874,0.005114574,0.19338322,0.3623733,0.48829123,-0.0683916,0.22971511,0.12408918,-0.29699218,-0.45632356,0.27248174,-0.4236874,0.5060277,0.09891541,0.16300517,0.034602962,0.13044852,-0.054207545,-0.05776994,-0.3267207,0.3292774,0.35941565,0.4183515,-0.017488796,-0.012656112,0.3134119,0.51218766,-0.048448123,-0.28706467,-0.09366604,0.06454846,0.2763543,0.6668363,-0.4873218,-0.23680197,-0.121836014,0.31620687,0.31082252,-0.20342582,-0.22801545,0.4269013,-0.086699374,-0.016465839,0.14213717,-0.4471896,-0.2371676,0.14454027,0.06783375,-0.034122936,0.84726727,0.113887146,-0.057030417,0.23458156,-0.27986562,-0.47284338,0.07842812,0.25936085
Q7JXV9,-0.3478571,0.25796184,-0.15815675,0.17894776,-0.22515135,-0.061307486,0.29077896,-0.38169566,0.09030838,0.10365177,0.44048446,0.5277948,-0.11312464,0.29002625,0.082009435,-0.35068214,-0.3822143,0.3316215,-0.3904125,0.64548767,0.104160815,0.16609366,0.11002893,0.049578875,0.007523138,-0.022507675,-0.37223583,0.27470505,0.36904198,0.48091984,0.0049792677,0.09875183,0.31607038,0.56085384,-0.040772192,-0.37796175,-0.20403238,0.19855346,0.35221896,0.5697452,-0.57417446,-0.3089511,-0.049527623,0.23135772,0.3187439,-0.3778838,-0.25324485,0.4511366,0.024149451,-0.062409803,0.19281459,-0.46257615,-0.24079324,0.3238247,0.05898756,-0.052530073,0.80358005,0.08299022,0.07955374,0.35852852,-0.3045271,-0.5189792,-0.012577161,0.20936072
Q9NRD5,-0.6723952,0.14922217,-0.12694383,0.19184616,-0.24375857,-0.14649475,0.37230986,-0.59702766,-0.22254513,0.47336885,0.21382855,0.43891504,0.21105608,0.27399996,0.64049375,0.13362405,-0.40196386,0.47644952,-0.5831002,0.5409018,-0.22309794,0.23377845,-0.26974198,0.012355924,-0.035911094,0.2553731,-0.32382357,-0.08026126,0.44026962,0.40292832,-0.5658725,0.08600682,0.42757365,0.2518055,0.31273618,-0.30950847,0.01690992,-0.1389971,0.2647603,0.54194283,-0.24308039,-0.5295222,0.26455912,0.13473159,0.39965007,-0.09835565,-0.12408719,0.55397433,0.37722182,0.10435143,0.3256975,-0.61067146,-0.43066773,-0.35937154,0.13256647,0.29345867,0.8609942,-0.3257503,-0.08487887,0.15019803,-0.6931245,-0.86242586,-0.098145604,0.4012947
Q15038,-0.98647046,-0.4867142,-0.1858053,0.1635061,0.016052742,-0.092919946,0.45119208,-0.32489792,-0.6888111,0.67411375,-0.27963907,0.1954439,0.6722098,-0.10156312,0.98875916,1.0754609,-0.2784035,0.57351315,-0.7243922,0.15836032,-0.5245733,0.36354205,-0.68516594,-0.24236766,0.029486734,0.41052374,-0.06389709,-0.40796718,0.2171356,0.10585812,-0.7075433,-0.0036010488,0.64422524,-0.19501571,0.79339105,-0.24730952,0.47964412,-0.6700091,0.16126028,0.28311175,0.48153085,-0.303963,0.80872935,-0.19688094,0.57730645,0.34686017,0.3714163,0.23876292,0.35865864,0.14932437,0.23602855,-0.6281376,-0.63899565,-0.89009666,-0.13070326,0.5911279,0.24355954,-0.51240283,-0.039571643,-0.18910992,-0.74474734,-0.92701805,-0.11136483,0.36106586
Q9C019,-0.49668124,-1.0651047,-0.25028166,0.056646913,0.2036178,-0.17036426,0.569351,-0.046817202,-0.95067424,0.91135055,-0.48483944,0.2527572,0.87627953,-0.3638447,0.94659346,1.1495869,-0.6403771,0.53770024,-0.8175609,-0.10799639,-0.5059668,0.48505425,-1.1220547,-0.053081885,-0.241788,0.11623263,0.101759955,0.17964607,0.13179903,-0.1440594,-0.41497263,-0.56028944,0.5867182,-0.2302102,0.87187874,0.08283466,0.9172084,-1.1960046,0.085585766,0.63894147,0.46772856,0.13560219,0.57347476,0.2639469,0.48803312,0.8580987,0.5789015,0.1004259,-0.29328755,0.35541064,-0.11538693,-0.7657544,-0.6958075,-1.1808059,-0.47762057,0.5855277,0.2404462,0.032079875,-0.45917714,-0.3633899,-0.40221608,-0.61816305,0.44943208,0.45920962
P07335,-0.5235623,0.8140139,0.10855778,0.17401788,-0.55059654,-0.073969856,0.14095084,-0.9695075,0.21131751,0.35291412,0.48901665,0.40427312,-0.13303947,0.591157,0.57618463,-0.30494553,-0.35026667,0.3436892,-0.35250056,0.77299774,-0.0814437,0.06629452,-0.09410589,-0.19382155,-0.06456511,0.45106903,-0.33723718,-0.16141541,0.6654452,0.46364945,-0.7487471,0.38721702,0.09977641,0.36745143,0.09910748,-0.48246107,-0.5152514,0.36541986,0.2835398,0.3585834,-0.62709457,-0.70015955,0.2580426,0.21303749,0.25062484,-0.41662127,-0.3346536,0.6486518,0.7296082,-0.04183641,0.46861473,-0.43830222,-0.27916726,-0.03677231,0.46515512,0.15165606,0.94051504,-0.55126816,-0.049315117,0.4195633,-0.79148126,-0.92382765,-0.4468133,0.46688545
P11142,-0.35634843,0.9524746,0.15217875,0.1570421,-0.60970646,-0.089743346,0.10319226,-1.1533943,0.303606,0.3930093,0.55056864,0.39423588,-0.25028792,0.6780961,0.6089331,-0.4146642,-0.4158792,0.2698786,-0.3016032,0.7878382,-0.042974338,-0.011750778,-0.10351905,-0.20658295,-0.17161435,0.55811584,-0.3107075,-0.14830157,0.77485514,0.43357515,-0.8854631,0.42472926,-0.027851515,0.3596226,0.02764868,-0.52144045,-0.692565,0.4336644,0.20557174,0.31618345,-0.73796046,-0.6890835,0.19662945,0.30695826,0.20955542,-0.37074006,-0.42973444,0.70005125,0.8101816,-0.09580782,0.5023291,-0.33382773,-0.22615315,-0.05758272,0.6191637,0.1483461,1.0139818,-0.6326339,-0.09088985,0.46046275,-0.8308638,-0.8836505,-0.52939963,0.59019774
Q61171,-0.42663208,0.91160446,0.11648491,0.17339784,-0.5924015,0.04461241,0.036214612,-0.8390783,0.3658676,0.14114678,0.6196429,0.45030043,-0.2561847,0.60882723,0.33131722,-0.49066937,-0.27984232,0.27692524,-0.23763056,0.85634434,0.0394302,0.029829381,0.09264643,-0.2695083,-0.030545894,0.34629676,-0.35423136,-0.05226111,0.61665547,0.45147777,-0.4969838,0.4676966,0.055459805,0.5276059,-0.022411436,-0.5852258,-0.6583541,0.56049925,0.35355014,0.264445,-0.79714054,-0.61154985,0.14219269,0.18589965,0.18115658,-0.6200843,-0.36461756,0.58972806,0.64747685,-0.16367708,0.44441637,-0.34778363,-0.18868293,0.35024774,0.41425857,-0.027581431,0.84093636,-0.42562282,0.13052489,0.5386158,-0.64359015,-0.7525228,-0.47398832,0.37105337
P9WPE9,-0.04762464,1.088346,0.2891118,0.10533647,-0.51035964,0.17433876,-0.31171364,-0.4930555,0.6709374,-0.44193563,0.8714199,0.004724644,-0.62860316,0.523843,-0.19305189,-0.5810516,0.3825912,-0.5170913,0.33788985,0.43351406,0.19369793,-0.40299082,0.7408161,-0.3882006,0.07805611,0.17908522,-0.21326722,-0.2837613,0.16396837,-0.048102506,-0.097362414,0.72228307,-0.321025,0.31215605,-0.5166727,-0.46043152,-1.1654053,1.1283921,0.101820745,-0.36746597,-0.6736417,-0.3408794,-0.15625581,-0.28562805,-0.27398458,-0.92210054,-0.28406087,0.21676789,0.808325,-0.49685514,0.15922129,0.3844109,0.41623053,0.91537535,0.5577128,-0.48972982,0.17952709,-0.52148825,0.59227383,0.41732273,-0.42554355,0.14687784,-0.99163604,-0.11997262
P20068,-0.01495567,-1.192032,-0.037518784,0.101741984,0.7684198,-0.24152997,0.39067137,0.642472,-0.7106789,0.3432389,-0.55039966,-0.35595676,0.5685187,-0.68501055,0.26469067,0.92410284,0.012248136,-0.46334222,-0.19062078,-0.87970203,-0.34672254,0.07568034,-0.30524638,0.1297389,0.09394735,-0.39645216,0.36286724,-0.10713422,-0.54183614,-0.7145345,0.034031022,-0.53812546,0.37711415,-0.84595585,0.074601136,0.5597495,0.5711741,-0.8351647,-0.18683252,0.12584181,1.080776,0.56715024,0.15621544,-0.29572698,0.23153645,0.7763328,0.6664576,-0.36139137,-0.4896485,0.041132323,-0.6338502,-0.02728365,0.16921678,-0.8334416,-0.29316023,0.0867914,-0.42744672,0.2783916,-0.27249378,-0.65166306,0.09790824,0.5470768,0.13788614,-0.36533684
O82226,-0.083960935,0.07884774,-0.28793764,0.15094462,-0.05003166,-0.080969855,0.3580276,-0.2431101,0.10560243,0.085485086,0.4052893,0.58782417,-0.20770554,0.21672899,-0.12597682,-0.56681263,-0.49911273,0.3524762,-0.39497823,0.54958355,0.26731062,0.19133878,0.168515,0.24225739,-0.012013596,-0.244179,-0.40771985,0.5297631,0.33229777,0.5303024,0.2546334,-0.07440701,0.30348596,0.6579474,-0.22149834,-0.3027631,-0.09670319,0.12876086,0.29975364,0.74614733,-0.61714697,-0.15386285,-0.25669515,0.45714852,0.3495841,-0.25647682,-0.27912125,0.40235052,-0.337898,-0.021367595,0.09570284,-0.44074056,-0.27220598,0.3870216,0.043563355,-0.12008156,0.92512167,0.41309452,-0.057984672,0.41261473,-0.021520115,-0.39592192,0.2924832,0.21257955
P08191,0.14846659,0.14279804,-0.28612426,0.083322026,0.01844496,0.004440873,0.17430013,0.08369352,0.2533792,-0.24488378,0.5227123,0.48550493,-0.42085442,0.12601498,-0.5462693,-0.70112836,-0.22871333,0.22500688,-0.14296909,0.45951656,0.42339474,0.026408365,0.43143362,0.20440897,0.06060655,-0.44592136,-0.35952544,0.6481372,0.14704916,0.36717957,0.75786585,0.013622283,0.07821181,0.75491637,-0.5233481,-0.40081564,-0.24738985,0.4748456,0.3245907,0.51881397,-0.71092033,0.07797538,-0.3617388,0.30762613,0.15808156,-0.4505303,-0.2717723,0.15323651,-0.5227973,-0.13112749,-0.07770233,-0.14354932,-0.09947866,0.96856403,-0.046963338,-0.41037077,0.55134845,0.5932794,0.20994794,0.5456772,0.38147414,0.0072113853,0.23822212,-0.1179151
P28834,-0.081769824,0.9446423,0.15196897,0.12061225,-0.47804365,0.18214194,-0.18287104,-0.42074555,0.5924339,-0.34374222,0.8263808,0.24921656,-0.60185003,0.5088337,-0.21937272,-0.65521276,0.120847575,-0.16014266,0.13705057,0.6374812,0.25290126,-0.23038161,0.6039615,-0.29570305,0.052115563,0.072194755,-0.29317057,0.030744683,0.26830804,0.21384245,0.08103578,0.5573804,-0.16857946,0.58710736,-0.5117782,-0.57436615,-0.9340347,1.0008739,0.24008971,-0.039473563,-0.79779375,-0.3445281,-0.14583936,-0.08450509,-0.13021383,-0.8765096,-0.3576422,0.28628868,0.5103626,-0.36540592,0.2131322,0.15253542,0.13783187,0.9771154,0.38088125,-0.4129022,0.40564585,-0.24422468,0.48939177,0.58140826,-0.24522224,-0.06914672,-0.6402278,-0.032396667
P16951,-0.9999794,-0.22713688,-0.15403293,0.1318475,-0.1369835,-0.14394316,0.44509417,-0.5561467,-0.610716,0.7364167,-0.12413663,0.24836884,0.55873877,0.07425436,1.0381137,0.88656515,-0.33544248,0.67186254,-0.7558959,0.37014598,-0.5080704,0.348399,-0.717969,-0.18944871,-0.016408894,0.49001905,-0.18292359,-0.3302538,0.4106439,0.2198512,-0.7879114,0.04999664,0.52553064,-0.041215997,0.7680493,-0.27825028,0.38735494,-0.5268526,0.1975559,0.38177642,0.23392712,-0.49094972,0.7452914,-0.034617893,0.5174519,0.23639436,0.24031216,0.35525525,0.4882307,0.22706614,0.3451092,-0.718808,-0.72016066,-0.8460435,-0.06848774,0.62067527,0.48132128,-0.57672924,-0.1153254,-0.03299001,-0.8175669,-1.1028303,-0.10625237,0.51099735
Q9Y6K9,-0.8363538,-0.62970924,-0.3947104,0.21932028,0.14121844,-0.03293882,0.56376314,-0.045040645,-0.64403635,0.5368347,-0.09461968,0.41077226,0.61415464,-0.16530567,0.6481389,0.7780749,-0.45383683,0.5985805,-0.7653014,0.28728044,-0.3544796,0.4142302,-0.5199124,0.004967563,0.032214683,0.05996588,-0.2612129,0.09740107,0.1436806,0.2633006,-0.2529879,-0.23086634,0.6522332,0.15004215,0.6410877,-0.28872877,0.55770916,-0.71581167,0.2356067,0.5638795,0.16647,-0.16190732,0.41040772,0.024944656,0.533373,0.25809336,0.22345723,0.2371211,-0.11433836,0.17392273,0.119366735,-0.73167795,-0.571789,-0.52803004,-0.39257923,0.38385287,0.48689812,-0.017376639,-0.017004654,-0.021969393,-0.45140392,-0.7476347,0.2612956,0.3165846
P01772,-0.50779325,-0.7807103,0.13045973,-0.049745366,-0.09190272,-0.21523094,0.27634978,-0.3432602,-0.7650086,0.87618256,-0.4987918,-0.082812,0.7392695,-0.27854645,1.1320469,1.3702854,-0.2810754,0.120170474,-0.53623474,-0.31597617,-0.6127388,0.2770791,-1.0789182,-0.33659804,-0.14713815,0.5420244,0.28530455,-0.47193912,0.009802845,-0.40680006,-1.0194595,-0.2056935,0.40537095,-0.6857757,0.8491188,0.24839473,0.51641786,-1.0913568,-0.12383906,0.13140158,0.7622762,-0.013177093,0.91711587,0.0067193136,0.31770518,0.84065163,0.7890044,-0.001301473,0.4612432,0.16813545,-0.10084303,-0.47936672,-0.4036031,-1.484183,-0.106502846,0.6628331,-0.11135562,-0.4338647,-0.47815353,-0.6149453,-0.73714995,-0.54992276,-0.17922725,0.49844486
O75751,-0.37937036,-0.144773,-0.17902903,0.11809021,-0.11737056,-0.18530294,0.45437062,-0.49470797,-0.29245684,0.5732641,0.09666308,0.39788917,0.25503635,0.12220613,0.6328594,0.1474733,-0.6259067,0.43699354,-0.6726423,0.40413442,-0.1331091,0.2665837,-0.46128124,0.08625367,-0.18184893,0.17253232,-0.2094819,0.22811241,0.4054161,0.32317406,-0.41557077,-0.16868082,0.36478853,0.29786357,0.3097379,-0.09430374,0.26488453,-0.35135603,0.19431615,0.76879776,-0.23655224,-0.28200108,0.13065282,0.40758526,0.3733327,0.2342204,-0.024687149,0.47774255,0.051080402,0.23278792,0.19507927,-0.62926537,-0.5370932,-0.57964444,0.0053579984,0.33568484,0.8826519,-0.10585447,-0.3465919,0.07471673,-0.48471355,-0.7523252,0.20548713,0.50215805
Q9Y6X0,-0.9491255,-0.12524961,-0.39742312,0.16517547,-0.0459265,0.112704396,0.37366953,-0.016461575,-0.2529162,0.19616202,0.18750325,0.6080538,0.32236463,-0.055187307,0.25802115,0.32080793,-0.27013958,0.7498537,-0.6750036,0.63122374,-0.18563657,0.33079416,-0.08206391,-0.07910049,0.26935416,-0.050488725,-0.50713336,0.18530102,0.08579308,0.50750035,-0.010405827,0.07278537,0.5374001,0.4463841,0.4086775,-0.5618212,0.27329448,-0.25632408,0.46705177,0.40748432,-0.25280795,-0.31182483,0.44227666,-0.057514884,0.45164627,-0.2995845,0.03786347,0.22285014,-0.016098723,0.105464205,0.21166134,-0.6636396,-0.50804263,0.2028283,-0.4016625,0.18925992,0.4928159,0.10930973,0.25931814,0.39604455,-0.33992302,-0.81923795,0.20118111,0.132172
P05113,-0.05567865,-1.2497377,-0.16138008,0.09816878,0.7766004,-0.13928346,0.40299925,0.867892,-0.60337067,0.18514577,-0.4645506,-0.2690781,0.50305,-0.75215983,0.056275457,0.8496133,0.009165667,-0.43854716,-0.21640074,-0.7964768,-0.24003391,0.06300846,-0.08767446,0.17260703,0.14962602,-0.5510144,0.2189082,0.0825399,-0.57508063,-0.5656603,0.2844624,-0.5804976,0.42415234,-0.578379,-0.0047216937,0.41251296,0.61605144,-0.75263005,-0.0914379,0.1362277,1.0014585,0.6402841,0.019382358,-0.27029565,0.18371439,0.5931146,0.5722856,-0.3916163,-0.6815462,0.013597801,-0.6482481,0.0026248656,0.21857885,-0.49397838,-0.42562002,-0.030885749,-0.41280365,0.4282322,-0.12294211,-0.52144825,0.32946986,0.61683613,0.21724683,-0.47631174
O88273,-0.60570717,-1.0920551,-0.28742325,0.16453533,0.40539905,-0.10281156,0.4593159,0.30471733,-0.84395504,0.47381198,-0.5015736,-0.01915519,0.83294886,-0.5630907,0.6690604,1.2256513,-0.28377903,0.21314505,-0.55640435,-0.39647552,-0.5351535,0.31546742,-0.60910153,-0.08727222,0.05873781,-0.03287086,0.11616914,-0.1765184,-0.26213768,-0.22956859,-0.28184858,-0.3848751,0.6603875,-0.46878895,0.6656889,0.11203918,0.71291566,-0.99317753,0.08192706,0.256572,0.851527,0.23730767,0.52683747,-0.21435484,0.4706759,0.60494995,0.565725,-0.09363704,-0.19171964,0.15101679,-0.25512266,-0.46017691,-0.26970148,-0.8643307,-0.39981607,0.36068723,-0.19949596,-0.03387803,-0.11568803,-0.5052283,-0.27076387,-0.19536106,0.16213405,-0.017359577
O95399,-0.12152398,-1.2201654,-0.11838059,0.09494884,0.7800763,-0.18673131,0.38322645,0.74759924,-0.6898745,0.24739033,-0.52541435,-0.34466425,0.59475386,-0.766386,0.22602543,0.9829563,0.054367267,-0.38611236,-0.21165293,-0.8479495,-0.32519996,0.090415776,-0.22558144,0.11495817,0.16505446,-0.44605294,0.29473656,-0.07602897,-0.6316219,-0.6321875,0.11932793,-0.5471336,0.41530082,-0.7687929,0.09207139,0.49457586,0.623562,-0.8004258,-0.12500736,0.10144521,1.061785,0.5918905,0.20256664,-0.34099355,0.22283608,0.68593055,0.6589076,-0.40997884,-0.520879,0.05939579,-0.6385076,-0.042244818,0.14432454,-0.6636433,-0.374197,0.063167684,-0.50087345,0.32576716,-0.1846376,-0.59520036,0.18870942,0.5547123,0.1822635,-0.4769823
O14842,-0.44222507,-1.0164253,-0.3210238,0.09254666,0.32035306,-0.093364075,0.5699208,0.14928846,-0.7590957,0.7089649,-0.3768652,0.30405736,0.6706671,-0.40828753,0.64300317,0.88068897,-0.6122313,0.5003476,-0.7829273,-0.03345002,-0.31109947,0.41109866,-0.78936315,0.0225752,-0.10618073,-0.05895698,-0.015557174,0.3463672,0.020982018,0.003383346,-0.13853373,-0.5519144,0.54589564,-0.0115966685,0.5986362,0.015683852,0.8476724,-0.9956665,0.1396141,0.7051814,0.3565517,0.14209549,0.39788154,0.25892597,0.44854146,0.71893966,0.42001256,0.039119758,-0.4780117,0.31248152,-0.1275714,-0.67357606,-0.6151978,-0.847309,-0.5186015,0.45773935,0.30025727,0.21362363,-0.36383832,-0.17208141,-0.16797636,-0.52549756,0.5498149,0.31198585
P0C1S8,-0.6932188,0.11330602,-0.25960672,0.1632143,-0.18226118,-0.04643059,0.39849353,-0.4120722,-0.13429281,0.34771478,0.26395896,0.6146103,0.14314505,0.17819282,0.33870652,-0.044913687,-0.5011797,0.6765099,-0.64744323,0.6960876,-0.07993403,0.29755884,-0.16573071,0.05884494,0.066067204,0.05596818,-0.4750781,0.23537633,0.36885706,0.5846569,-0.20644939,0.0003363595,0.43478397,0.55369955,0.30240917,-0.38006228,0.13634565,-0.104424804,0.41043204,0.68409485,-0.47586486,-0.47428843,0.19594213,0.29628557,0.37760472,-0.22559594,-0.18063617,0.4596095,0.09227488,0.14085619,0.28313097,-0.73956853,-0.51662695,-4.531443e-05,-0.12465316,0.21626067,0.88131666,-0.0018449128,-0.05676303,0.3828358,-0.4613207,-0.9160859,0.19368213,0.3860616
P83780,0.03959781,0.9023683,0.1000779,0.08239624,-0.397949,0.22654594,-0.14377323,-0.28570938,0.67660314,-0.3482168,0.86226994,0.41054532,-0.7506762,0.49036595,-0.39179048,-0.9092203,-0.040414177,-0.0055252984,0.059031695,0.7714752,0.42615205,-0.17802396,0.64017916,-0.20449355,0.040058743,-0.064830266,-0.33495343,0.34579462,0.34339112,0.4018358,0.36664376,0.42926505,-0.19168657,0.8672791,-0.65721405,-0.62019855,-0.82858264,1.0399244,0.30368662,0.17245468,-0.95335776,-0.3029929,-0.27875775,0.11410853,-0.13565329,-0.9031006,-0.46498278,0.27925587,0.19323026,-0.30603737,0.20737979,0.11464466,0.021759052,1.1813923,0.26078424,-0.44285753,0.56137437,0.03166145,0.42393345,0.8075866,0.025605187,-0.118319005,-0.36119673,0.00297728
P05062,-0.37853357,0.79032063,0.10116168,0.19829293,-0.51201105,-0.03741106,0.114742965,-0.90149194,0.25013852,0.2533286,0.54950094,0.39376512,-0.19687314,0.56886876,0.44888344,-0.3949297,-0.34744382,0.20379254,-0.27592802,0.72749615,-0.003945723,0.04358355,-0.015386922,-0.17704354,-0.08816652,0.37871376,-0.28709048,-0.068856254,0.61975163,0.39951843,-0.61536396,0.35573933,0.084527545,0.40352646,-0.003850326,-0.4729482,-0.5746454,0.40941283,0.24672517,0.34697574,-0.6367646,-0.5783573,0.1239306,0.2104733,0.21766303,-0.43077862,-0.33339408,0.60115635,0.62812525,-0.12585802,0.41104296,-0.36072573,-0.1924954,0.085359186,0.47509798,0.03355708,0.9152485,-0.44653314,-0.017133273,0.4011983,-0.70210814,-0.731894,-0.4465604,0.43975186
P14091,-0.5798288,0.17160782,0.010335564,0.18937331,-0.2512596,-0.15988371,0.2687499,-0.7211278,-0.22038233,0.4391968,0.20680265,0.15188871,0.23707265,0.22654215,0.8193679,0.36638492,-0.30572912,0.18778402,-0.47872648,0.30088535,-0.27502966,0.13742626,-0.349484,-0.15228006,-0.09694585,0.46654466,-0.048267648,-0.29506034,0.41467053,0.20583001,-0.76647294,0.13762344,0.27184632,-0.015334684,0.3376755,-0.19906746,-0.11085123,-0.1272563,0.08139799,0.35597947,0.015277161,-0.41735518,0.36026558,0.013705455,0.31537917,0.019239798,0.020886518,0.44806647,0.5961159,0.035046846,0.276278,-0.43628922,-0.28061512,-0.5606986,0.28541142,0.2801346,0.62539375,-0.6016619,-0.12357933,-0.07558544,-0.7939242,-0.72017217,-0.37608513,0.41329974
P43067,-0.16909562,0.8664325,0.12628435,0.16047607,-0.5188919,0.10418043,-0.037430048,-0.6233722,0.47136465,-0.08810047,0.73271364,0.4023105,-0.44340372,0.5692037,0.0051747374,-0.6476774,-0.17180344,0.045307092,-0.07283419,0.7722334,0.19810517,-0.06559936,0.3208936,-0.23839849,-0.049371924,0.17807111,-0.298016,0.107966915,0.48096773,0.34752986,-0.11825016,0.45140985,-0.036441363,0.63616574,-0.29544792,-0.5661291,-0.7588981,0.7443715,0.29969552,0.19623469,-0.8160247,-0.42886132,-0.07749102,0.11960241,0.054901615,-0.7138181,-0.3776259,0.44797602,0.45744932,-0.28019124,0.30715507,-0.12259406,-0.036903273,0.6765004,0.37387338,-0.23855042,0.68826455,-0.23542945,0.26123008,0.548685,-0.3876236,-0.39222994,-0.48454207,0.23070884
P62310,-0.82327497,0.1838521,0.20115636,0.24578896,-0.27364558,-0.1283653,0.117774256,-0.7999682,-0.31082174,0.45755473,0.17547047,-0.07816745,0.27722594,0.21886191,1.1002219,0.7848119,-0.085428394,0.025319759,-0.3496815,0.12724756,-0.50171995,0.11071688,-0.3385074,-0.37002224,0.0822231,0.7316536,0.11351816,-0.8769399,0.28824228,0.13174123,-1.0917431,0.32361966,0.28429216,-0.43886825,0.3954042,-0.15975171,-0.2281903,-0.13844623,-0.014675692,0.04323618,0.46524537,-0.51680887,0.6110638,-0.41517106,0.26022148,-0.029584974,0.16931589,0.3844715,1.0759959,-0.031104267,0.26378843,-0.3281708,-0.09258333,-0.69002914,0.39402252,0.40718952,0.37236595,-1.0340096,0.08273716,-0.3199632,-1.0556297,-0.67300195,-0.81917334,0.3337204
P13797,-0.67789125,0.5137564,-0.006137804,0.15860322,-0.44776103,-0.15975334,0.28221595,-0.84744537,-0.049753934,0.50427955,0.32969433,0.43148416,0.059649587,0.4675295,0.68248755,-0.04336512,-0.40593344,0.51583683,-0.5360077,0.7152457,-0.20648609,0.16371611,-0.2724243,-0.07522595,-0.047668602,0.3815532,-0.37727016,-0.1185167,0.60985136,0.4794917,-0.7005379,0.2392193,0.26220688,0.34248212,0.27966827,-0.3757561,-0.17195976,0.09980157,0.32484314,0.5074183,-0.4441504,-0.7155063,0.31343693,0.21757105,0.3056335,-0.26257735,-0.24718294,0.6235754,0.60765356,0.121687725,0.425276,-0.6017278,-0.44137263,-0.28864038,0.2591533,0.30297884,0.94847983,-0.49930578,-0.1258648,0.3071407,-0.8023338,-1.0390726,-0.24671882,0.48779815
Q9NYB9,-0.9106864,-0.076545164,-0.07535337,0.10765231,-0.22830485,-0.19706422,0.40343434,-0.68417144,-0.5002474,0.72884715,-0.046125814,0.24269082,0.45467553,0.1684623,1.0625054,0.7396092,-0.31893235,0.6154644,-0.72836,0.4084128,-0.45709074,0.2950727,-0.6571791,-0.18369365,-0.054353062,0.53448427,-0.16900095,-0.343106,0.47113338,0.24128762,-0.85079986,0.09548307,0.43657702,-0.022084568,0.66501796,-0.24775933,0.2657873,-0.40000647,0.17473446,0.39669526,0.15307797,-0.56711835,0.69522315,0.020114563,0.46015704,0.18169878,0.16008577,0.4239206,0.59668183,0.23834057,0.38906595,-0.6800868,-0.66148144,-0.85133076,0.0747471,0.60563433,0.59034824,-0.6562696,-0.1587725,-0.023964494,-0.8439603,-1.0993665,-0.19042054,0.5393526
P38011,-0.18857312,0.8878372,0.29046354,0.14896955,-0.41831303,0.13223365,-0.2889899,-0.45413563,0.5048215,-0.3520318,0.6725714,-0.077087775,-0.40405026,0.39356,-0.008321095,-0.32204175,0.40065128,-0.4794148,0.3218513,0.25547466,0.053741895,-0.33519086,0.637501,-0.42641225,0.13194706,0.21412626,-0.054874107,-0.49414137,0.080079705,-0.08653344,-0.25079516,0.682261,-0.17518952,0.06464255,-0.36787158,-0.38989007,-1.008965,0.9421749,0.103978686,-0.3827296,-0.37175146,-0.28498542,0.038070776,-0.42349118,-0.14424886,-0.80626035,-0.17348453,0.18286233,0.8510567,-0.48110563,0.10869968,0.32125044,0.42283684,0.6940252,0.5505271,-0.41572514,0.062656224,-0.5916189,0.542288,0.20942408,-0.48816782,0.13500461,-1.0266483,-0.20262966
P78352,-0.7267618,0.16440997,0.010209515,0.079633504,-0.368471,-0.27193362,0.33803025,-0.88143253,-0.34381637,0.70822227,0.09309031,0.21921389,0.27942586,0.301556,1.0772619,0.49760807,-0.34076065,0.51689804,-0.6671921,0.4486516,-0.38228208,0.19641502,-0.57687306,-0.17366579,-0.12699214,0.5939088,-0.15406618,-0.31963453,0.5700697,0.28093803,-0.92209506,0.16352582,0.27869213,0.016653623,0.50200546,-0.20620291,0.057175964,-0.20996597,0.14057556,0.43035844,0.013417437,-0.64496464,0.5695729,0.13272512,0.3669318,0.09911764,0.02267643,0.51873934,0.729664,0.25158018,0.43379936,-0.6062208,-0.5631825,-0.8436592,0.28796148,0.54417765,0.7569202,-0.74363405,-0.23164397,0.0035768747,-0.8750446,-1.0630413,-0.30352968,0.5918283
Q27820,0.08198567,1.0504442,0.1771758,0.07049088,-0.33818156,0.27183452,-0.27635622,-0.1728411,0.7686656,-0.51524115,0.9161794,0.25335243,-0.8937935,0.41970983,-0.5547074,-0.91348886,0.22269687,-0.22429481,0.22711933,0.6479556,0.47674614,-0.3609223,0.8662048,-0.26309836,0.15236528,-0.12982783,-0.3299898,0.26573288,0.15786,0.24266136,0.45071056,0.51997876,-0.39977264,0.7643574,-0.84645605,-0.5706613,-0.9577292,1.2760229,0.2552138,0.02021709,-0.96893877,-0.28864303,-0.334639,-0.05695092,-0.36391574,-0.9776068,-0.46145365,0.11270768,0.2702517,-0.33178073,0.1270828,0.3440735,0.15026747,1.3718035,0.28539094,-0.5450427,0.35559255,-0.056918755,0.5519554,0.8460223,0.06756915,0.109377,-0.4723823,-0.21366778
Q0P891,0.010663837,0.81695336,0.09004603,0.10430406,-0.27985367,0.17878307,-0.2173503,-0.03664705,0.63059735,-0.606339,0.8152911,0.07627662,-0.71391666,0.34434298,-0.52746385,-0.65294206,0.3604377,-0.359576,0.33133566,0.42413062,0.2888078,-0.36176813,0.91442764,-0.20234135,0.21329933,-0.16681065,-0.29062513,-0.0007076375,-0.013481799,0.11902109,0.42580554,0.5157619,-0.19962993,0.50042343,-0.70810795,-0.4882739,-0.9785972,1.139976,0.21793488,-0.17135808,-0.6519657,-0.15601896,-0.31396294,-0.28778577,-0.24588805,-0.9656874,-0.35869852,0.12059911,0.35075954,-0.42787266,-0.0035758838,0.3644922,0.39435387,1.2519861,0.2911472,-0.6057367,0.116718575,-0.10144846,0.7015037,0.56325763,0.020903364,0.33948594,-0.68708473,-0.40382814
Q15843,-0.84188545,0.121445306,0.12442455,0.13631605,-0.3078347,-0.23410767,0.24483295,-0.9245386,-0.36711106,0.6394184,0.060797133,0.012837373,0.28245646,0.24887142,1.2436222,0.7840629,-0.19420242,0.31503722,-0.55296004,0.27597457,-0.44026995,0.1599097,-0.55837566,-0.33373803,-0.016670693,0.7960546,0.044437125,-0.65965074,0.49076104,0.22870833,-1.1223724,0.22108029,0.24655569,-0.30075654,0.5072452,-0.1695019,-0.057071514,-0.25416023,-0.01228898,0.24433056,0.34422204,-0.6080591,0.73301584,-0.10934269,0.3655494,0.14887159,0.16512251,0.41998067,0.9512704,0.14307766,0.41467282,-0.49878794,-0.4027167,-0.905869,0.3942769,0.58461297,0.5370565,-0.9668878,-0.15894029,-0.17277539,-0.9752134,-0.9533639,-0.5480789,0.53818864
O54785,-0.59396815,-0.009439178,-0.15606616,0.19734418,-0.15262191,-0.14482708,0.38501647,-0.49555787,-0.29321516,0.45151022,0.17675753,0.37121868,0.25830868,0.17386717,0.5891113,0.238901,-0.4223314,0.38595548,-0.5846401,0.4077404,-0.22433922,0.21127164,-0.2930256,0.035723433,-0.07122262,0.21067259,-0.25138426,-0.016420018,0.3813942,0.31811434,-0.47036007,0.011988002,0.41798955,0.21676333,0.3157256,-0.2677696,0.083869666,-0.21104963,0.22343019,0.5637754,-0.15465555,-0.3938429,0.2098121,0.13277945,0.38023722,-0.012546942,-0.06270494,0.4656563,0.24960126,0.081035234,0.23830906,-0.56736577,-0.3787712,-0.3999856,0.06979273,0.24414206,0.7629721,-0.27205914,-0.09467808,0.02197349,-0.6305768,-0.7401111,-0.054501176,0.38062647
P18670,-0.1062997,-0.23225856,-0.13201992,0.1163578,0.104731426,-0.06921378,0.17020893,0.13326435,-0.14912556,-0.030044354,0.19550508,0.095000595,0.03501849,-0.07806927,-0.083516106,0.13708414,-0.028056256,-0.16361678,-0.14333889,-0.030185964,-0.034207575,-0.05094199,0.19493558,0.04454595,0.045712024,-0.13174132,-0.09712833,0.086234644,-0.04195712,-0.08887942,0.21916845,-0.0264082,0.23130709,0.047214583,-0.095195755,-0.11924933,-0.14167072,0.027394803,0.10808534,0.2146943,-0.030295303,0.12743577,-0.1420717,-0.07545859,0.1284866,-0.11301282,0.059694737,0.07436045,-0.10058471,-0.16267134,-0.19617867,-0.115484476,0.13005565,0.17924516,-0.06447672,-0.18360576,0.11100911,0.10645963,0.24306932,-0.045053408,-0.030613285,0.15419263,-0.15915436,-0.17803115
P18014,0.31501472,-0.118244216,-0.2977343,0.028407352,0.106082454,-0.0655906,0.2562124,0.15858272,0.13258348,-0.06844991,0.3787306,0.41556427,-0.32900333,0.04593671,-0.51832604,-0.57513195,-0.28555763,0.07897012,-0.2032671,0.25670007,0.40425736,0.037530668,0.2684653,0.2709907,-0.034033056,-0.52574664,-0.32907867,0.75452685,0.09925833,0.18579385,0.7136321,-0.18983635,0.047274373,0.6316454,-0.47067198,-0.1870167,-0.07840049,0.2331191,0.22007734,0.6159859,-0.60514194,0.20793588,-0.47596705,0.47400576,0.12350011,-0.14530231,-0.17156199,0.1036242,-0.68698764,-0.045096785,-0.1898685,-0.15909354,-0.11977455,0.63930947,-0.12846215,-0.32841453,0.55656326,0.6960056,0.003784813,0.42244297,0.4443614,0.099002756,0.38956037,-0.03750059
P60010,-0.53002584,0.6011997,0.19590665,0.16771846,-0.41191238,-0.19188577,0.12727913,-1.122136,0.06901948,0.4427172,0.3337112,0.09478757,0.00010956824,0.45121035,0.96485496,0.12982446,-0.25312343,0.09462135,-0.3307802,0.3371808,-0.23284997,0.021134073,-0.1943818,-0.28689522,-0.086994275,0.7187569,-0.01991193,-0.6291033,0.55651146,0.30940884,-1.1439204,0.37826928,0.09221456,-0.14566833,0.15868342,-0.25512052,-0.51250243,0.17196757,-0.0051931515,0.1650695,-0.017128417,-0.62897533,0.4562679,-0.037752658,0.27729282,-0.1303052,-0.1470725,0.5780402,1.0363613,-0.029443666,0.42388192,-0.26575136,-0.13957906,-0.53506947,0.67921335,0.32428867,0.727981,-0.9634505,-0.107768126,0.009373821,-0.96905,-0.82007277,-0.74078083,0.48782587
P0DN86,-0.6359347,-1.1509551,-0.3504677,0.14752102,0.4198538,-0.096221104,0.52925026,0.32212046,-0.8844334,0.55870444,-0.52018154,0.09312041,0.8623777,-0.60317254,0.73217285,1.2363657,-0.39358136,0.4252609,-0.6614593,-0.29354048,-0.5045128,0.413946,-0.72273153,-0.09245507,0.039820638,-0.07135757,0.09924276,-0.015414935,-0.23607907,-0.111795254,-0.22435066,-0.48840302,0.68406236,-0.33651796,0.73374283,0.05657369,0.8438712,-1.0752294,0.11024617,0.39440912,0.7700551,0.24865638,0.6047129,-0.10448503,0.53233844,0.6815033,0.5599145,-0.08031316,-0.31870878,0.23066847,-0.23767744,-0.5773088,-0.44929823,-0.85497415,-0.51188004,0.41662735,-0.11143033,0.071627244,-0.17283073,-0.37778354,-0.21087082,-0.33327723,0.34044254,0.061340854
P62136,-0.5459887,0.69218373,0.0328276,0.12511505,-0.5400669,-0.17988005,0.26342323,-1.0218666,0.0832306,0.567922,0.3672182,0.44325247,-0.07719594,0.5538379,0.72169113,-0.21573113,-0.50763506,0.5257547,-0.50748396,0.79322714,-0.14194004,0.096374236,-0.2859862,-0.08759063,-0.13022318,0.45810786,-0.41942322,-0.06070063,0.72890335,0.5551789,-0.8439434,0.25071654,0.12686744,0.39308596,0.19561133,-0.37092012,-0.30036327,0.21271712,0.31808832,0.57094973,-0.599757,-0.78287506,0.2644285,0.38996175,0.23138146,-0.2485858,-0.3645282,0.7036882,0.6935409,0.16020061,0.48711583,-0.5571719,-0.45506337,-0.34083384,0.4077205,0.33496004,1.1187721,-0.5415666,-0.23633784,0.44430143,-0.80892193,-1.0837139,-0.25139058,0.6031235
O60814,-0.87037194,-0.14072806,0.18080625,0.14720973,-0.2314244,-0.18828887,0.20093367,-0.7826881,-0.53848445,0.6850962,-0.0632963,-0.10567039,0.39810205,0.121132575,1.2532728,1.1211517,-0.1944476,0.15924776,-0.52360994,0.103422746,-0.5599718,0.16459098,-0.6887357,-0.37949526,0.022812579,0.8744221,0.13666709,-0.7750926,0.34298694,0.03698995,-1.1279011,0.13657935,0.29876542,-0.5107149,0.6019734,-0.08666754,0.0723905,-0.4666915,-0.089301474,0.18450719,0.57877725,-0.4483632,0.77732944,-0.235084,0.31990427,0.2846083,0.36287823,0.28862166,0.955842,0.07777986,0.2814377,-0.5085815,-0.35109207,-1.0479922,0.28859243,0.64428574,0.314796,-0.9611288,-0.12860271,-0.40211213,-0.98723155,-0.79307276,-0.5643312,0.5193753
P75391,0.23894319,0.7893202,0.122841716,0.07568008,-0.2175533,0.15652508,-0.20271116,-0.041392952,0.6698166,-0.49427512,0.8370191,0.1969094,-0.80787235,0.37904194,-0.627582,-0.9007132,0.16205904,-0.32480973,0.2367309,0.48340142,0.42692542,-0.32012415,0.8531374,-0.06427519,0.13176355,-0.2709772,-0.28025007,0.32265887,0.091676995,0.17189214,0.58919144,0.35744056,-0.3049785,0.6603747,-0.8621018,-0.4292315,-0.8747372,1.107573,0.23143312,0.068556696,-0.80568886,-0.10676469,-0.4919423,-0.028241716,-0.26159757,-0.8710065,-0.43168786,0.123165354,0.07995439,-0.35677898,-0.02015324,0.29652938,0.32033163,1.2569087,0.25278947,-0.59945166,0.35879326,0.13313949,0.4855957,0.6520385,0.20005298,0.29997233,-0.41949403,-0.26554525
O75674,-1.0152953,0.17050496,-0.15503494,0.19911538,-0.21657188,0.01725692,0.25369257,-0.4134957,-0.25176072,0.27948353,0.19026537,0.3589065,0.36608893,0.13145489,0.6162824,0.485838,-0.12089695,0.5444102,-0.5428547,0.5026535,-0.348157,0.24803397,-0.1891005,-0.257941,0.18228033,0.3079363,-0.26727712,-0.31633848,0.25708073,0.33863333,-0.50213337,0.31583014,0.4478338,0.11353749,0.49735233,-0.5052452,0.033030525,-0.11350754,0.33292034,0.17423823,-0.057311967,-0.48155013,0.62775147,-0.26398364,0.4373744,-0.30258226,0.080216035,0.3221067,0.49319175,0.023987032,0.3114586,-0.5259267,-0.41157305,-0.11707987,-0.047384214,0.25789112,0.39136565,-0.44426697,0.2446509,0.16073745,-0.74876493,-0.92474234,-0.2860101,0.1883269
Q27727,-0.08829126,0.9849938,0.15218675,0.117439605,-0.55193394,0.19723943,-0.13075256,-0.58062536,0.59937525,-0.17876935,0.83838904,0.4306327,-0.60607636,0.59906465,-0.114056885,-0.7706316,-0.12699515,0.020450056,-0.01684793,0.8347157,0.28629822,-0.13402057,0.42195487,-0.27196047,-0.0440483,0.15447718,-0.3316992,0.19034593,0.48082373,0.369886,-0.029521454,0.4882353,-0.14605683,0.7572686,-0.42807603,-0.64299357,-0.86253244,0.9001233,0.28929493,0.14415646,-0.95974696,-0.4305528,-0.14874971,0.152509,-0.06012964,-0.80622363,-0.4352229,0.41050696,0.44711706,-0.31750834,0.3331144,-0.016103167,-0.031130727,0.8907148,0.3734962,-0.30747136,0.6809106,-0.19334722,0.3233798,0.69751453,-0.2987889,-0.31840786,-0.48341185,0.21924022
P14209,-0.8618767,-0.7719,-0.16805664,0.095658615,0.14994928,-0.08140081,0.36329216,-0.039109558,-0.85355616,0.6168922,-0.49643868,0.004789673,0.8339111,-0.46850285,0.99406075,1.4465911,-0.17587161,0.42765465,-0.5886091,-0.19466878,-0.62002176,0.32084307,-0.8267134,-0.38780737,0.0837556,0.34457418,0.1357246,-0.45487514,-0.16603883,-0.19477913,-0.66348565,-0.1661698,0.60037124,-0.54032755,0.8986864,-0.0033376217,0.60128313,-0.92069906,0.050055604,0.11163944,0.7663083,0.03549506,0.96494377,-0.30158588,0.4444287,0.60779625,0.6568172,-0.042458266,0.29680184,0.18841355,-0.06683052,-0.5222627,-0.5636278,-0.9954629,-0.31716487,0.5746737,-0.2769298,-0.4204427,-0.041008927,-0.34818143,-0.61064637,-0.5610372,-0.07239745,0.15393236
Q9Y2D8,-0.6701801,-0.4949862,-0.32569885,0.2531418,0.11598699,-0.0753679,0.4730368,-0.03847835,-0.5110001,0.3250245,0.043454222,0.30955377,0.4640873,-0.10451671,0.4383354,0.58040774,-0.30345517,0.3044922,-0.5630406,0.18186046,-0.29191068,0.26470345,-0.21556613,0.08041355,0.032058835,0.019810796,-0.22659305,0.0016806535,0.12680164,0.19421318,-0.18301721,-0.119382866,0.5899593,0.08441873,0.40822843,-0.2589279,0.276885,-0.47697416,0.19344813,0.4745891,0.13585939,-0.123816505,0.18480974,-0.07453294,0.46099633,0.06020026,0.12560862,0.25772005,-0.0640486,0.014375001,0.049177006,-0.52838886,-0.26431245,-0.32131767,-0.20729807,0.15890375,0.45047098,-0.039108977,0.105870664,-0.15179572,-0.42678928,-0.45278925,0.042477176,0.13555197
Q8TAU3,-0.7195928,-0.6910958,0.032884166,0.027772577,0.0073519535,-0.10823503,0.2229151,-0.16052142,-0.7904038,0.69254345,-0.4709512,-0.09337717,0.74994904,-0.41557208,1.012157,1.5021876,-0.13225034,0.14131394,-0.48796853,-0.30404976,-0.66236216,0.19554986,-0.8652074,-0.42031926,0.048424017,0.46331862,0.19692297,-0.55888784,-0.22347783,-0.38563937,-0.89289194,-0.1671354,0.42154568,-0.70835894,0.8150059,0.15086207,0.4851508,-0.9504569,-0.05750134,0.02169776,0.79024065,0.027156044,0.9253442,-0.2621276,0.21558455,0.6904671,0.71657443,-0.087044634,0.5348701,0.16258554,-0.1267292,-0.43827456,-0.38805452,-1.1690402,-0.22617164,0.61728406,-0.2942366,-0.52774066,-0.16434142,-0.47460395,-0.7097757,-0.44213223,-0.24044645,0.25337055
P15336,-1.0114186,-0.24816203,-0.15213199,0.13865355,-0.12407963,-0.13517755,0.44214714,-0.5429419,-0.6239752,0.7301038,-0.13831905,0.23080117,0.5699833,0.055699773,1.0490081,0.92906874,-0.32083416,0.65327424,-0.74466765,0.34330595,-0.5161778,0.34861758,-0.7231187,-0.20862831,-0.0048703738,0.5009093,-0.1610102,-0.3604043,0.39177772,0.20607337,-0.80045724,0.051827583,0.53274214,-0.076877296,0.77716637,-0.278364,0.386962,-0.54717946,0.18195564,0.35736006,0.27472574,-0.47164282,0.7685331,-0.06526215,0.52360964,0.25396508,0.26620227,0.33647,0.49244007,0.21223845,0.33702347,-0.704462,-0.7103373,-0.85667634,-0.06591013,0.6208375,0.44729507,-0.5865589,-0.10607726,-0.051707774,-0.82392466,-1.0880694,-0.123578966,0.5006961
P0A8M3,-0.13837525,0.74041235,0.017867502,0.10416849,-0.4612737,0.0699423,0.09976861,-0.67696285,0.4268587,0.10875342,0.6058811,0.5734161,-0.41279185,0.54142207,0.077226296,-0.7659279,-0.5114399,0.33913752,-0.29268104,0.8692229,0.24475898,0.07816397,0.10541978,-0.108565554,-0.0561503,0.13624421,-0.37635982,0.33470038,0.58178014,0.5864224,-0.14286,0.21327654,0.038195133,0.7944258,-0.1621808,-0.48234934,-0.4480302,0.52929777,0.38244298,0.5702924,-0.91098315,-0.45967117,-0.099052496,0.48702905,0.16459256,-0.51344585,-0.44919798,0.5295705,0.21341729,-0.08489075,0.34878665,-0.37694257,-0.2795605,0.484021,0.28953007,-0.06946814,1.0068544,-0.02661816,-0.05048085,0.6809306,-0.31876516,-0.6602728,-0.094287395,0.43613058
P36873,-0.53751874,0.6848307,0.026373528,0.123582914,-0.5376856,-0.18302713,0.26970565,-1.0221832,0.079637796,0.57433313,0.3647381,0.44734883,-0.078098744,0.5483301,0.7239318,-0.2190903,-0.5214461,0.5316134,-0.5132596,0.79539764,-0.13788988,0.09923299,-0.29555628,-0.08105106,-0.13660593,0.454339,-0.4220274,-0.04391532,0.73010457,0.561724,-0.8420837,0.23904952,0.1264407,0.39994118,0.19672829,-0.36232847,-0.2896803,0.20520926,0.31868753,0.58777785,-0.6065021,-0.77851385,0.25515857,0.40607598,0.22762075,-0.23709555,-0.3664938,0.70537114,0.68319356,0.1687649,0.4847401,-0.5620545,-0.46488377,-0.3500834,0.4032108,0.3386638,1.1323988,-0.5303558,-0.24861991,0.44899234,-0.80472314,-1.0832657,-0.23391391,0.6131303
P00044,-0.830503,0.6878699,0.14819036,0.22854868,-0.4298487,-0.024674464,0.05000352,-0.8932678,0.07610722,0.21394475,0.40544403,0.14922765,0.0839862,0.397328,0.81080556,0.18429807,-0.034728162,0.23831144,-0.23611385,0.49100983,-0.25832075,0.09577215,-0.04175567,-0.43133786,0.13878961,0.60434973,-0.07309991,-0.6980671,0.4177707,0.32096958,-0.9169039,0.59088016,0.17342779,-0.083752364,0.24497119,-0.44972658,-0.5126192,0.26329994,0.169034,-0.049990535,-0.09694783,-0.63372684,0.6313225,-0.30243137,0.33352086,-0.42529184,-0.012625739,0.4642317,1.0060914,-0.10935457,0.4192796,-0.29569948,-0.14359081,-0.1142776,0.48710775,0.1833292,0.49793273,-0.85734457,0.18113023,0.14915805,-0.9573579,-0.8778595,-0.78555167,0.24052247
A0A0H3LHU4,-0.071420744,0.89526117,0.12799971,0.12349707,-0.4934515,0.17532584,-0.095582515,-0.50738937,0.5709772,-0.1830627,0.80180496,0.42206421,-0.59093374,0.56790143,-0.150701,-0.780524,-0.13642931,0.022640772,-0.020848766,0.795707,0.29495734,-0.106010005,0.44873974,-0.22272663,-0.018546212,0.09269592,-0.33059663,0.20670913,0.44561398,0.3720295,0.051908042,0.44096097,-0.094554566,0.74823385,-0.45103392,-0.6080003,-0.8001765,0.8594775,0.29769903,0.18690056,-0.90140575,-0.39533857,-0.17377555,0.15038812,-0.016851515,-0.7814006,-0.42509755,0.39526138,0.3602241,-0.30291325,0.28649092,-0.038310748,-0.0058163665,0.8928563,0.34969157,-0.3176903,0.67372656,-0.11896227,0.30696788,0.6670283,-0.2267004,-0.28549153,-0.43626505,0.16322602
O43291,-0.69121575,-0.97018576,-0.21020943,0.13232438,0.24272002,-0.135063,0.4434365,0.036888808,-0.8884109,0.65220916,-0.50921655,0.008878842,0.87330216,-0.4478335,0.8976985,1.3410155,-0.3209301,0.3088192,-0.62906253,-0.32512662,-0.5962065,0.34568542,-0.8432994,-0.18559048,-0.013242114,0.19527948,0.15073635,-0.30532953,-0.117234424,-0.24105775,-0.55776334,-0.31023505,0.6366997,-0.4999794,0.8320845,0.07986754,0.69755375,-1.035923,0.03689473,0.2391568,0.8178019,0.109202415,0.7177391,-0.1545667,0.48781,0.68959,0.6209309,-0.010736136,0.05537804,0.16450796,-0.13595626,-0.54721206,-0.42633328,-1.0919302,-0.31164464,0.50347453,-0.12841289,-0.24678381,-0.20397314,-0.5186912,-0.5149337,-0.45107868,0.059922844,0.19933003
P12670,-0.19916692,0.25162694,-0.19861832,0.14393048,-0.14852516,0.025065746,0.16871834,-0.13187282,0.20925434,-0.14005083,0.5099094,0.5067514,-0.27019334,0.19873974,-0.21310243,-0.48019904,-0.23621246,0.29155076,-0.24276955,0.59723824,0.2432817,0.09062503,0.34388012,0.04961683,0.09756726,-0.16595896,-0.36200643,0.36866584,0.20999363,0.44747573,0.35749948,0.13098653,0.22551173,0.6377677,-0.27912572,-0.45855504,-0.29115507,0.3808632,0.35757652,0.45094094,-0.6131226,-0.15154491,-0.110616244,0.15030223,0.233904,-0.5136098,-0.24282795,0.29574302,-0.11811118,-0.13145167,0.0870693,-0.29654065,-0.1449911,0.733723,0.016587365,-0.23320064,0.60261583,0.2686633,0.25826058,0.48274902,0.019489449,-0.26801023,0.012590155,-0.029631538
P45850,0.09054941,0.3213342,-0.10291412,0.14676282,-0.14302863,-0.034058552,0.19015181,-0.25786972,0.29299578,-0.066562645,0.58097225,0.43530163,-0.3992985,0.34169114,-0.23429483,-0.71367955,-0.34531885,0.0544173,-0.18545648,0.5326185,0.32150644,0.053993553,0.33549094,0.12762031,-0.033252854,-0.20217869,-0.28907174,0.47627762,0.34152496,0.37887278,0.32951534,0.054263778,0.095810525,0.640843,-0.43289334,-0.31769723,-0.38613743,0.42509705,0.24540329,0.5325492,-0.65202475,-0.09539081,-0.3710771,0.34001833,0.20538062,-0.4203415,-0.31868604,0.3516622,-0.19639939,-0.16544503,0.059338808,-0.21641237,-0.041691538,0.63007057,0.1638246,-0.29008308,0.78843576,0.31517208,0.055799536,0.4462949,0.030544609,-0.15433952,0.00052548945,0.10805234
P53647,-0.14446707,0.9211737,0.081214964,0.11400113,-0.5097532,0.23012094,-0.12505412,-0.42639282,0.6156729,-0.29739624,0.84387857,0.42916518,-0.61465186,0.5174908,-0.20851299,-0.7487005,-0.056521975,0.07680352,0.0004874915,0.85110563,0.31819975,-0.12050052,0.53917825,-0.2778412,0.03306636,0.064150065,-0.37055045,0.20350507,0.37461406,0.4258419,0.14058957,0.49493307,-0.067561366,0.8110052,-0.4713705,-0.66781586,-0.8314343,0.9548477,0.358614,0.110329606,-0.93323797,-0.38770178,-0.13115591,0.07000811,-0.055957828,-0.8989852,-0.4294527,0.3587537,0.38578776,-0.30750418,0.30074784,-0.002860345,-0.026691701,1.0733546,0.27780482,-0.35320988,0.56293666,-0.12107633,0.4529493,0.7465676,-0.15556358,-0.24838373,-0.45958984,0.060802773
P14755,-0.28793252,0.50197035,-0.05440466,0.1980925,-0.34180352,-0.023450803,0.23250026,-0.61972946,0.19289574,0.18584874,0.5111367,0.50804293,-0.1993591,0.42340562,0.21821399,-0.487423,-0.47235495,0.2797466,-0.3499872,0.71578044,0.11983058,0.13454628,0.04186348,-0.0038257465,-0.050309006,0.110295266,-0.34978896,0.24782935,0.50519013,0.49759877,-0.2333937,0.13187592,0.19450729,0.5866998,-0.07428373,-0.38579467,-0.32757038,0.2817032,0.30303016,0.5836064,-0.65375894,-0.4185971,-0.056296356,0.3517973,0.24749132,-0.37227374,-0.3356896,0.5249756,0.20780498,-0.05836127,0.2914203,-0.45876926,-0.24826935,0.23240303,0.2451734,-0.026557451,0.9787991,-0.05815783,-0.07230193,0.4436685,-0.4199047,-0.6215929,-0.097413346,0.37623513
P0A7L0,-0.2142112,1.0957303,0.19973633,0.14749418,-0.5891282,0.20154892,-0.22399864,-0.6147792,0.6068762,-0.34822842,0.87080294,0.1828635,-0.5295924,0.5508653,-0.041814607,-0.53811216,0.22811902,-0.20843011,0.18059283,0.65630245,0.17198478,-0.24993014,0.5851922,-0.45003313,0.042434853,0.25152096,-0.27817273,-0.21241401,0.28671497,0.13586345,-0.17792112,0.7387472,-0.1757681,0.4508589,-0.3695502,-0.6054344,-1.0911324,1.0241648,0.1985473,-0.27691743,-0.7610922,-0.43963876,-0.005174421,-0.21237594,-0.12975219,-0.92283773,-0.29222372,0.32777086,0.81772715,-0.43259758,0.3049051,0.17939274,0.1857247,0.8863769,0.49917814,-0.37293214,0.326206,-0.520219,0.5869112,0.5283134,-0.4902863,-0.13823447,-0.8836632,0.034961022
O43278,-0.6889609,-0.9174317,-0.2718527,0.1343062,0.19986294,-0.12360123,0.54789716,-0.05184026,-0.86766165,0.7643071,-0.40762717,0.18032211,0.82839817,-0.3045295,0.9160112,1.1454198,-0.49189627,0.50466734,-0.76708555,-0.088937,-0.5195056,0.40955675,-0.89063305,-0.103764296,-0.108258635,0.18523386,0.03158529,-0.06459883,0.10921496,-0.063542195,-0.45998213,-0.34999505,0.6295898,-0.20179246,0.8346293,-0.053283393,0.7656221,-0.99688816,0.0903507,0.485398,0.5488626,-0.020408046,0.6181402,0.051952116,0.54137176,0.6588227,0.48600128,0.1283264,-0.0912438,0.23634215,-0.008923061,-0.6797048,-0.61933494,-1.0620332,-0.35115972,0.5381178,0.19267066,-0.17493404,-0.25619864,-0.35699606,-0.5137807,-0.6820227,0.2410472,0.37105572
P04899,-0.55127645,0.66046274,0.028935164,0.15844946,-0.49715748,-0.13090298,0.25221255,-0.9357079,0.09193507,0.49454334,0.38936538,0.45881304,-0.07307473,0.53630924,0.6392243,-0.25108993,-0.47485283,0.46943423,-0.47918862,0.7835162,-0.11244422,0.11469065,-0.22169618,-0.07493271,-0.086231336,0.3908271,-0.4075213,-0.03989378,0.6728142,0.53441703,-0.75013715,0.23947677,0.17554106,0.41078466,0.16593918,-0.38642853,-0.2996171,0.209135,0.3210697,0.55894566,-0.60178244,-0.73342764,0.22289193,0.34243596,0.25037062,-0.28028917,-0.34531674,0.6771628,0.6171961,0.101265326,0.4552774,-0.55395263,-0.41195104,-0.22861062,0.3700903,0.2659762,1.0806994,-0.4680155,-0.19605622,0.42394108,-0.77592605,-1.0133759,-0.23436275,0.54244286
P30822,-0.22593686,0.5217145,0.040516183,0.21027581,-0.2941405,0.034106437,0.053990275,-0.33142313,0.3172823,-0.14219907,0.5881442,0.26242846,-0.2942329,0.41120085,-0.056811083,-0.4499511,-0.013067067,-0.122962825,-0.024145707,0.47599664,0.12607001,-0.057803243,0.4510586,-0.08888097,0.066761255,0.013664588,-0.2669152,-0.04468252,0.27749225,0.22101873,-0.027043585,0.3668219,0.14123303,0.3749105,-0.31318286,-0.4456502,-0.63235956,0.571646,0.2422517,0.14563523,-0.49793607,-0.2757249,-0.121121235,-0.09101122,0.1593692,-0.6232829,-0.24855989,0.37252504,0.30351993,-0.32387096,0.14074904,-0.06764367,0.15256965,0.58320534,0.3355334,-0.30053556,0.5147608,-0.1330967,0.31504548,0.2814594,-0.30643302,-0.14380485,-0.49556312,-0.074096605
O76093,-0.4411802,-0.8774126,-0.17546025,0.048849583,0.10583635,-0.20104487,0.4890535,-0.19859116,-0.8248883,0.8645505,-0.4036736,0.14574513,0.7837227,-0.19823098,0.9460573,0.9972445,-0.5728668,0.38085145,-0.73550546,-0.09460284,-0.49762803,0.3594158,-0.96685374,-0.010224268,-0.25230458,0.25150406,0.08126201,0.042329647,0.2150513,-0.15832621,-0.5174451,-0.4128551,0.51077425,-0.23198481,0.7834751,0.13113827,0.7235368,-1.0038521,0.040488772,0.5518815,0.41941923,0.014911864,0.46459305,0.2657637,0.46788037,0.73897517,0.496147,0.20836093,-0.06102985,0.27615446,-0.022202224,-0.69138634,-0.601576,-1.2448752,-0.24610852,0.56615883,0.3257262,-0.13831544,-0.43364155,-0.42163044,-0.50866175,-0.6097809,0.254789,0.5018813
O70209,-0.7023623,-0.050172925,0.07835245,0.14712887,-0.19079445,-0.21710445,0.26524085,-0.68235433,-0.40369964,0.56509686,0.0017083585,0.039825946,0.39750353,0.14547986,0.99956334,0.7294508,-0.2212371,0.19146156,-0.52565515,0.13182887,-0.43293667,0.15258604,-0.48383856,-0.22399193,-0.054887522,0.5804393,0.054456666,-0.55363953,0.33870488,0.08049339,-0.8869127,0.14538905,0.3501186,-0.25002933,0.5030793,-0.101421036,0.05232787,-0.3049536,0.028356463,0.23879258,0.3635143,-0.43230957,0.5739768,-0.14867607,0.34993783,0.15893261,0.19459799,0.36382058,0.72328043,0.068008944,0.24800369,-0.44259632,-0.3083397,-0.86884797,0.26368642,0.46092996,0.41890824,-0.7898575,-0.09646327,-0.30285904,-0.8932286,-0.7749455,-0.47736531,0.4295815
O96013,-0.89974904,-0.02159676,-0.17756943,0.1352938,-0.20378558,-0.12675887,0.45568573,-0.5504703,-0.4018816,0.6640001,0.07233502,0.4326528,0.4021263,0.17955029,0.8211403,0.46462256,-0.48493618,0.7140839,-0.7891631,0.59039134,-0.35354567,0.34307846,-0.5739298,-0.054294925,-0.023936901,0.31746817,-0.367113,-0.024167944,0.46174887,0.40166932,-0.6145016,-0.0005948886,0.4473752,0.28454813,0.598148,-0.31086513,0.33729643,-0.34878257,0.3175454,0.5891304,-0.16810761,-0.5631017,0.48542842,0.18227041,0.41966358,0.058528587,0.015881158,0.46424177,0.35773328,0.26363784,0.3503476,-0.78501254,-0.6992502,-0.56777114,-0.12770388,0.5049267,0.7714265,-0.36428177,-0.16698217,0.19650622,-0.72725093,-1.1198502,0.075870216,0.5409816
A0A4P8DY91,-0.05970595,0.44963202,-0.14900538,0.155464,-0.23898472,0.050316505,0.15923479,-0.29367718,0.3801407,-0.16462019,0.6341174,0.550249,-0.43913573,0.36952624,-0.2901452,-0.75174177,-0.3458206,0.24665532,-0.198855,0.71339226,0.35581422,0.07036529,0.3772166,0.040426165,0.021612894,-0.15217516,-0.37487936,0.4652119,0.37258732,0.54524666,0.36720416,0.15886912,0.14907636,0.8003825,-0.4017731,-0.5027453,-0.44076985,0.55664414,0.36353603,0.4868297,-0.7558958,-0.18914184,-0.23449594,0.29294598,0.20769875,-0.6193942,-0.38225552,0.3681698,-0.12057555,-0.18933445,0.16348943,-0.26466185,-0.12337659,0.8494986,0.13898502,-0.28460395,0.7668244,0.28424275,0.1858491,0.6070119,0.0513959,-0.289393,-0.02779723,0.09014717
Q00534,-0.70533085,0.40625113,-0.032970905,0.17958073,-0.38502046,-0.13607973,0.29603508,-0.786028,-0.11159901,0.48707098,0.3087142,0.40420023,0.11646229,0.38968894,0.7102217,0.080641374,-0.3752871,0.47266042,-0.54306126,0.6391375,-0.2296826,0.18110937,-0.28760526,-0.08309926,-0.041300196,0.37825963,-0.32865542,-0.14074165,0.5415531,0.43769044,-0.7150927,0.19897243,0.2931808,0.2655375,0.3031681,-0.37014818,-0.13857022,0.020227985,0.27431333,0.48535937,-0.34942666,-0.6423328,0.33427167,0.15250185,0.32656306,-0.19566281,-0.18065545,0.5820971,0.57818973,0.095812276,0.40488955,-0.5840721,-0.42863184,-0.32268465,0.23829363,0.29607418,0.8965503,-0.48435122,-0.103488006,0.24408644,-0.7999456,-0.9712146,-0.23666899,0.4658562
O43896,-0.65892255,0.34254077,-0.020074546,0.11311098,-0.4209488,-0.23082876,0.34599382,-0.89119035,-0.18722044,0.6468582,0.22753535,0.35662323,0.15680426,0.38479984,0.897087,0.17496884,-0.4551366,0.5403988,-0.6390549,0.616748,-0.26839733,0.18997751,-0.4730926,-0.08521178,-0.1401886,0.47572616,-0.297436,-0.12011427,0.6202629,0.4163589,-0.8302279,0.14354993,0.24365053,0.2366205,0.38065603,-0.26420763,-0.024282366,-0.06856842,0.23641208,0.56531096,-0.29918084,-0.68325996,0.38820428,0.26963335,0.31249002,-0.031693608,-0.14743188,0.6075934,0.6280028,0.23809333,0.43223247,-0.6259604,-0.5521616,-0.60737526,0.26438627,0.43892044,0.95278674,-0.57979995,-0.2535572,0.20441814,-0.8227749,-1.0658821,-0.18698809,0.5887632
P0AG30,-0.35610107,0.84149134,0.17447342,0.21245286,-0.51247317,-0.04232308,0.054177687,-1.0026859,0.2735206,0.2265605,0.5632855,0.26085973,-0.19500118,0.5961569,0.5419239,-0.32516122,-0.22600102,0.022289425,-0.1685363,0.6041559,-0.05733803,-0.0128522795,0.046625823,-0.24980664,-0.09681052,0.4871575,-0.1918738,-0.305754,0.58228964,0.2666868,-0.78203607,0.46251622,0.049382113,0.19941951,-0.015817024,-0.45260578,-0.73479074,0.44635215,0.14295708,0.13701698,-0.4969387,-0.5671033,0.16477138,0.051041342,0.22100371,-0.4123596,-0.2901617,0.59535706,0.8189819,-0.22002397,0.40947828,-0.22279009,-0.043269664,0.012752101,0.6337961,0.023255572,0.7994796,-0.64616174,0.053759504,0.274423,-0.8184638,-0.63268733,-0.69167465,0.41738582
O15530,-0.69074667,0.2861226,-0.14570396,0.15421623,-0.30045408,-0.094644964,0.37118986,-0.62152404,-0.11036579,0.4758257,0.2829474,0.5527612,0.11507547,0.30696154,0.5405502,-0.05008161,-0.5213288,0.6372342,-0.6369131,0.72545916,-0.13722606,0.26022378,-0.27808768,0.015723884,0.006505508,0.20065776,-0.44869995,0.11486721,0.48956263,0.5581351,-0.46890363,0.05482466,0.3577812,0.48434284,0.31549913,-0.3459347,0.05842471,-0.05151835,0.37391233,0.68021446,-0.49508867,-0.5982185,0.23375541,0.32751778,0.33382002,-0.18268406,-0.21721807,0.55484533,0.31118733,0.1723926,0.3596553,-0.72196263,-0.5395109,-0.19063167,0.03040864,0.2938917,0.9877131,-0.20554905,-0.16281626,0.37942532,-0.6315602,-1.0074563,0.072481245,0.4914052
O75688,-0.6515337,0.37084815,-0.08379374,0.1905018,-0.32276464,-0.05571055,0.27909178,-0.6004169,-0.03849176,0.33196428,0.34808797,0.48654017,0.063107476,0.33670437,0.4631875,-0.073949635,-0.36169454,0.4838132,-0.50423086,0.6719018,-0.119266585,0.18598706,-0.124180265,-0.056757115,0.032526683,0.2251817,-0.37753445,-0.00627983,0.44404647,0.47817332,-0.4432193,0.18262339,0.3437596,0.3966132,0.20608413,-0.4231836,-0.13399738,0.08236541,0.34377524,0.5096423,-0.4524359,-0.5611248,0.2463552,0.15679058,0.3405733,-0.2968799,-0.20128205,0.5313676,0.3854849,0.03139524,0.34899244,-0.580633,-0.38119826,-0.03553669,0.13315102,0.17211062,0.8467027,-0.26545268,-0.0060544387,0.31507665,-0.6348548,-0.86029154,-0.13131449,0.34296033
P0DPK2,-0.7464564,-0.25448847,0.30156922,0.19072826,-0.13778393,-0.00016630907,0.003970921,-0.4448822,-0.50207716,0.5619158,-0.07373895,-0.23666605,0.44582945,-0.090632685,1.0217124,1.3138489,-0.0690311,-0.35733584,-0.353244,-0.22890861,-0.6183355,0.056132965,-0.51348066,-0.48392448,0.107476205,0.6795291,0.19917576,-0.8121847,-0.12774393,-0.27496734,-1.0988066,0.011193535,0.26353773,-0.7808687,0.42129245,0.107850105,0.019049361,-0.52221525,-0.13250116,-0.09641656,0.7501664,-0.14450787,0.62302816,-0.49544513,-0.035041075,0.30391616,0.4657233,0.055264212,1.0322591,-0.023789108,-0.00953725,-0.29779953,-0.01651832,-0.8776294,0.06427298,0.50521964,-0.061318398,-0.9048683,0.0406546,-0.5437033,-0.9147382,-0.26547337,-0.74777454,0.24025655
O95235,-0.61716795,0.21947533,-0.17212439,0.19857392,-0.2358868,-0.031881217,0.31589904,-0.4660704,-0.0817395,0.2786454,0.34406662,0.51393366,0.07133609,0.2408649,0.34803334,-0.048543267,-0.39078575,0.47502178,-0.5169197,0.64164364,-0.07787256,0.21405317,-0.08692034,0.006955929,0.039847504,0.11031249,-0.39788216,0.13695496,0.3764731,0.48220724,-0.2730557,0.09106712,0.37141672,0.45288646,0.1923289,-0.4154036,-0.06120172,0.015371101,0.34864292,0.5638244,-0.4530611,-0.4447844,0.16673964,0.18785188,0.3340155,-0.27879673,-0.1838988,0.45181486,0.20090802,0.032045096,0.27840495,-0.5932967,-0.36587277,0.05506803,0.025933463,0.11194534,0.8200022,-0.10113679,0.005956024,0.30136853,-0.5107377,-0.75967073,-0.011623487,0.31578448
Q9Y6Q9,-0.8833922,-0.17901078,-0.21092466,0.14409225,-0.14906926,-0.15583603,0.46744287,-0.5069093,-0.5272873,0.67905205,-0.02264408,0.38311765,0.48891658,0.13249826,0.8675742,0.61116487,-0.42133468,0.677543,-0.76567763,0.4466644,-0.42583746,0.3329412,-0.58010185,-0.041927308,-0.04799552,0.34403986,-0.28117973,-0.149421,0.41806492,0.30559298,-0.63452405,0.0065321876,0.54376644,0.13808306,0.6388371,-0.28694957,0.35993928,-0.44940564,0.25624907,0.52645856,0.019157117,-0.50326073,0.5035587,0.08099691,0.48457074,0.14047214,0.08021716,0.46210828,0.3568056,0.2330408,0.3283312,-0.74491256,-0.6583503,-0.7078967,-0.08216808,0.52823704,0.6830994,-0.41075957,-0.11695702,0.029482685,-0.742695,-1.0362703,0.010848738,0.4924385
B9EHT4,-0.7767947,0.011568621,-0.19007128,0.14553706,-0.20795001,-0.15399384,0.4486597,-0.55304503,-0.35324803,0.5977421,0.12593895,0.4662867,0.33536482,0.19051972,0.7178451,0.31995696,-0.50708866,0.67059964,-0.7495909,0.5680196,-0.2825232,0.3153421,-0.4785899,-0.001999274,-0.04714458,0.26170197,-0.35192394,0.033486094,0.45247558,0.42042768,-0.5194053,-0.0036463484,0.44091323,0.3319567,0.49751773,-0.28491807,0.27008936,-0.2882252,0.3063907,0.6379176,-0.22386506,-0.5295891,0.36274305,0.22713223,0.40412098,0.016775414,-0.049988516,0.49462545,0.2994211,0.23788126,0.32708788,-0.75737363,-0.628513,-0.4928528,-0.07391457,0.4240602,0.82973665,-0.29541165,-0.16548568,0.17744721,-0.6810842,-1.0355778,0.08260274,0.51539236
Q7WTU1,0.0836817,0.9565394,0.09078653,0.07272504,-0.30125245,0.2600735,-0.19436526,-0.12603658,0.7342097,-0.48586765,0.90099794,0.34301043,-0.856816,0.39705345,-0.5595304,-0.95299774,0.10367178,-0.08459241,0.15332344,0.7163595,0.5000383,-0.2767668,0.81046915,-0.21247275,0.124927804,-0.17649636,-0.34181046,0.38780522,0.20844905,0.36034024,0.5563566,0.43707895,-0.3059093,0.8685273,-0.8074436,-0.60455704,-0.8701286,1.2060196,0.29865092,0.12465219,-0.981288,-0.24335016,-0.34749347,0.018901296,-0.2728875,-0.9770172,-0.48489073,0.16244993,0.12326471,-0.30415088,0.13286948,0.2507567,0.071137816,1.3884015,0.21488349,-0.5374046,0.435426,0.07525468,0.5401221,0.89838386,0.15983377,0.05332361,-0.34664273,-0.17406012
Q8IZU0,-0.5587143,-0.7471645,-0.2645532,0.17632902,0.51944524,0.30547953,0.09387354,1.0662116,-0.42110816,-0.38281792,-0.034623757,0.05385521,0.23929429,-0.54383737,-0.39788026,0.8458984,0.4982441,0.0263833,-0.035186604,-0.20290647,-0.18781348,0.04710549,0.31304425,-0.21491462,0.58887124,-0.48959708,-0.17753905,0.03911651,-0.7025112,-0.24341929,0.84006894,-0.13696203,0.33830014,-0.118891954,0.062169917,-0.38774705,0.16889665,-0.16592012,0.18779355,-0.1768682,0.3851668,0.36756593,0.2737935,-0.73276305,0.08747573,-0.17824607,0.48280036,-0.5064043,-0.49657634,-0.21423444,-0.39387342,-0.05673707,0.115079224,0.737895,-0.70170474,-0.2310318,-0.75799584,0.3805033,0.81708944,0.10816278,0.37627733,0.42623815,0.03737937,-0.766589
P30041,-0.48928314,0.7963101,0.085589744,0.18313383,-0.5404485,-0.04562735,0.13977626,-0.89101434,0.23250253,0.29319134,0.5218193,0.44580874,-0.16052543,0.57802856,0.4662275,-0.37460047,-0.36834157,0.33282164,-0.343072,0.81014264,-0.0338877,0.07697739,-0.04960701,-0.17707759,-0.052000847,0.3671011,-0.35579914,-0.053607736,0.6442274,0.47657752,-0.6064832,0.36148468,0.11182685,0.45362845,0.06973957,-0.48898587,-0.5021726,0.3899499,0.32994735,0.39568782,-0.68695074,-0.6469518,0.176893,0.2371049,0.22795346,-0.46913284,-0.34569803,0.62453854,0.6257573,-0.06361972,0.43650582,-0.44853753,-0.2676003,0.087893024,0.39321598,0.08806869,0.9418722,-0.44562572,-0.01570908,0.45823082,-0.721292,-0.86593735,-0.38625243,0.4454405
P01236,-0.11172441,-1.2489142,-0.15532227,0.103665546,0.6947245,-0.17755765,0.4375744,0.7280932,-0.6594581,0.32288912,-0.5094687,-0.1997878,0.5752605,-0.6767117,0.20122012,0.86008334,-0.13562071,-0.30040643,-0.31812137,-0.7126689,-0.30186236,0.1334891,-0.25224894,0.1756252,0.08736265,-0.42930907,0.2039689,0.054725867,-0.4327167,-0.483119,0.14185482,-0.58255535,0.4614992,-0.5480123,0.14430994,0.39857668,0.6820365,-0.8570441,-0.049604513,0.24957661,0.953587,0.5432708,0.06763468,-0.16402715,0.27298337,0.65008616,0.5456977,-0.28269503,-0.6324581,0.06177321,-0.57265246,-0.13781929,0.12409668,-0.66760707,-0.40316573,0.076329656,-0.27882695,0.35683268,-0.2118311,-0.5485021,0.20534195,0.3999774,0.24637681,-0.33347976
O60684,-0.7120025,0.13596949,0.040509105,0.09659271,-0.34655333,-0.26338276,0.30575594,-0.8893584,-0.33979553,0.67689395,0.08609406,0.15769604,0.28560683,0.27826053,1.132977,0.57544607,-0.2925737,0.41368997,-0.6123157,0.35585886,-0.39363903,0.17854507,-0.5571964,-0.2171931,-0.113997385,0.6555972,-0.06260368,-0.43078348,0.5299527,0.2500925,-0.99441314,0.17148855,0.27193147,-0.10052408,0.49345723,-0.18452427,-0.0054677725,-0.233237,0.058472596,0.35727328,0.1302324,-0.5967675,0.5914576,0.05271805,0.37300706,0.13460888,0.06469745,0.50003284,0.79270035,0.19671349,0.41923395,-0.5423958,-0.48719254,-0.88441455,0.3507302,0.5362995,0.6999722,-0.810028,-0.2058577,-0.07385191,-0.9046124,-0.98815227,-0.40267336,0.57769644
P04397,0.048600033,0.8880627,0.07642734,0.08191657,-0.34975043,0.22612478,-0.15811783,-0.19673085,0.6712925,-0.42105702,0.85359854,0.36881953,-0.77489823,0.43449304,-0.47191188,-0.8810863,0.034390233,-0.027878605,0.105531275,0.7170089,0.4313466,-0.22438543,0.7192081,-0.20122787,0.08333896,-0.13245988,-0.3379928,0.34915462,0.25930136,0.37167317,0.46454218,0.43423206,-0.2162306,0.84280854,-0.71620274,-0.6144754,-0.837964,1.0936606,0.30728292,0.14643463,-0.9310406,-0.26092637,-0.295488,0.046506606,-0.18593952,-0.932148,-0.46871796,0.21881576,0.15948759,-0.30139095,0.155155,0.17350349,0.059566904,1.2688338,0.22878851,-0.48538584,0.4695158,0.05311908,0.4901859,0.8084158,0.08575164,-0.021949576,-0.3595596,-0.099864006
O95760,-0.3776929,-1.0014265,-0.41939944,0.15063092,0.41761157,-0.06618753,0.54798526,0.4572232,-0.6593327,0.37044713,-0.21955793,0.22639854,0.49504972,-0.45784086,0.2166095,0.7590379,-0.3569834,0.27657017,-0.5635841,-0.11807729,-0.19890714,0.24754262,-0.35158342,0.11756194,0.058867104,-0.28275514,-0.12430114,0.3635448,-0.13029438,-0.027303997,0.25112575,-0.44799972,0.5401751,0.04733405,0.3253462,-0.066287234,0.62763983,-0.74962187,0.13471287,0.55943006,0.3580734,0.26620853,0.12665007,0.07406324,0.3528873,0.4285971,0.3509735,-0.066010974,-0.60505044,0.13121383,-0.243116,-0.47002488,-0.30818254,-0.38916922,-0.534621,0.15602145,0.16374299,0.38177133,-0.043644123,-0.14773852,0.06304467,-0.14787233,0.43765008,0.015305253
Q9HI69,0.110134885,0.8677553,0.12493755,0.09347869,-0.35219795,0.17722164,-0.13995454,-0.24934714,0.6442607,-0.3668776,0.86239815,0.31785935,-0.75686544,0.48250738,-0.44119558,-0.88460124,0.019098483,-0.15561053,0.11598274,0.67024124,0.4073416,-0.22500364,0.67385507,-0.1472975,0.042599034,-0.11759691,-0.30634862,0.3340865,0.29682124,0.28592372,0.41099837,0.4077039,-0.24311614,0.76791865,-0.7105963,-0.5361079,-0.857928,1.0325971,0.25382566,0.13534558,-0.89282703,-0.2358533,-0.368591,0.072891615,-0.1710447,-0.86336577,-0.43545672,0.24059153,0.16757734,-0.32844985,0.12958965,0.16975634,0.13808781,1.153084,0.2778701,-0.49356383,0.5227684,0.045771748,0.4093046,0.710709,0.028284788,0.019879816,-0.40662572,-0.044948198
P19880,-0.09487885,0.6234961,-0.27579045,0.07445247,-0.03765088,0.20017865,-0.07685912,0.27947986,0.49875894,-0.65785974,0.7222106,0.47554368,-0.70272005,0.045991577,-0.7846024,-0.7586896,0.16602871,0.36988428,0.12975946,0.6547523,0.46141154,-0.18765874,0.9347216,-0.17951396,0.32563832,-0.4492613,-0.4678955,0.35216,-0.115696564,0.46954465,0.97804797,0.35700062,-0.0076216534,0.8384488,-0.76819193,-0.7468109,-0.61099654,1.142206,0.46659836,0.16184035,-0.81152135,-0.115988985,-0.20148349,-0.18365648,-0.16259076,-1.0019064,-0.52384406,0.05716362,-0.155316,-0.19572507,-0.042977236,0.110930264,-0.01865631,1.7049489,-0.075886756,-0.529581,0.16945753,0.3190865,0.9095314,1.0114698,0.49677384,0.18150502,-0.11722358,-0.55561644
Q05128,0.24766299,0.30562934,-0.32973647,0.099135146,0.21756686,0.19916704,-0.046659604,0.52750176,0.38306102,-0.5915888,0.596093,0.46063638,-0.60548514,-0.081132986,-0.9823755,-0.83273745,0.10935312,0.13094634,0.14426309,0.37275165,0.47477978,-0.18749994,0.8761097,0.14663109,0.24867384,-0.7292112,-0.38980383,0.6032537,-0.17885703,0.2636389,1.1450001,0.13104516,-0.02746585,0.73672515,-0.8287095,-0.5743301,-0.49715835,0.86819136,0.4176177,0.20015684,-0.75316006,0.24026962,-0.52466667,-0.065701,-0.1067563,-0.7622607,-0.3948078,-0.04696987,-0.61449826,-0.2754709,-0.18779305,0.17961717,0.1530624,1.5554574,-0.16199876,-0.7064086,0.20595047,0.6668994,0.71339494,0.7948512,0.6830417,0.46866146,0.08879435,-0.5920776
P00803,0.051684514,0.68884027,-0.011783407,0.1042916,-0.31355205,0.13693458,0.0028840974,-0.27772185,0.56118554,-0.27152568,0.77095884,0.46750507,-0.64482886,0.44941732,-0.3843074,-0.89677525,-0.2031857,0.09580936,-0.060668327,0.7525697,0.43016678,-0.05182048,0.5263103,-0.06567122,0.020294707,-0.13928252,-0.34719515,0.45584273,0.37403706,0.4783885,0.43422398,0.28116554,-0.052600153,0.8689979,-0.5759681,-0.55471605,-0.64624304,0.84082824,0.34152603,0.33514395,-0.88567775,-0.21159501,-0.3060189,0.23329672,0.043498117,-0.76679647,-0.44653562,0.3119177,-0.020297255,-0.2595297,0.1670408,-0.050573066,-0.028220844,1.0766449,0.21230766,-0.40140533,0.67230105,0.2117708,0.28115872,0.7331454,0.09953205,-0.16744238,-0.18361153,0.04256572
P50570,-0.5596355,0.57161194,0.05054182,0.14853139,-0.47942087,-0.21115658,0.26008466,-1.0208515,0.0010269247,0.53890496,0.32414848,0.34479842,0.0021840632,0.5016976,0.82582057,-0.042129114,-0.40165576,0.3828851,-0.47881895,0.62201333,-0.19991876,0.09801559,-0.28069818,-0.11830975,-0.13755418,0.5149839,-0.28247935,-0.23376782,0.6588299,0.43101275,-0.9265262,0.27042904,0.1804845,0.19184351,0.20703939,-0.32568127,-0.3215922,0.12455177,0.196722,0.43195486,-0.34731925,-0.7109845,0.33118135,0.20663571,0.30034587,-0.16650982,-0.25712743,0.66688174,0.75854456,0.11246766,0.46483693,-0.47020292,-0.38030592,-0.46198624,0.4872854,0.34298658,0.98488206,-0.66344523,-0.18679905,0.24840876,-0.85870063,-0.9804578,-0.39608842,0.5483673
P04351,-0.078300506,-1.0504278,-0.25146452,0.07727744,0.7130849,0.16613933,0.1713935,1.1886151,-0.33964714,-0.17368898,-0.19584705,-0.10116206,0.2618711,-0.71918166,-0.43214983,0.6302759,0.2684859,-0.39375535,-0.05147841,-0.5860857,-0.0075933784,-0.023252284,0.3161041,0.06171629,0.3753234,-0.7672026,-0.012501508,0.25579807,-0.7847198,-0.45439664,0.77339995,-0.4670318,0.30919933,-0.19664524,-0.220979,0.08765119,0.43660545,-0.38051632,0.039064154,0.015071362,0.56898636,0.6167338,-0.07614348,-0.32949954,-0.041731667,0.18853046,0.49025452,-0.51719075,-0.7841626,-0.10243069,-0.6552571,0.09528309,0.23941275,0.3121544,-0.6318776,-0.25569892,-0.54465437,0.64485383,0.2935717,-0.1618793,0.6312742,0.75393635,0.29783833,-0.6901696
Q96D03,-0.09050381,-0.16456851,-0.41147184,0.1511259,0.28019738,0.19804318,0.09394247,0.6979616,0.09264508,-0.42765406,0.39049417,0.44408438,-0.29537162,-0.20487174,-0.7787332,-0.2985081,0.117642544,0.10165649,0.0036906153,0.2525446,0.2798438,-0.07740132,0.6873561,0.20842841,0.34133112,-0.68440926,-0.40239948,0.42883223,-0.25574422,0.13297692,0.93590766,0.049523976,0.24742553,0.5445249,-0.5576892,-0.5769243,-0.1751003,0.3731449,0.37182048,0.18796776,-0.41575837,0.26787177,-0.32068342,-0.18810785,0.04287443,-0.5155841,-0.13072625,-0.08724617,-0.6377655,-0.27579367,-0.24924791,0.05126298,0.12492484,1.2226025,-0.3443313,-0.54193336,0.13203028,0.6493935,0.6530944,0.47896868,0.5280755,0.38134873,0.14232345,-0.57500213
P14868,-0.5146742,0.67109334,0.012333437,0.16478027,-0.4751809,-0.03765605,0.20340708,-0.77942747,0.1894997,0.31440967,0.47289175,0.5185191,-0.1276922,0.5146019,0.41437164,-0.3825686,-0.44502583,0.44613865,-0.42286247,0.82747966,-0.017581359,0.12876353,-0.07182086,-0.10115519,-0.014305774,0.27315027,-0.41999388,0.056569424,0.5926154,0.5578673,-0.4974089,0.2497107,0.18969673,0.54265577,0.103212245,-0.4557135,-0.33042917,0.30415645,0.37973866,0.5385063,-0.70612955,-0.64104337,0.14736143,0.3190015,0.25027794,-0.4244817,-0.35476467,0.61733586,0.47462896,0.005937882,0.41175124,-0.54427886,-0.35121787,0.09031801,0.26733968,0.1263003,1.0021644,-0.2993021,-0.067386724,0.49604318,-0.64311004,-0.90361327,-0.19322112,0.44034857
P01210,-0.10730603,-1.0723338,0.028778598,0.0874414,0.5555128,-0.258954,0.32004172,0.345941,-0.7898775,0.52432823,-0.5890326,-0.31959006,0.68780786,-0.55989754,0.5116068,1.0862824,-0.038900897,-0.34322095,-0.2479728,-0.7908485,-0.50604457,0.11782652,-0.5473129,0.0072309,0.032634716,-0.17721674,0.34725124,-0.27325803,-0.42716283,-0.74710447,-0.29368684,-0.4496903,0.34407815,-0.9091074,0.31880447,0.53991127,0.54881746,-0.92704,-0.14367533,0.10206004,1.0114857,0.40056643,0.32690376,-0.24241355,0.2480546,0.83517647,0.7135754,-0.28248334,-0.19014844,0.108358175,-0.4986067,-0.1643774,0.067153394,-1.0837038,-0.23470594,0.25356728,-0.3755257,0.017361045,-0.32522863,-0.7234852,-0.18148515,0.30071458,0.017873608,-0.13699788
P03126,-0.5102993,-0.15732065,-0.3193448,0.23304003,0.01913016,-0.049707882,0.39475426,-0.06441642,-0.17591164,0.12503496,0.27316812,0.5013697,0.101614654,0.04300075,0.085393,-0.027530186,-0.28376716,0.31962454,-0.44219387,0.43246633,-0.0031186044,0.22337136,0.14439143,0.18642387,0.10247639,-0.15029956,-0.39968592,0.20740467,0.17864041,0.38487214,0.05291422,-0.02082099,0.50633556,0.3592683,0.040688567,-0.3565763,0.0039640293,-0.12477565,0.28512108,0.53141487,-0.27789006,-0.17791401,-0.031745397,0.0652407,0.39903453,-0.23406193,-0.096861966,0.34961763,-0.14103468,-0.059500653,0.07858631,-0.49242088,-0.18815243,0.20068339,-0.07848892,-0.04660555,0.6937175,0.21236065,0.15699333,0.18533108,-0.23515718,-0.39368233,0.097782895,0.051843464
Q9BQB6,-0.39801112,-0.7499128,-0.33961982,0.06395987,0.12845615,-0.15970008,0.61726797,-0.2108802,-0.60609144,0.7586339,-0.19717549,0.42753026,0.5983129,-0.13138703,0.73778665,0.53941405,-0.8095562,0.61779505,-0.88193256,0.25780213,-0.20693053,0.45085815,-0.8058839,0.11794405,-0.2512762,0.096834034,-0.12475721,0.45878533,0.29584417,0.20202547,-0.22913694,-0.48613155,0.50412774,0.2514584,0.6050232,0.060795873,0.76250434,-0.8411297,0.16283199,0.92251134,-0.03332059,-0.034342702,0.23014754,0.53749025,0.47504362,0.64340764,0.2571196,0.33467546,-0.32311478,0.40397298,0.06853278,-0.84200895,-0.7820844,-0.91051877,-0.38680667,0.54195017,0.7161437,0.13637304,-0.48024988,-0.036148205,-0.3083313,-0.7923629,0.5827168,0.5668329
Q96LK0,-0.4266629,-0.30730912,-0.32990903,0.22603402,0.18961047,0.047828745,0.26896632,0.41001353,-0.11778478,-0.16411504,0.2876544,0.28281355,0.030039713,-0.1426937,-0.22980753,0.11632791,0.067836516,-0.03782011,-0.16586411,0.1271693,0.04273285,0.051045045,0.47828573,0.17525819,0.28913572,-0.3648936,-0.3262571,0.09187129,-0.12492807,0.12791225,0.36205307,0.037526313,0.4311187,0.18628962,-0.18375748,-0.3858827,-0.099944435,-0.0050196443,0.22076958,0.18888766,-0.07699385,0.11576043,-0.11585859,-0.2587711,0.2500983,-0.351754,0.025023885,0.06505586,-0.28779468,-0.2397601,-0.16556606,-0.1314144,0.16007197,0.5739361,-0.16386847,-0.32657957,0.24145491,0.34100258,0.43412966,0.09682358,0.05248554,0.13223973,-0.071190864,-0.40738034
P06702,-0.68266773,-0.5279039,-0.029052034,0.19948342,0.07861404,-0.116883196,0.28768057,-0.22464316,-0.61472946,0.44534197,-0.19083165,-0.06661509,0.6427273,-0.15424556,0.8277477,1.0954275,-0.1421968,-0.007583402,-0.44772333,-0.18190266,-0.5385203,0.16394696,-0.4805131,-0.19732511,0.0118262805,0.40175417,0.14014411,-0.553535,0.015812023,-0.17672117,-0.68504524,-0.029307391,0.514631,-0.48093042,0.59425235,0.01369372,0.22811183,-0.60433507,-0.0050687417,0.09964603,0.6646555,-0.07912116,0.5112595,-0.34736547,0.37506273,0.3347054,0.43841752,0.14465058,0.4516258,-0.03426473,0.011391982,-0.36943328,-0.14862356,-0.8783221,-0.033622663,0.39157125,0.0065706447,-0.55240434,0.048335206,-0.5220978,-0.71428156,-0.36907575,-0.38901663,0.1843223
Q3UVR3,-0.72895813,0.28546607,-0.1182455,0.14217025,-0.33271468,-0.15007168,0.3794371,-0.69450516,-0.1754752,0.5677738,0.23133141,0.50461197,0.16726118,0.33653003,0.6755245,0.050630406,-0.5001712,0.6572533,-0.6579459,0.69672364,-0.22185194,0.24848211,-0.3560077,0.003752306,-0.033127453,0.28251827,-0.42182475,0.0065704994,0.5380548,0.5164607,-0.60046136,0.09011116,0.3658338,0.4018794,0.36955917,-0.32270285,0.07179184,-0.083223075,0.35429,0.6430419,-0.4071552,-0.66047883,0.29708025,0.29084074,0.34294423,-0.13689701,-0.1981464,0.59529495,0.4291812,0.20917565,0.39235613,-0.71925515,-0.5690069,-0.36355692,0.08059652,0.3750482,0.984085,-0.34094828,-0.18101743,0.31825745,-0.7192356,-1.0681906,-0.002841726,0.5239105
P02359,-0.26702535,0.9811225,0.35304654,0.17649768,-0.4800016,0.19699903,-0.34338072,-0.5214804,0.5147624,-0.3670773,0.75382054,-0.17311299,-0.37000957,0.4001194,0.13915694,-0.20819919,0.48441613,-0.5703087,0.39924484,0.2671483,-0.035056785,-0.34125704,0.62506425,-0.5614176,0.16893508,0.31360784,-0.011415541,-0.6363203,0.05610281,-0.1410774,-0.38747856,0.7647505,-0.23288241,-0.04892284,-0.2673334,-0.39601344,-1.1147645,0.95391405,0.06859519,-0.5676411,-0.31380144,-0.29055592,0.10394318,-0.54683566,-0.18951498,-0.86752534,-0.104359366,0.16174743,1.038976,-0.5306018,0.13514471,0.35996473,0.50840956,0.6993856,0.575171,-0.4355737,-0.012482613,-0.7494223,0.62846184,0.19061159,-0.6353385,0.18798,-1.2136922,-0.1915977
P15891,-0.37813014,0.9691365,-0.010389448,0.108554885,-0.44349387,0.22414841,-0.2387616,-0.2742689,0.52190715,-0.5398478,0.79086775,0.2894432,-0.525312,0.28974476,-0.31178564,-0.3806669,0.414144,0.25546464,0.13282922,0.64271265,0.2301084,-0.16825178,0.7173233,-0.5987164,0.27682912,0.019751891,-0.39047062,-0.17553778,-0.08542867,0.32886615,0.2837526,0.7601231,-0.07553441,0.59591705,-0.46909317,-0.74922603,-0.8358588,1.1746122,0.39039883,-0.20363384,-0.69982177,-0.47304198,0.26342985,-0.41182524,-0.16421507,-1.0211072,-0.31300524,0.10300775,0.6542929,-0.22061293,0.19773442,0.14678158,-0.07041839,1.3098838,0.17005332,-0.30738157,-0.020543694,-0.3519351,0.90037924,0.739985,-0.11988948,-0.21038386,-0.63154656,-0.2750179
P62263,-0.77761495,0.047092304,0.22197701,0.1878372,-0.2605213,-0.17307907,0.1411433,-0.8166674,-0.3924006,0.5871541,0.07992965,-0.11101262,0.32098925,0.17846757,1.2032508,0.926835,-0.16625619,0.049200766,-0.43554932,0.07156673,-0.51171947,0.12202017,-0.52346134,-0.380769,0.03323743,0.81617403,0.14960004,-0.82314676,0.31140047,0.089374706,-1.1316447,0.20298436,0.24813497,-0.47185043,0.4652609,-0.082577914,-0.0964701,-0.287918,-0.08958904,0.13320717,0.54067355,-0.48472062,0.6634566,-0.28990886,0.24980003,0.14061211,0.24284625,0.33685264,1.0487921,0.03680411,0.26765993,-0.41005987,-0.19488421,-0.90320754,0.3646965,0.52448237,0.36737484,-1.0182197,-0.054871775,-0.37903684,-1.0170728,-0.7106588,-0.7070068,0.45640224
Q04602,0.09435643,0.50656694,-0.29594016,0.0948511,0.11461459,0.19902772,-0.059001297,0.4034193,0.4516122,-0.65815413,0.6915914,0.44928014,-0.68743056,-0.028221138,-0.90373725,-0.8296054,0.13847646,0.22561204,0.15445572,0.5127135,0.48332697,-0.21018948,0.91784084,-0.008207515,0.29025343,-0.60758364,-0.4122669,0.51160616,-0.12717688,0.36364225,1.0948777,0.2365688,-0.06180591,0.77919793,-0.82528317,-0.64682746,-0.59321165,1.0353997,0.4277788,0.19319132,-0.8018848,0.08743216,-0.40340763,-0.12413653,-0.15417957,-0.90418935,-0.47203442,-0.008657834,-0.42394674,-0.23791187,-0.12733546,0.17577288,0.09506768,1.6781459,-0.11941887,-0.659504,0.18495344,0.5088783,0.80694485,0.9187232,0.59057057,0.37121922,-0.006037891,-0.5914315
Q8R010,-0.49220455,0.4161056,-0.20550434,0.14957823,-0.31606597,0.0795856,0.17436972,-0.2996068,0.23923282,-0.10208925,0.53705174,0.5809684,-0.18307236,0.26569766,-0.065472335,-0.3835703,-0.28337145,0.49130067,-0.34305868,0.8009156,0.15400746,0.13736281,0.2589019,-0.076797456,0.1309816,-0.019551434,-0.46082276,0.26625207,0.2960846,0.6115611,0.1494051,0.2347741,0.29371783,0.72808677,-0.06898049,-0.5791886,-0.2795741,0.4089809,0.48765525,0.42465568,-0.69790703,-0.34051695,0.096288815,0.13404095,0.25615448,-0.66233647,-0.28719997,0.375766,0.10713442,-0.092998944,0.24647078,-0.44240913,-0.2679897,0.72451735,-0.020855721,-0.116999224,0.65027153,0.0962874,0.28970322,0.56879497,-0.17744705,-0.5580937,-0.067795955,0.059964493
P04696,-0.5071254,0.6814723,0.046527952,0.19477518,-0.46949092,-0.061796244,0.2026128,-0.8556659,0.16172673,0.36513492,0.4519999,0.4565852,-0.11769137,0.5436453,0.50750643,-0.332873,-0.40172666,0.3469041,-0.39185196,0.76680535,-0.055409953,0.09740099,-0.085531555,-0.09486918,-0.049029935,0.32665777,-0.38202393,-0.040307302,0.6171221,0.49050254,-0.6477578,0.2771545,0.1889703,0.4156551,0.073134415,-0.4392141,-0.40058652,0.28323004,0.31279516,0.4815969,-0.62284225,-0.66056097,0.16039348,0.26310542,0.2581801,-0.36430365,-0.33947828,0.6447838,0.5634633,-0.016828895,0.4267368,-0.48219064,-0.30165195,-0.04006146,0.38565534,0.14449584,1.0115333,-0.40174043,-0.09904166,0.4099481,-0.7258196,-0.87107533,-0.29175833,0.4501931
P04385,0.14520937,0.6368165,-0.11549467,0.08341093,-0.14484431,0.15424544,-0.027737886,-0.0007556365,0.59171534,-0.4786251,0.7659679,0.44919154,-0.7270588,0.29828376,-0.63310295,-0.9632234,-0.07975847,0.14824682,0.044146016,0.65746784,0.50479215,-0.13638982,0.74193907,-0.025186539,0.112100184,-0.348849,-0.350985,0.54724556,0.21737249,0.4811479,0.782555,0.27764606,-0.08932529,0.90854555,-0.75587165,-0.5953013,-0.65663344,0.9900658,0.3593335,0.304782,-0.8757517,-0.08646141,-0.37103626,0.1293846,-0.029820036,-0.88700384,-0.4858034,0.18453154,-0.22774266,-0.24918778,0.054592,0.09701964,0.020206619,1.366992,0.111976616,-0.5366211,0.47897547,0.36901844,0.47706267,0.8241304,0.36929953,0.06301659,-0.08560289,-0.21704662
O75795,-0.3280259,-0.30674514,-0.18227841,0.08904864,-0.07351373,-0.21616119,0.4698056,-0.4520022,-0.40767196,0.637317,-0.003011711,0.3099388,0.36589503,0.056409113,0.6909535,0.32664222,-0.63510597,0.38714162,-0.6939301,0.27108416,-0.1962276,0.264884,-0.5893704,0.061839774,-0.23510244,0.20575222,-0.119195506,0.22261125,0.37155598,0.18897781,-0.41445407,-0.23135301,0.3642858,0.18549825,0.39354983,0.00064222515,0.3635842,-0.48490158,0.13690946,0.74329954,-0.093518205,-0.18205889,0.16394094,0.40932998,0.37380862,0.38253134,0.09916304,0.42326126,0.023051236,0.26239038,0.13357839,-0.6344375,-0.55899704,-0.77384996,-0.05210277,0.39549914,0.75480586,-0.11730531,-0.38709167,-0.045975506,-0.4676975,-0.698233,0.21807617,0.5167714
P0DJD3,-0.9274944,-0.06761211,0.21425521,0.14910342,-0.055394743,0.32238215,-0.18879539,0.12949717,-0.35753512,-0.079461865,-0.07131548,-0.08289005,0.3479175,-0.31677955,0.36372298,1.0610023,0.5195727,0.047248308,0.053187102,0.055090886,-0.51630133,-0.05107207,-0.08725261,-0.7597827,0.3957264,0.4253873,0.07092954,-0.6353373,-0.45599675,-0.31049997,-0.25645107,0.40163878,0.11156974,-0.4777769,0.44139352,-0.39566755,-0.17769134,0.0037587453,0.1384177,-0.45675993,0.38600332,-0.10569917,1.025973,-0.9948729,-0.016847152,-0.21135513,0.53735125,-0.34611246,0.6853725,-0.17201045,-0.09407175,-0.024899047,-0.16891375,0.13099585,-0.22115888,0.15162596,-0.8144184,-0.57626146,0.7032792,0.05726733,-0.48652518,-0.15834817,-0.6605316,-0.36947832
Q21921,-0.37840584,0.52963644,-0.27623904,0.091488905,-0.31902137,0.20124198,0.011939958,-0.07230978,0.3923351,-0.40684536,0.6609164,0.57120913,-0.41684222,0.19237828,-0.35420826,-0.48007149,-0.093113236,0.52895856,-0.17953068,0.79434276,0.28201115,-0.0042567383,0.53409946,-0.1725373,0.2344195,-0.13024352,-0.4900849,0.2980819,0.14108697,0.6161121,0.47791508,0.374662,0.22411111,0.86452174,-0.34486705,-0.77644694,-0.4490726,0.7479409,0.5394285,0.23561521,-0.778105,-0.24150704,0.0736416,-0.018781897,0.10673021,-0.89595145,-0.36752993,0.23347026,0.072843015,-0.1733285,0.2035619,-0.20404004,-0.20092437,1.2497588,-0.048550915,-0.2949291,0.38752133,0.17216921,0.6062425,0.7654142,0.116971254,-0.2791527,-0.13149709,-0.21415535
P09446,-0.3152296,1.0103782,0.20412676,0.17976008,-0.60533804,0.005797538,-0.0013851672,-1.0816373,0.3949265,0.21865913,0.6384227,0.3464483,-0.2946547,0.68246406,0.50022554,-0.47286063,-0.2615953,0.10757411,-0.15907702,0.7371522,0.003145419,-0.043983765,0.06677433,-0.30501592,-0.1269136,0.5286509,-0.2502347,-0.23997454,0.678535,0.32932705,-0.7980269,0.53842247,-0.048845716,0.32280266,-0.05090841,-0.57099426,-0.8526289,0.5554644,0.16858253,0.116330355,-0.7276224,-0.62322426,0.16881111,0.15212542,0.183429,-0.49580222,-0.38474283,0.63207686,0.85252213,-0.24269424,0.4779385,-0.20481643,-0.08579824,0.16271494,0.65986586,0.008681025,0.85033786,-0.6455317,0.077021934,0.43414438,-0.8103813,-0.7047468,-0.6839016,0.47993094
P98175,-0.9465312,-0.6030075,-0.09827541,0.14366922,0.002391655,-0.12182586,0.41294092,-0.32704824,-0.8044968,0.7197392,-0.3434521,0.0469065,0.72385997,-0.16050294,1.1112809,1.3251996,-0.2434375,0.40595922,-0.65432495,-0.017040063,-0.6186133,0.33491564,-0.82634175,-0.30758882,0.022921052,0.54117155,0.06770219,-0.5539571,0.15756953,-0.06798911,-0.8185368,-0.029730398,0.60389507,-0.42191014,0.8877239,-0.11771642,0.47977656,-0.82191694,0.022323929,0.18364602,0.6816674,-0.21835662,0.8737922,-0.25088924,0.5118049,0.5024664,0.5379511,0.15560213,0.4692321,0.12467833,0.14320526,-0.58901626,-0.56419605,-1.0994316,-0.09405055,0.62834716,0.08006034,-0.6176508,-0.08651518,-0.38388836,-0.8337776,-0.8143243,-0.23205268,0.3939149
P25788,-0.4558152,0.5176017,0.18194698,0.23129071,-0.33983073,-0.12909785,0.09781505,-0.84162885,0.057699848,0.24059138,0.36683798,0.057592474,0.03517203,0.39724383,0.6668474,0.07341686,-0.12434319,-0.11204178,-0.19223055,0.27640903,-0.21898945,-0.008343315,-0.016047264,-0.23120363,-0.05258291,0.50568926,0.0013493747,-0.56949884,0.4116857,0.14977291,-0.84130085,0.38776782,0.1837275,-0.117332265,0.09314082,-0.24582869,-0.54029024,0.2402734,0.063454404,0.077949,-0.020518327,-0.4545478,0.2582664,-0.19368681,0.2646209,-0.25989383,-0.09440995,0.5087702,0.8488627,-0.20424528,0.27926734,-0.17452556,0.049861085,-0.30086875,0.5667976,0.096142374,0.5525738,-0.7703941,0.069186606,-0.088064775,-0.87219936,-0.5067803,-0.7802282,0.2756371
Q8CPQ1,-0.0014593378,0.56197333,-0.32709098,0.06269723,0.021621663,0.19211254,-0.061569035,0.30254534,0.43281287,-0.6378694,0.70550907,0.5069402,-0.6626525,-0.016043581,-0.80550516,-0.78464854,0.109719746,0.42779118,0.10679342,0.6356186,0.47708946,-0.16293241,0.84180784,-0.083739415,0.29697418,-0.47628355,-0.4453135,0.49023762,-0.090888955,0.46303684,1.0631361,0.2654955,-0.029168345,0.84028774,-0.7346926,-0.72533226,-0.5638845,1.062068,0.46418273,0.22051543,-0.8527011,-0.013723854,-0.23181367,-0.098785095,-0.10841453,-0.9402578,-0.4675767,0.030457357,-0.314004,-0.1866652,-0.054929346,0.0641412,-0.05378626,1.6758552,-0.11079541,-0.5763232,0.19525503,0.45494616,0.84757537,1.0020845,0.5711416,0.2086844,0.0023363084,-0.53648907
O75815,-0.81256986,-0.1787715,-0.3751393,0.17449145,-0.0061663054,0.05379799,0.4024603,-0.06829316,-0.25587758,0.23193905,0.15764827,0.593827,0.2820518,-0.050135165,0.23428713,0.22147092,-0.35338092,0.7010474,-0.66464466,0.59253824,-0.116469964,0.32160017,-0.10376617,0.016035378,0.18454689,-0.073699206,-0.4644019,0.2697923,0.13717781,0.48953408,0.020458002,-0.015284826,0.51605904,0.4872876,0.3461378,-0.4661425,0.2967131,-0.25083402,0.43377098,0.5441953,-0.2787153,-0.30386373,0.33879665,0.07840172,0.4252768,-0.20758854,-0.0035809353,0.24596071,-0.09090886,0.12246497,0.18064022,-0.6790822,-0.50406307,0.12108038,-0.34316888,0.175569,0.5788443,0.13818385,0.13070025,0.33127964,-0.29373586,-0.7873557,0.27238896,0.19164318
P25539,0.00056537986,0.59845316,-0.07365315,0.09963075,-0.35440353,0.03700399,0.16534024,-0.5579557,0.41174522,0.07265983,0.5880978,0.5952923,-0.4366046,0.46722463,-0.060159657,-0.8413622,-0.5685755,0.34258172,-0.30926663,0.7637458,0.3389033,0.11052647,0.12706883,-0.027358428,-0.060973775,-0.0124669,-0.36168057,0.48753247,0.53387463,0.6022726,0.074624255,0.110568695,0.045216307,0.8447879,-0.25296265,-0.41879916,-0.35394022,0.49279237,0.35594305,0.65714216,-0.8531075,-0.33834106,-0.1952371,0.56186026,0.19226156,-0.47718936,-0.4309843,0.4677862,-0.016424287,-0.057733353,0.26750723,-0.35961336,-0.2949461,0.526595,0.23862739,-0.12771004,1.0129132,0.16847111,-0.0975504,0.6745661,-0.13459331,-0.5665186,0.062172234,0.40231383
Q8WYB5,-0.93567526,-0.08785444,-0.17461288,0.12811832,-0.20892926,-0.17611517,0.44972587,-0.5973605,-0.52243185,0.7132078,0.0044025555,0.34513482,0.47424972,0.17751974,0.9433337,0.65675807,-0.41421318,0.69468504,-0.770868,0.4833212,-0.46328807,0.32695875,-0.6371465,-0.08037986,-0.049428094,0.41873398,-0.28800088,-0.1925945,0.48001313,0.31442696,-0.7227684,0.043322127,0.48038927,0.12582727,0.6768131,-0.29604113,0.3280384,-0.4186693,0.24760467,0.4980852,0.010618287,-0.5594475,0.55964655,0.0821963,0.45978194,0.11477804,0.0848681,0.46159634,0.46271002,0.25195086,0.36396727,-0.75855076,-0.6938337,-0.7388182,-0.059366275,0.5617313,0.6853726,-0.5008908,-0.13587931,0.05961919,-0.80998635,-1.1115342,-0.04605615,0.54793835
Q96UT6,-0.0128227845,0.90165174,0.044400662,0.090675645,-0.32935703,0.26543072,-0.17142501,-0.110811144,0.7074571,-0.5154193,0.87461627,0.34223846,-0.79750115,0.3910747,-0.51470304,-0.86096835,0.12047771,-0.035607077,0.1431754,0.72949636,0.44437534,-0.2469596,0.8227469,-0.23830362,0.1450881,-0.1601803,-0.36862183,0.29840398,0.18041208,0.38822997,0.51459664,0.468621,-0.18227097,0.8508983,-0.7453712,-0.6416905,-0.867776,1.1739435,0.33530983,0.07515545,-0.9151709,-0.25972697,-0.28500655,-0.046048634,-0.2162419,-1.0077645,-0.4794838,0.19568364,0.19358942,-0.31928915,0.15388173,0.21262932,0.0822258,1.3914016,0.19753416,-0.5168911,0.38113302,0.029450044,0.6163414,0.85852337,0.12795593,0.044564515,-0.41124436,-0.2193574
A0A0H3C985,0.0856951,0.8144203,0.1365096,0.11917057,-0.38649395,0.14658609,-0.07526758,-0.38796616,0.59032553,-0.21490169,0.82167685,0.37128755,-0.6680441,0.5535138,-0.2841309,-0.8815266,-0.122846335,-0.11530591,0.029509813,0.70729,0.36301798,-0.13119495,0.52693546,-0.11751059,-0.020341571,-0.036259823,-0.29464418,0.3130628,0.41072822,0.31988093,0.22711185,0.35831854,-0.15548208,0.74512666,-0.5951429,-0.52211255,-0.7898229,0.87259775,0.2448251,0.22704801,-0.8705712,-0.285469,-0.34231058,0.18070033,-0.044062626,-0.74173546,-0.42817083,0.34295508,0.18094341,-0.3224908,0.1894182,0.037984397,0.09361307,0.9412005,0.33540753,-0.40502113,0.6900966,0.027826399,0.25975406,0.64379627,-0.08884527,-0.12577209,-0.38118592,0.10455185
Q06449,-0.50893956,0.88294876,-0.007957057,0.14717792,-0.4137771,0.21878126,-0.2263903,-0.2748658,0.43590578,-0.55454546,0.72332233,0.22395447,-0.39270934,0.23467007,-0.20007005,-0.22131683,0.49931473,0.24546206,0.14779043,0.55250496,0.124190584,-0.12672685,0.69559276,-0.6668929,0.3111588,0.07775703,-0.30921274,-0.35578495,-0.14024451,0.2799084,0.17191742,0.8443701,0.0038397536,0.42615196,-0.33860242,-0.72856325,-0.8045237,1.0646517,0.36879668,-0.3294093,-0.50483567,-0.47303715,0.39365432,-0.5767758,-0.07512732,-1.000007,-0.20478073,0.07770192,0.73644257,-0.25443238,0.18919739,0.16493875,-0.028857809,1.2028395,0.1852495,-0.2708947,-0.12567277,-0.44436377,0.9462759,0.60847247,-0.24399723,-0.23724169,-0.7321982,-0.3041488
O02372,-0.5979217,-0.020693567,-0.1467077,0.2051865,0.031907085,0.13700916,0.05123014,0.16619004,-0.09064169,-0.21685663,0.29764664,0.0890651,0.11838023,-0.12418822,0.060048867,0.39153302,0.26256615,-0.06746177,-0.061277002,0.10550742,-0.1435352,-0.023310198,0.34074867,-0.21302165,0.30876437,-0.042834558,-0.11706863,-0.24426831,-0.19018885,-0.0010900572,0.030568134,0.26255417,0.28131738,-0.049322832,0.032117195,-0.4211677,-0.26883548,0.14039211,0.18614265,-0.12506688,0.048648167,-0.02323383,0.27364624,-0.52571124,0.15875253,-0.42138427,0.15659702,-0.024365736,0.20089419,-0.2689532,-0.07084925,-0.025789868,0.14144328,0.44148988,-0.059859198,-0.23229796,-0.093979955,-0.106673226,0.53631747,0.055244364,-0.25513005,0.037882954,-0.40594554,-0.34926885
P08237,-0.1735395,0.6721872,0.031497076,0.18488075,-0.40311915,0.054995377,0.11143853,-0.5985816,0.36288068,0.06254229,0.62131953,0.49334696,-0.36405724,0.52697396,0.058948983,-0.6624978,-0.37399352,0.15798444,-0.2175751,0.7480136,0.19981061,0.041875802,0.2069624,-0.07629491,-0.038914982,0.097219914,-0.3405525,0.23340464,0.517244,0.4539345,-0.13796124,0.2536463,0.104342654,0.65613145,-0.2481789,-0.49522343,-0.5308418,0.5135488,0.30787432,0.4460184,-0.7565191,-0.41082755,-0.12683624,0.29536343,0.18319406,-0.52599514,-0.39629725,0.504285,0.24575515,-0.19134451,0.3007156,-0.3034762,-0.12676285,0.4848923,0.32673097,-0.15053779,0.90723735,-0.064754866,0.04596085,0.5213454,-0.35553527,-0.4976494,-0.24067912,0.30937338
Q9URB4,-0.09911139,0.8478282,0.09026262,0.13422045,-0.47896352,0.16489188,-0.05176428,-0.50405514,0.55388695,-0.1550889,0.7695428,0.4695221,-0.5538381,0.557857,-0.1387958,-0.78778684,-0.20461246,0.09218684,-0.07405182,0.82051504,0.30185604,-0.06037739,0.41021836,-0.19619459,-0.016026061,0.07701205,-0.34414792,0.24557973,0.46761554,0.4372869,0.05575938,0.400373,-0.033864044,0.785197,-0.4166109,-0.6125156,-0.7357585,0.8131724,0.33572838,0.25324732,-0.89210933,-0.3920128,-0.16024736,0.19307765,0.03520674,-0.76566017,-0.43571773,0.42071956,0.3092851,-0.2847625,0.30041626,-0.105387345,-0.052007224,0.8650359,0.3217918,-0.2933651,0.72556734,-0.07479294,0.27150568,0.67772305,-0.2088715,-0.34633145,-0.3740162,0.1866611
Q05086,-0.47670528,-0.0005862117,-0.24321629,0.23452507,-0.042248484,-0.0106808385,0.3260392,-0.09810444,-0.04705422,0.08018143,0.34045866,0.495128,-0.007822614,0.12439034,0.038659524,-0.15207596,-0.21496308,0.26000777,-0.36269993,0.47929308,0.053014204,0.18496934,0.23060077,0.14283529,0.14132857,-0.14103511,-0.41048604,0.15137681,0.1894289,0.3954626,0.034133468,0.06548657,0.4548549,0.3675093,-0.079199396,-0.4099853,-0.12447627,0.024016248,0.3007375,0.45941222,-0.3534278,-0.21050331,-0.024931632,0.0282343,0.37257525,-0.3251192,-0.13078734,0.3637164,-0.07092555,-0.115670495,0.112067595,-0.41179413,-0.13807084,0.33313364,0.011488515,-0.10265971,0.69497013,0.186587,0.1848692,0.25402057,-0.22269876,-0.36424336,0.00093155354,-0.016109368
O14788,-0.5520309,-1.1031959,-0.372123,0.15762,0.39671278,-0.08570959,0.570336,0.29476997,-0.8348412,0.5899606,-0.4172504,0.19349872,0.74434763,-0.48357227,0.61092204,1.0139645,-0.47142932,0.44366485,-0.6928282,-0.14897133,-0.4051019,0.3807757,-0.6587787,0.017158538,-0.014242731,-0.09651038,-0.00017241389,0.16371526,-0.083195046,-0.031047203,-0.0895133,-0.4836935,0.6540777,-0.12741661,0.623486,-0.014822781,0.8101432,-0.99332416,0.14353794,0.55211145,0.5654216,0.17372197,0.41269356,0.04031337,0.5075132,0.6233306,0.44629258,0.0046004597,-0.43953177,0.22105797,-0.1722794,-0.6083881,-0.4742768,-0.7815784,-0.50406855,0.3764416,0.1240437,0.15917487,-0.18286672,-0.2984425,-0.17486922,-0.39166722,0.41740048,0.14767183
Q6ZNA4,-1.0263479,-0.4178243,-0.43834195,0.19373408,0.11028038,0.15003157,0.41787875,0.1651122,-0.48679277,0.24991378,-0.042737216,0.4672399,0.5262745,-0.25541952,0.40788877,0.7670132,-0.22334355,0.773576,-0.6871088,0.41652888,-0.32142258,0.37236318,-0.27747995,-0.23752654,0.29525214,-0.02614282,-0.37401497,0.09304078,-0.051967878,0.35617146,-0.0015315525,0.0075189946,0.6039409,0.23231713,0.58834434,-0.5331372,0.46259344,-0.48934183,0.4068467,0.3131652,0.08494533,-0.16762845,0.6486757,-0.24108607,0.5165133,-0.06746234,0.26707134,0.049554832,-0.1035087,0.15306585,0.14400041,-0.62751925,-0.59536725,-0.015609279,-0.54367286,0.29366922,0.15423535,0.04916268,0.3083725,0.24851598,-0.32340562,-0.7604499,0.23343146,0.062080637
P12530,-0.06984714,-0.1648584,-0.33245093,0.1058753,0.026203621,-0.16490686,0.47299665,-0.2597439,-0.08706953,0.300424,0.22299586,0.53158873,-0.017591462,0.09726774,0.11376336,-0.32398772,-0.64556617,0.39380035,-0.55835235,0.41921043,0.17339437,0.26131925,-0.10300695,0.28269786,-0.12052566,-0.19901048,-0.3249998,0.571449,0.32865483,0.45760387,0.10061392,-0.2552289,0.33515686,0.5539754,-0.027662091,-0.108707055,0.1722238,-0.17527686,0.23131359,0.8950501,-0.48081303,-0.08667627,-0.22512338,0.5807371,0.3778837,0.07306944,-0.17478934,0.41149238,-0.4043456,0.14523795,0.059965923,-0.5350437,-0.41063258,-0.057960525,-0.042888742,0.053659163,0.9617734,0.37817287,-0.27868453,0.2611464,-0.08974276,-0.48692808,0.44764513,0.3701388
P14921,-0.8961847,-0.0076618567,-0.16167219,0.117973916,-0.25241935,-0.18559632,0.4450228,-0.6346498,-0.45291153,0.7261243,0.048767045,0.3849766,0.40925413,0.23196915,0.91568553,0.51077425,-0.44778222,0.71459043,-0.7728798,0.5653906,-0.42139852,0.3128973,-0.6025932,-0.040581636,-0.06577508,0.3886061,-0.34173733,-0.124381244,0.5257761,0.36434162,-0.7152226,0.043141272,0.44980893,0.21340308,0.61847436,-0.28962207,0.3003607,-0.3489308,0.2886884,0.5626341,-0.11201341,-0.6161344,0.4912465,0.17114148,0.4222043,0.06771785,0.0047428384,0.51462644,0.46349388,0.2805646,0.38011482,-0.7714744,-0.6938492,-0.6925138,-0.038220238,0.5479456,0.79411364,-0.47484273,-0.17862925,0.12652123,-0.7925068,-1.1285205,-0.012387179,0.568747
P0A7W7,-0.3294244,1.018104,0.28510892,0.20504214,-0.5263565,0.18702742,-0.25878707,-0.61693054,0.5179893,-0.36121204,0.77782834,-0.08823563,-0.3537039,0.47136053,0.16624944,-0.27480417,0.40240842,-0.44092104,0.3362967,0.40564102,-0.018154971,-0.28703833,0.60872483,-0.5498526,0.13136153,0.34474024,-0.091358155,-0.584653,0.1563227,-0.03966832,-0.40164694,0.8109489,-0.16304407,0.07279962,-0.20957565,-0.46415085,-1.1328902,0.9355523,0.10347711,-0.50948566,-0.4029985,-0.36663663,0.11226057,-0.4831856,-0.10015686,-0.8893471,-0.14032635,0.2633095,1.0380354,-0.5169884,0.22170302,0.27402973,0.41627055,0.6758428,0.59347844,-0.3883795,0.10337527,-0.7518134,0.62805444,0.26108143,-0.69049174,0.015823675,-1.1763391,-0.09163477
O75570,-0.62500405,0.08676035,-0.15038928,0.21869324,-0.20330088,-0.08446056,0.34314877,-0.49308968,-0.22827367,0.33283582,0.29795843,0.35248452,0.21616122,0.18674576,0.5627668,0.25434273,-0.339082,0.31690955,-0.5026794,0.45092005,-0.2139499,0.20875245,-0.22571617,-0.038412735,-0.026688907,0.24173743,-0.24610965,-0.04811057,0.35726103,0.3223457,-0.46424022,0.06616949,0.386276,0.21348056,0.3197154,-0.3317932,-0.050931618,-0.1339472,0.1994262,0.46237674,-0.20319419,-0.36482838,0.21438578,0.05978252,0.3496734,-0.12144272,-0.054953285,0.43725404,0.31553215,0.0057621896,0.24639568,-0.5289417,-0.30138785,-0.2282164,0.07082896,0.155667,0.70446277,-0.2771768,0.015501898,0.077253215,-0.64418215,-0.6523072,-0.16682567,0.33546203
P99029,-0.5932275,0.4356986,-0.054006726,0.16136706,-0.3770363,-0.07331429,0.28277892,-0.69925857,0.0045981817,0.3608645,0.3938802,0.4581049,0.036547408,0.3423309,0.55289716,-0.07706344,-0.43856418,0.4659845,-0.51927793,0.71866405,-0.083226964,0.21267968,-0.23969293,-0.10785123,-0.023389693,0.2881919,-0.33168012,0.06672186,0.4928232,0.48364717,-0.5021322,0.13859266,0.23311752,0.42960143,0.24409547,-0.35831648,-0.13109311,0.090098485,0.312814,0.5552571,-0.5186277,-0.5265815,0.25552237,0.2558969,0.28572991,-0.24361388,-0.18514517,0.5174283,0.41637072,0.0918333,0.3591208,-0.59218985,-0.44331336,-0.08565292,0.1391438,0.19467735,0.88970697,-0.2842751,-0.10498298,0.37304512,-0.63817036,-0.875926,-0.11145833,0.44686562
P09104,-0.22958708,0.93860614,0.14082831,0.16428211,-0.58215505,0.06522271,0.007785216,-0.86273587,0.41952673,0.12914364,0.67713165,0.45807537,-0.37882668,0.6441383,0.24777365,-0.6228307,-0.3389091,0.16714159,-0.1862475,0.8468965,0.11671986,-0.01669733,0.11553065,-0.22534244,-0.10397813,0.32807985,-0.32343084,0.07360515,0.64556247,0.4141886,-0.44443,0.41349396,-0.02973739,0.59151715,-0.1409902,-0.57434916,-0.7215968,0.6040733,0.28862447,0.3010882,-0.8651232,-0.5482471,-0.003946297,0.27934328,0.12258756,-0.5717299,-0.42344895,0.5767006,0.5656158,-0.21149088,0.4207022,-0.26800165,-0.14502956,0.39480066,0.46997333,-0.08483467,0.91242844,-0.34574556,0.07185951,0.5692962,-0.5817456,-0.6310279,-0.4481148,0.44559544
P42227,-0.5471611,0.21664962,-0.13081704,0.19277208,-0.25502568,-0.13897336,0.37655473,-0.6003876,-0.11784281,0.43161455,0.2746138,0.502473,0.08695011,0.32248017,0.52883273,-0.10948709,-0.4761564,0.4477383,-0.5370599,0.61023676,-0.12440471,0.21462262,-0.17603192,0.08004764,-0.055390622,0.17845899,-0.377266,0.047085684,0.47641176,0.47566605,-0.48882642,0.057569865,0.4075812,0.359729,0.19358146,-0.29968292,-0.05686405,-0.06682262,0.28334895,0.628556,-0.39305127,-0.5199341,0.110007614,0.25040862,0.37456867,-0.1458238,-0.2246927,0.60663646,0.28246018,0.0883372,0.3154362,-0.59633285,-0.39496407,-0.24227665,0.17333116,0.22281694,0.9986818,-0.2060249,-0.12653908,0.24376807,-0.6218586,-0.80454206,-0.03182646,0.4093092
P00326,-0.3146403,0.74430394,0.12448469,0.20707719,-0.47455713,-0.030283567,0.07047146,-0.8047277,0.24924599,0.11953533,0.5844746,0.28760344,-0.20072016,0.51410395,0.35393074,-0.34135044,-0.22262183,0.030635588,-0.17261076,0.6070161,0.00066448003,-0.01005364,0.08619862,-0.21539028,-0.08587271,0.34980002,-0.19307867,-0.12455146,0.51095283,0.27478677,-0.49285004,0.39871648,0.058412984,0.32530382,-0.055778824,-0.432453,-0.6461077,0.46804854,0.19474486,0.21940519,-0.5389202,-0.46105412,0.07739355,0.06641159,0.17733538,-0.4726507,-0.26511416,0.51624507,0.6264171,-0.216782,0.32296887,-0.2362233,-0.061814815,0.17555256,0.46682176,-0.07417314,0.72656965,-0.4543982,0.10391961,0.29428223,-0.66330975,-0.5257485,-0.56498706,0.32370007
P40296,0.18703991,0.45863053,-0.22640264,0.081835434,-0.09015556,0.07142852,0.10176284,-0.035535634,0.47457764,-0.38752633,0.7024438,0.5024797,-0.6172802,0.24064326,-0.61595404,-0.92968726,-0.22135028,0.24312127,-0.0723724,0.6154295,0.53741574,-0.04093437,0.55840063,0.105748594,0.058718186,-0.38689217,-0.35463047,0.6741306,0.2572567,0.49794734,0.81114215,0.14912263,-0.03984902,0.91561174,-0.65564966,-0.52436817,-0.4762255,0.79231477,0.3577013,0.44802052,-0.86864567,0.010584857,-0.36931795,0.29732126,0.10662341,-0.7038336,-0.41601095,0.1782497,-0.434194,-0.20227209,0.026580483,-0.038993195,-0.07600479,1.2372918,0.07310022,-0.50033206,0.5777685,0.53888834,0.2902228,0.7469857,0.4202097,0.0068716984,0.11887476,-0.13128075
O15360,-0.20712653,-0.5534407,-0.45970607,0.15793826,0.28376827,-0.044975568,0.48193648,0.34819928,-0.21758755,0.10379275,0.14015204,0.4756579,0.07458575,-0.18045208,-0.22890115,-0.05141189,-0.30792728,0.22333491,-0.435539,0.22236033,0.18435086,0.2132245,0.14885613,0.34726158,0.097677395,-0.5009085,-0.40954953,0.56106013,0.0075020613,0.23459715,0.47290346,-0.2722509,0.42111805,0.4281973,-0.1396132,-0.22928667,0.2814516,-0.27355656,0.22762018,0.661598,-0.2526658,0.16582923,-0.23529783,0.25277767,0.32123753,0.03691709,0.015611775,0.13155666,-0.7054965,0.017352901,-0.17183396,-0.37637475,-0.21581092,0.27516246,-0.30752376,-0.13783523,0.59871644,0.6294518,0.04050013,0.19601652,0.2225217,-0.118400306,0.48361367,-0.0516378
P01721,-0.5362928,-0.7721878,0.14863712,-0.03474687,-0.097374156,-0.19960292,0.24841341,-0.3144453,-0.7599597,0.8501224,-0.5023233,-0.09476322,0.7290801,-0.28734258,1.1116046,1.3976235,-0.24613675,0.0794728,-0.5097021,-0.33229488,-0.6302878,0.25220785,-1.0348666,-0.3533538,-0.10661754,0.5421233,0.2740994,-0.52205086,-0.046032462,-0.43281108,-1.0191004,-0.1861813,0.40748322,-0.7101549,0.8300674,0.2544443,0.494906,-1.0766217,-0.11973143,0.089124285,0.7998445,-0.021488886,0.9133498,-0.058192857,0.28551513,0.81680125,0.77930826,-0.021159237,0.51560724,0.15749827,-0.11810763,-0.46112823,-0.36147058,-1.446535,-0.11828531,0.66292423,-0.16140349,-0.47030073,-0.43393368,-0.62219703,-0.7442902,-0.51306367,-0.22771093,0.45319128
Q5JFD7,0.29129085,0.58585685,-0.09074956,0.067427576,-0.048125353,0.12329367,-0.042874128,0.086647585,0.56553096,-0.48333403,0.74053174,0.3779707,-0.7352222,0.23961854,-0.72719884,-0.9978021,-0.030733544,0.014891952,0.10788782,0.5287517,0.52273846,-0.18489762,0.7641164,0.042583704,0.10512395,-0.46947005,-0.31243026,0.6145425,0.13233118,0.33671397,0.87955844,0.20456249,-0.19731846,0.8303415,-0.8378179,-0.48291868,-0.63438123,0.9731509,0.3143554,0.30878392,-0.8628593,0.008513663,-0.48267686,0.14559743,-0.09543881,-0.7994168,-0.45501003,0.09469663,-0.36084414,-0.22534786,-0.06184528,0.17157495,0.1033929,1.3611517,0.081864014,-0.59851074,0.4228602,0.46193135,0.41224447,0.77266884,0.46096504,0.22491673,-0.018562451,-0.27524897
P11574,-0.42667693,0.769735,0.12662758,0.19486691,-0.5003334,-0.11223173,0.14628324,-1.0361568,0.19680767,0.3653119,0.46660125,0.32600158,-0.13359791,0.5804412,0.6367134,-0.27293247,-0.33765388,0.1844737,-0.30653167,0.6302713,-0.09042993,0.032648094,-0.08059772,-0.18354157,-0.118442476,0.49203494,-0.24158797,-0.25603575,0.6442888,0.36913574,-0.85376424,0.38202354,0.103941284,0.22563635,0.044699274,-0.4164513,-0.5784736,0.33324483,0.17775565,0.29179752,-0.47241348,-0.64056385,0.22354871,0.14566413,0.26800165,-0.31925392,-0.31209823,0.651589,0.77732676,-0.08654886,0.44748148,-0.330002,-0.19395503,-0.17171164,0.59156036,0.15561286,0.92128253,-0.63964427,-0.07206132,0.29322773,-0.8322858,-0.8131601,-0.55008787,0.48432118
Q8GE63,0.01761984,0.883171,0.11989942,0.10357937,-0.45811823,0.17769757,-0.081959754,-0.48376018,0.5974279,-0.17321706,0.82729286,0.4581791,-0.65174353,0.56854683,-0.2138376,-0.8737753,-0.20311862,0.024428092,-0.038895957,0.81253177,0.36424053,-0.09654975,0.4322165,-0.17232183,-0.04171725,0.045563966,-0.32198262,0.338388,0.47603288,0.41105402,0.14187805,0.37490425,-0.14962688,0.8294879,-0.5026699,-0.5890793,-0.76763326,0.8644873,0.28745827,0.26305836,-0.9543735,-0.35112372,-0.2527483,0.24765357,-0.03431916,-0.75114626,-0.45013967,0.37862763,0.23376863,-0.2888065,0.2694402,-0.03479171,-0.032762077,0.9288759,0.3235323,-0.3402709,0.74574655,-0.01008518,0.23626345,0.72744334,-0.14356853,-0.28340784,-0.33799654,0.2142722
O14544,-0.6481316,-0.008530013,-0.40720257,0.1556225,-0.043065336,0.12119277,0.24204898,0.12599616,-0.016673516,-0.14827609,0.35887444,0.6031776,0.0043414384,-0.060170006,-0.16648062,-0.046733722,-0.14339069,0.6012792,-0.4215206,0.6168395,0.07552134,0.17006889,0.28680587,0.014832348,0.28988755,-0.21120006,-0.48823124,0.31271487,0.026306996,0.50604767,0.38701576,0.15359211,0.4334664,0.6041102,-0.011830978,-0.63001275,0.003883317,0.13470659,0.4926102,0.3650441,-0.4421978,-0.17385057,0.2196366,-0.07319384,0.31612545,-0.53928214,-0.09054654,0.15840007,-0.1664484,-0.0458885,0.10405019,-0.42553604,-0.2994026,0.741733,-0.29051158,-0.124095336,0.404935,0.2946468,0.43443775,0.47445998,-0.0038611218,-0.43714947,0.14650264,-0.14820372
P32189,-0.3518363,0.6974524,0.034984693,0.1749018,-0.4668407,-0.030948874,0.17594509,-0.80414313,0.23548986,0.28500453,0.51467246,0.500489,-0.2137214,0.5261668,0.35063058,-0.4795391,-0.48043486,0.3356286,-0.36244136,0.78476006,0.05142422,0.086137995,-0.0369168,-0.08990623,-0.07192004,0.2570629,-0.3574372,0.1291762,0.60779995,0.50937825,-0.45341417,0.2359395,0.1266344,0.56530017,-0.009919353,-0.4435232,-0.4046567,0.35234493,0.3260141,0.5442654,-0.7205928,-0.5639212,0.049023293,0.3628189,0.21326882,-0.39890313,-0.38007793,0.59532136,0.4233998,-0.04576026,0.38328257,-0.4591086,-0.29191154,0.12803417,0.34056798,0.05426053,1.0254834,-0.26103652,-0.10242418,0.48598087,-0.5899636,-0.7942667,-0.20781887,0.47401315
P06744,-0.24986133,0.76845026,0.045471445,0.16724537,-0.4771522,0.06271501,0.09801171,-0.72335625,0.3743997,0.13058525,0.61006093,0.5254518,-0.34570524,0.5596162,0.16731632,-0.65287894,-0.44203085,0.26612657,-0.26674914,0.8424299,0.16062821,0.0590308,0.114103295,-0.12036222,-0.04970548,0.19143042,-0.36760473,0.21061009,0.5885328,0.52401644,-0.2868378,0.266776,0.07887829,0.67960954,-0.1424124,-0.5138557,-0.52013266,0.5052824,0.34803298,0.48248523,-0.82848847,-0.4975401,-0.051062442,0.3658981,0.16845146,-0.5272293,-0.4240105,0.5574915,0.3522415,-0.135464,0.37294355,-0.37824282,-0.21431033,0.40811628,0.34328637,-0.06839681,0.9860749,-0.15169147,-0.006799452,0.59577596,-0.44837546,-0.6565066,-0.23148069,0.4104388
P01859,-0.555089,-0.8363164,-0.0066049704,-0.0013221782,0.008888114,-0.22102733,0.3741616,-0.26723695,-0.8576254,0.87438625,-0.5120342,-0.007798314,0.8106722,-0.29719576,1.0818913,1.3436342,-0.33009815,0.27889395,-0.5980969,-0.28995308,-0.6071187,0.313296,-1.079456,-0.2729832,-0.15266642,0.43491283,0.22186391,-0.37869263,0.055295374,-0.3557852,-0.83671105,-0.24946839,0.48931804,-0.57651967,0.8952195,0.16740343,0.6162138,-1.0847884,-0.078257956,0.2129921,0.7367779,-0.007221263,0.86385655,0.03547529,0.39377886,0.81705534,0.7285574,0.039954953,0.30010566,0.20524089,-0.09258048,-0.561819,-0.49069795,-1.3881681,-0.17789471,0.63903517,-0.070386454,-0.38767594,-0.3992616,-0.5672343,-0.67791206,-0.5988147,-0.058969963,0.46260953
Q9KKF0,-0.0679172,1.1139615,0.26684338,0.11855683,-0.55624026,0.18865949,-0.26424786,-0.5722611,0.65886194,-0.36498126,0.9015993,0.12277139,-0.6267459,0.5805233,-0.14637867,-0.6314981,0.2637472,-0.39788407,0.24419892,0.566527,0.20979081,-0.34445608,0.6501027,-0.38301322,0.017377123,0.20983794,-0.26187235,-0.17823921,0.27510202,0.03162121,-0.121104434,0.7092602,-0.29522163,0.42699614,-0.47908607,-0.5331317,-1.1416471,1.0792322,0.13124642,-0.27675688,-0.77946204,-0.40062824,-0.15549037,-0.189466,-0.23493314,-0.9103378,-0.32355675,0.2883886,0.76858187,-0.46744186,0.23358214,0.2992707,0.301521,0.8952606,0.53464645,-0.4366235,0.32165724,-0.49495918,0.5502288,0.49024612,-0.46479952,0.003348587,-0.9058026,0.008617286
O75914,-0.82936704,0.18404445,-0.042685032,0.09580347,-0.36798647,-0.23316637,0.3762362,-0.82777405,-0.3387027,0.71742404,0.11418066,0.30995566,0.29564336,0.32432103,1.0165361,0.45365518,-0.38040447,0.62835044,-0.70387113,0.5717908,-0.39021373,0.24077275,-0.5790571,-0.12571736,-0.09509972,0.52696717,-0.27408212,-0.23994906,0.59657407,0.3580193,-0.87531745,0.14128931,0.31920132,0.13444804,0.53760815,-0.27274346,0.11224756,-0.20308214,0.22883672,0.4898758,-0.11528765,-0.69472456,0.5503882,0.16186053,0.37175706,0.031475574,-0.024746872,0.54622734,0.66820025,0.27189648,0.4502636,-0.6848871,-0.6290336,-0.7362088,0.16922887,0.54924124,0.8159641,-0.65857214,-0.20623651,0.12728317,-0.85875857,-1.1359638,-0.2007733,0.58805805
A5D8V6,-1.1483668,-0.44368246,-0.23689191,0.17069557,0.06130183,0.024994787,0.41662246,-0.1829444,-0.68151015,0.54201776,-0.2862268,0.18410069,0.7024111,-0.23784232,0.9603992,1.2161453,-0.20962253,0.6528991,-0.6810142,0.19011937,-0.5549566,0.38742548,-0.65562373,-0.39460206,0.16482714,0.38648394,-0.08205299,-0.42256936,0.07663517,0.1357809,-0.61860913,0.03395733,0.6352198,-0.21142708,0.8739288,-0.33977836,0.5055002,-0.6638759,0.19957039,0.15657759,0.4975575,-0.22128053,0.9785156,-0.36880332,0.57125264,0.27143174,0.45323214,0.09319968,0.32690123,0.15793063,0.19898269,-0.5910997,-0.69814444,-0.66738594,-0.2838022,0.5576828,-0.004840456,-0.4876693,0.11802716,-0.04949005,-0.7190464,-0.9192981,-0.0973241,0.22717188
F1LQ48,-1.0191326,-0.13947824,-0.08691028,0.17058869,-0.13499087,-0.10478391,0.35631496,-0.5399044,-0.5274333,0.5817835,-0.07909699,0.17558946,0.50784916,0.04702892,1.0102041,0.9286532,-0.20418462,0.4936516,-0.63021636,0.2687059,-0.49907786,0.28321603,-0.56093854,-0.28042606,0.075508446,0.5444559,-0.072827995,-0.5375812,0.3011005,0.18580937,-0.84475493,0.16304827,0.5098337,-0.19947949,0.6765907,-0.297911,0.21878457,-0.449577,0.13140504,0.19886416,0.3672546,-0.44426998,0.79358387,-0.25735077,0.48910093,0.1575483,0.2731232,0.30338055,0.6129066,0.10089783,0.32005408,-0.56409615,-0.53234226,-0.7537749,0.052403983,0.54000676,0.35374755,-0.6735616,0.0040988177,-0.10243493,-0.8787405,-0.9738745,-0.32179153,0.39813837
Q13064,-0.82707393,-0.72096276,-0.47955096,0.15312253,0.20842497,0.008426971,0.6328843,0.0737575,-0.6271411,0.557464,-0.18346001,0.5399239,0.60306495,-0.2862625,0.5367767,0.7463308,-0.5855643,0.8650484,-0.88316184,0.3809338,-0.26758587,0.48511517,-0.6040912,-0.04751925,0.073401034,-0.063285366,-0.3397535,0.35103348,0.07976116,0.34559596,-0.040407803,-0.3096225,0.666608,0.3414074,0.6625948,-0.30285752,0.75797004,-0.77388096,0.33974102,0.6696549,0.08911523,-0.12251307,0.5073743,0.16340336,0.5526971,0.34003395,0.27175972,0.14124306,-0.3312266,0.30529964,0.11253999,-0.8320549,-0.78982395,-0.4461987,-0.61739576,0.47851747,0.44457608,0.18841897,-0.07293316,0.183936,-0.26704007,-0.874912,0.55393606,0.3688867
O15389,-0.5423053,-0.9570346,-0.12640713,0.01966943,0.09882417,-0.21611054,0.4698444,-0.18483254,-0.9346389,0.90629905,-0.52771086,0.09431647,0.888305,-0.34529606,1.0569273,1.3188763,-0.45787093,0.39972302,-0.70416516,-0.25791153,-0.58270866,0.4036136,-1.1521298,-0.17851582,-0.20729938,0.28943476,0.1957529,-0.16952138,0.08806458,-0.28839716,-0.7089987,-0.3884996,0.5481349,-0.48387572,0.9186275,0.12537836,0.7660946,-1.1793805,-0.01792685,0.37585565,0.6463092,0.08930205,0.780662,0.1253613,0.460663,0.87290126,0.70005167,0.056268327,0.031842183,0.2611724,-0.10955934,-0.6481258,-0.5822803,-1.3393283,-0.2980163,0.61060125,0.041290075,-0.20358826,-0.45686078,-0.5219413,-0.5785111,-0.6030905,0.16930315,0.46482804
O95833,-0.460454,0.21998146,-0.2179007,0.12280434,-0.23548512,-0.123734415,0.4218941,-0.5868258,-0.026383344,0.42993852,0.27100763,0.6229138,0.021790117,0.2577446,0.3962756,-0.3013546,-0.6991291,0.6737152,-0.63916045,0.7163091,0.025480047,0.3019415,-0.24003619,0.09967141,-0.04104435,0.06491439,-0.44070607,0.3362091,0.4708179,0.6577548,-0.2764002,-0.067966685,0.34981745,0.63098717,0.2161977,-0.21642964,0.1343124,-0.05370231,0.38991114,0.8699864,-0.58950603,-0.5008954,0.067246586,0.54025584,0.33625457,-0.13205996,-0.26626,0.5602177,0.07217588,0.2380764,0.29480985,-0.7291191,-0.591187,-0.1498444,0.004809278,0.26073116,1.1036998,0.02341403,-0.29016113,0.45139164,-0.44493335,-0.94868493,0.2965268,0.5354048
O15055,-0.67306745,-0.18872033,-0.3312779,0.13107157,-0.07214409,-0.12606344,0.52836055,-0.38668564,-0.3579156,0.5630576,0.06276521,0.6009594,0.31230325,0.08064269,0.5297359,0.15304667,-0.63760805,0.7829596,-0.78591895,0.59155524,-0.1663791,0.3810866,-0.40594283,0.13456202,-0.03163186,0.06690757,-0.4244159,0.2612276,0.3637151,0.5250738,-0.2785045,-0.15277676,0.5424307,0.4785675,0.44255725,-0.22693041,0.41555703,-0.38877204,0.36572132,0.8217222,-0.31537932,-0.42681113,0.21415848,0.3838395,0.45311823,0.0924259,-0.07831011,0.48756692,-0.008222242,0.2850719,0.25933677,-0.83246493,-0.68813485,-0.39983672,-0.20861802,0.40463147,0.9256856,0.01312162,-0.21808553,0.25955668,-0.46951377,-0.9813778,0.37392378,0.5101096
P07327,-0.31601256,0.6792942,0.11983393,0.21006976,-0.43938872,-0.05631757,0.08680245,-0.7969337,0.19688345,0.13401926,0.55133456,0.23544598,-0.15498492,0.4721913,0.39754593,-0.25631636,-0.21300134,-0.009230852,-0.17887238,0.5339847,-0.034158528,-0.010799589,0.055573694,-0.20432475,-0.09481178,0.3645836,-0.14967465,-0.16317433,0.48352098,0.23633751,-0.5244735,0.3679566,0.071408086,0.2509053,-0.02377697,-0.37979716,-0.61420965,0.4131323,0.15953863,0.21383788,-0.45011437,-0.4264144,0.08469683,0.038350854,0.18381155,-0.41444916,-0.22592136,0.5007968,0.6342892,-0.20918359,0.29456475,-0.22903213,-0.041942663,0.088367164,0.46598914,-0.059249196,0.69003004,-0.48264307,0.08658351,0.2175887,-0.6824368,-0.4900129,-0.58151543,0.31392244
Q98TD4,-0.30411968,0.59561497,0.07472321,0.21793728,-0.3996626,-0.046184544,0.11308492,-0.69376224,0.16985838,0.10171239,0.55346596,0.25101346,-0.15200451,0.43057498,0.31976336,-0.2472177,-0.2126115,-0.02098748,-0.18438338,0.5233248,-0.011100918,0.0017213058,0.08214303,-0.15607207,-0.078221574,0.2796403,-0.17940569,-0.07923652,0.444532,0.23371342,-0.40937123,0.31636575,0.097836725,0.28962937,-0.044259533,-0.3728391,-0.56445813,0.38744134,0.17838663,0.25025028,-0.4542481,-0.37304017,0.027233109,0.049000565,0.17215861,-0.4164582,-0.2156207,0.46427032,0.52256393,-0.2042907,0.25190988,-0.24098857,-0.026300557,0.15204613,0.3962172,-0.10195897,0.6786494,-0.37985843,0.099728525,0.2105405,-0.6067015,-0.42257676,-0.51281106,0.26715046
P19221,-0.6925746,-0.8438563,-0.14948152,0.13921149,0.1659518,-0.12837897,0.42582488,-0.09513483,-0.8239557,0.66805536,-0.42794013,0.009895474,0.80719584,-0.31655183,0.92846686,1.2560209,-0.3347098,0.25844854,-0.62725127,-0.2506355,-0.57822305,0.30202428,-0.81875455,-0.18405998,-0.050221924,0.2910312,0.13070272,-0.33146092,0.017731516,-0.21247146,-0.6333864,-0.23047355,0.57230246,-0.4328976,0.80325747,0.031015232,0.6136155,-0.9488008,0.010689206,0.26340464,0.7320688,-0.006561782,0.6740699,-0.12294146,0.4588542,0.6302619,0.56032336,0.053553052,0.14409561,0.13945086,-0.054208487,-0.5238133,-0.4222388,-1.113719,-0.21336652,0.5121125,-0.008147478,-0.3602761,-0.21909106,-0.5212522,-0.6225449,-0.5405903,-0.0140921995,0.29947677
O61667,0.14311263,0.11537594,-0.19063498,0.10765133,0.29683703,0.29514217,-0.17887044,0.7710131,0.33961684,-0.7015776,0.43551326,0.2676221,-0.5651023,-0.2794666,-1.0845225,-0.47803712,0.34049076,-0.21035272,0.34632498,0.013890389,0.3624711,-0.27570415,0.9607125,0.001320973,0.39491445,-0.67353666,-0.2641155,0.21038578,-0.5194644,-0.009028949,1.0409892,0.12326718,0.01387354,0.38051805,-0.78044075,-0.45795503,-0.5436812,0.7852365,0.3106538,-0.1399253,-0.31453764,0.32447097,-0.40237546,-0.42350483,-0.27062604,-0.7018518,-0.25061172,-0.26838973,-0.42978227,-0.44884712,-0.39983326,0.33037522,0.45448604,1.5511311,-0.24227004,-0.7131925,-0.27818263,0.52622676,0.8621517,0.5897805,0.6429827,0.7200691,-0.21008664,-0.82138795
Q92132,-0.7892022,-0.046290345,0.21870051,0.16077965,-0.24162795,-0.18309574,0.16527691,-0.8205301,-0.43492666,0.6559059,0.0114979595,-0.11190516,0.3540464,0.15831468,1.2429965,1.0101734,-0.20480317,0.079921514,-0.49311063,0.06783758,-0.5198398,0.1270736,-0.6205603,-0.38594672,0.009745579,0.85821784,0.14812024,-0.7899909,0.34181052,0.059675366,-1.1681938,0.15009493,0.24127102,-0.49865803,0.50877285,-0.07720666,-0.022354633,-0.38196456,-0.11739612,0.17588389,0.55959666,-0.4595365,0.7035794,-0.21991998,0.26886284,0.2291915,0.29570025,0.32142863,1.0107322,0.05503775,0.28543535,-0.4511723,-0.2663933,-1.003768,0.34380168,0.59718287,0.36753166,-0.99559873,-0.12053362,-0.3948437,-0.99729,-0.74371517,-0.61992234,0.51463693
P29055,-0.3293546,0.6889173,0.034999326,0.17029789,-0.3541041,0.14502366,-0.12002866,-0.23109822,0.37374723,-0.38426486,0.6755862,0.16915654,-0.3629367,0.3085367,-0.15571958,-0.2690466,0.28190452,-0.1075409,0.13544142,0.44421542,0.0854765,-0.18551074,0.59451896,-0.31464672,0.18971305,0.01315105,-0.25645316,-0.19007078,0.057291847,0.15774724,0.068975925,0.5726365,0.032064967,0.34108612,-0.33586496,-0.5945704,-0.7859146,0.82266504,0.26642442,-0.16149077,-0.49791044,-0.25435677,0.05067399,-0.37445533,-0.012682229,-0.8272415,-0.19773886,0.19053799,0.5011751,-0.38731694,0.113724306,0.14338629,0.19944802,0.90914506,0.2806974,-0.4090031,0.15316269,-0.27491212,0.6349134,0.37158898,-0.30279893,-0.010095792,-0.69193035,-0.23701507
G1FNI6,0.12015276,0.6207572,-0.0075116167,0.09381432,-0.17028762,0.13776848,-0.10760903,0.0029870286,0.5357993,-0.45921883,0.72584486,0.30292287,-0.6786591,0.28743893,-0.57392466,-0.7894049,0.072164126,-0.077077314,0.13085836,0.5182646,0.39808488,-0.20755254,0.74851626,-0.057986382,0.1371421,-0.2995999,-0.30329937,0.36511064,0.099312425,0.27230996,0.6310335,0.31020695,-0.13981542,0.6893539,-0.73503375,-0.49383932,-0.70843184,0.9532653,0.30632973,0.17682469,-0.7619303,-0.086527914,-0.35847548,-0.0064396486,-0.12737437,-0.81630754,-0.40022352,0.12932591,-0.043817997,-0.27638453,-0.014592007,0.16244131,0.17170477,1.2424015,0.14443697,-0.53660005,0.3457445,0.21477075,0.4864727,0.64553463,0.23914488,0.17588113,-0.2673214,-0.28172547
Q13596,-0.7986214,0.2915688,-0.13817672,0.16346681,-0.31393453,-0.100286454,0.35701412,-0.61737293,-0.15667562,0.47981593,0.2644446,0.52167946,0.1857396,0.33394122,0.5985265,0.05860384,-0.43003607,0.6433583,-0.63145655,0.7111822,-0.22514693,0.26721177,-0.26948076,-0.014276862,0.036609102,0.24549195,-0.4473486,-0.016232166,0.49124244,0.5219143,-0.52619237,0.12195916,0.39784613,0.40873954,0.38167903,-0.38268757,0.04501073,-0.06860423,0.37071684,0.5732974,-0.413406,-0.6454877,0.31040254,0.20682764,0.3708799,-0.23217143,-0.18872198,0.56167,0.40706864,0.15677823,0.37587205,-0.72162974,-0.52016926,-0.21766995,0.023189295,0.32499227,0.9047959,-0.29976374,-0.07727235,0.33173987,-0.70582443,-1.043834,-0.032612573,0.4477238
P19447,-0.6731497,0.49466488,-0.039426103,0.15348092,-0.42930058,-0.13267654,0.30427074,-0.80030537,-0.03999829,0.5020558,0.33147758,0.47776332,0.054550305,0.44740596,0.6432702,-0.08123121,-0.4536984,0.5633496,-0.55773526,0.73754036,-0.18213545,0.18128109,-0.26950997,-0.052413642,-0.032328,0.33908117,-0.41751504,-0.04880706,0.59661835,0.52346796,-0.6564824,0.19295013,0.27685708,0.4061927,0.2788347,-0.3809433,-0.12953539,0.083624095,0.34050915,0.568216,-0.50024855,-0.7068895,0.27850544,0.27584445,0.30487087,-0.25370264,-0.26994947,0.6272735,0.54021215,0.13492863,0.42466453,-0.6390632,-0.4745053,-0.24943535,0.21014224,0.30079785,0.99537873,-0.4166202,-0.14706326,0.3626538,-0.7641555,-1.043089,-0.15352935,0.5044637
F8WQK8,0.22977519,0.6413907,-0.018068269,0.09006598,-0.14705123,0.13624117,-0.055086315,-0.025271533,0.60130924,-0.4358965,0.7931264,0.35310987,-0.74917406,0.35609895,-0.6240481,-0.9749263,-0.041494012,-0.085768856,0.09360033,0.58474845,0.48614973,-0.17080918,0.7472986,0.01834175,0.088808596,-0.35550645,-0.3154567,0.5224363,0.2029057,0.34484679,0.7154149,0.24999222,-0.17635545,0.8128004,-0.80594057,-0.48451936,-0.70061344,0.9616794,0.29143193,0.27126813,-0.85043746,-0.061589163,-0.48797214,0.1288546,-0.086694434,-0.8126236,-0.45499536,0.16721061,-0.20032819,-0.27662462,0.0043957382,0.15027356,0.14687783,1.275,0.1650157,-0.56055516,0.5080095,0.3460381,0.382412,0.72591174,0.31783766,0.1613914,-0.15686,-0.19446331
O70435,-0.46116307,0.5123799,0.17880528,0.22880584,-0.3406416,-0.13563755,0.10454549,-0.8505164,0.04941492,0.25342742,0.3603279,0.062122725,0.040070035,0.3966302,0.6815921,0.08153649,-0.13436222,-0.09760415,-0.20489955,0.27850637,-0.2230453,-0.0029870886,-0.030769082,-0.2291685,-0.056009766,0.5122032,-2.7939677e-05,-0.56821346,0.41792005,0.15724033,-0.85166544,0.38261428,0.18730691,-0.11744197,0.101655774,-0.24289909,-0.52920187,0.22883421,0.06275661,0.08819457,-0.015893618,-0.4614262,0.26629764,-0.18611994,0.26884902,-0.24890442,-0.09424592,0.5134255,0.85097796,-0.19258289,0.28449622,-0.18453568,0.035631042,-0.32058734,0.5661805,0.110050544,0.56228465,-0.7752864,0.059120096,-0.087763414,-0.8772917,-0.52414834,-0.7718023,0.28707963
P15151,-0.61546326,-0.9408765,-0.20066924,0.07897164,0.1330379,-0.1656124,0.5317037,-0.13997348,-0.9025419,0.8781531,-0.45912242,0.16136807,0.859813,-0.29002523,1.0236815,1.2077458,-0.5161312,0.47928143,-0.7764398,-0.1346588,-0.5428791,0.42156848,-1.0577811,-0.1302953,-0.1924673,0.24635175,0.10057713,-0.059900682,0.15812574,-0.15798917,-0.58057463,-0.38539863,0.57960844,-0.29054496,0.8965771,0.023911297,0.7970144,-1.0836773,0.04472679,0.48706204,0.5470491,0.005197931,0.6785281,0.14272055,0.50544953,0.78083956,0.5749524,0.12749751,-0.05124662,0.26943105,-0.02847366,-0.69339305,-0.6574265,-1.2316273,-0.3257955,0.5903536,0.18781185,-0.20116308,-0.38542756,-0.42137706,-0.5688836,-0.69324636,0.23888963,0.4567552
P07998,-0.38380232,-1.101251,-0.103910714,0.14235942,0.4464549,-0.17625903,0.36175913,0.33496422,-0.7908418,0.42183194,-0.5554743,-0.18964678,0.7970985,-0.57817656,0.5617532,1.216605,-0.1430029,-0.1455662,-0.38632903,-0.6522702,-0.55946356,0.18513754,-0.53249466,-0.049269997,0.025015723,-0.07226387,0.23822181,-0.3017644,-0.3766522,-0.5185991,-0.3341858,-0.39212438,0.5370025,-0.70991355,0.50603914,0.32309097,0.6110483,-0.9574268,-0.03333155,0.09651762,1.0153698,0.3370426,0.41700655,-0.296606,0.33777788,0.6669967,0.63134724,-0.18699184,-0.11589318,0.0780526,-0.38763532,-0.2785578,0.006329391,-0.9572618,-0.31134215,0.29469916,-0.36957067,-0.09155489,-0.1597332,-0.7106863,-0.24215157,0.097366884,-0.01545649,-0.11571781
O60504,-0.839872,-0.5404242,-0.21097572,0.16089019,0.034237955,-0.11688746,0.48864168,-0.29753098,-0.69886345,0.7017595,-0.23108433,0.2147939,0.67608184,-0.094796054,0.9328897,0.978495,-0.39504576,0.5351298,-0.7553577,0.14004463,-0.4740013,0.3594924,-0.7331019,-0.14957973,-0.04800981,0.32340485,-0.09216236,-0.20738168,0.24373028,0.09308654,-0.60178185,-0.12571028,0.57229036,-0.09168796,0.75028014,-0.18777972,0.5425164,-0.71033436,0.14568037,0.43581298,0.374166,-0.26513594,0.6470493,-0.018129058,0.51722467,0.40576547,0.33805263,0.24549377,0.2066831,0.20510602,0.17972293,-0.6703288,-0.6312622,-0.91221404,-0.180609,0.5489661,0.35313928,-0.3889773,-0.14886004,-0.20450819,-0.6648445,-0.8783334,0.035131186,0.41312042
P38936,-0.9547285,-0.83940834,-0.385937,0.21707074,0.26600078,0.01683154,0.54498404,0.13090284,-0.7962238,0.54458433,-0.31450742,0.21003498,0.7943259,-0.41259408,0.82015,1.2429608,-0.34065363,0.56902075,-0.7404986,0.028292794,-0.49669158,0.43555608,-0.66684735,-0.21232566,0.120845765,0.07681456,-0.07879671,-0.09197046,-0.08178906,0.086432934,-0.33827153,-0.27933708,0.69781333,-0.1411371,0.80905783,-0.23403066,0.70485276,-0.9085655,0.17298202,0.3504528,0.5502412,0.015629742,0.7162435,-0.197209,0.5665382,0.4533285,0.4729223,0.011027301,-0.09506967,0.18202426,0.011226296,-0.6345763,-0.59152555,-0.67488676,-0.48647228,0.4489627,0.059429377,-0.11658172,0.00068671256,-0.15239775,-0.45557648,-0.64637935,0.20422125,0.17409492
P16687,-0.29745126,0.47998288,-0.014292196,0.1765787,-0.36814636,-0.09698243,0.25154582,-0.72451955,0.08934425,0.32810107,0.4519617,0.45392224,-0.12192312,0.425437,0.40669546,-0.3495651,-0.46992117,0.28854895,-0.40632826,0.65697527,0.019333452,0.13113472,-0.11151222,-0.025561571,-0.10755867,0.21736214,-0.3102479,0.14532188,0.5377613,0.43435848,-0.40753964,0.13724266,0.19374132,0.4562734,0.016083963,-0.32803226,-0.28800577,0.1923016,0.25936025,0.57742125,-0.57246596,-0.45778656,0.009715684,0.33542326,0.27675194,-0.23634423,-0.28653786,0.56692475,0.31814277,-0.007261105,0.31167725,-0.46494964,-0.30100092,-0.011097029,0.29185483,0.07290971,0.98259157,-0.20737426,-0.12440666,0.33596504,-0.55592567,-0.6817299,-0.15431349,0.44754052
A0A0B5LB55,0.027979553,0.60854137,-0.12681864,0.09696971,-0.19502108,0.16003433,-0.02935353,-0.022016523,0.53512263,-0.47970495,0.7475097,0.45077655,-0.656321,0.2791598,-0.56811816,-0.8204823,-0.05562585,0.18003178,0.02882348,0.68176425,0.4322375,-0.122500286,0.709778,-0.060559064,0.13003092,-0.2925214,-0.37332815,0.46410224,0.16934174,0.47120184,0.7105206,0.29881778,-0.025435217,0.87659925,-0.66692245,-0.619652,-0.633531,0.9356203,0.38718593,0.26626518,-0.83664566,-0.111689,-0.28547394,0.054445975,-0.021048632,-0.8813647,-0.45137522,0.18869272,-0.124336734,-0.24847709,0.07150571,0.045386273,0.0091849305,1.3457601,0.0739104,-0.49346325,0.4270723,0.28907698,0.53463686,0.77732956,0.2877422,0.02399291,-0.14714298,-0.22445452
P42566,-0.79587436,-0.02555041,-0.10963003,0.106258504,-0.27524936,-0.24262148,0.41947636,-0.6878158,-0.45502147,0.709077,0.043331295,0.31674758,0.40758237,0.23274988,0.9942081,0.55927896,-0.3953834,0.60099614,-0.72891665,0.44761032,-0.41733766,0.2755977,-0.6046676,-0.0772872,-0.11340454,0.4693469,-0.21979971,-0.22888239,0.5125359,0.2860919,-0.77628577,0.07302409,0.42628467,0.09248738,0.5965111,-0.23191907,0.22586975,-0.35136563,0.188528,0.4970774,-0.0017057519,-0.5743841,0.5039753,0.1188334,0.42398608,0.12256114,0.04699018,0.52374417,0.5407052,0.25254124,0.37663355,-0.69104195,-0.6207001,-0.81225526,0.09370054,0.54106575,0.7488768,-0.5769719,-0.1758337,-0.006062418,-0.8253777,-1.0448985,-0.14221905,0.5499962
P39099,-0.10707316,0.73950464,0.06520678,0.1406675,-0.45588246,0.029058862,0.090679325,-0.71919113,0.36486742,0.1409668,0.62453914,0.49375972,-0.38120067,0.5485055,0.13679637,-0.6870596,-0.4449229,0.20610464,-0.24914879,0.79679203,0.20205607,0.0532287,0.08755531,-0.10995214,-0.09912926,0.16499764,-0.31099284,0.27936366,0.5713019,0.46024108,-0.19631745,0.2356028,0.0038477108,0.681063,-0.18870729,-0.4431693,-0.50898516,0.5076654,0.3123739,0.49913514,-0.8299991,-0.43004116,-0.113819994,0.40336174,0.15383226,-0.46072918,-0.39830956,0.5130842,0.2802435,-0.12468228,0.3189592,-0.32376263,-0.21086633,0.40086406,0.34057447,-0.09500597,0.96252906,-0.10552688,-0.03888545,0.56658226,-0.39099622,-0.58501995,-0.20345865,0.44377548
O15151,-0.95041394,-0.2765209,-0.37770674,0.2098325,0.0088745095,0.050889816,0.41950792,-0.058629237,-0.43301037,0.2883235,0.07734564,0.46327314,0.45672554,-0.101286314,0.43473855,0.6049281,-0.26849002,0.6573455,-0.67045164,0.456903,-0.29874235,0.3350031,-0.2451354,-0.120269045,0.18421924,0.054203153,-0.36322433,0.058817316,0.11247929,0.36812896,-0.13476646,0.030712377,0.5773237,0.26247805,0.53418255,-0.47387764,0.32653853,-0.39337578,0.36600998,0.38540494,-0.02715356,-0.26541433,0.48548365,-0.12415255,0.48257807,-0.11864256,0.13806266,0.19887654,0.028103322,0.10686071,0.18297502,-0.6470348,-0.50292134,-0.08172183,-0.3804231,0.25577646,0.36961603,-0.043470606,0.22172675,0.17446184,-0.44776624,-0.7803089,0.113539696,0.16597204
A0A0H2UNG6,0.018952072,0.94469583,0.13853224,0.0916522,-0.4506667,0.21742857,-0.15674594,-0.36475995,0.6563472,-0.31237456,0.8766118,0.38344982,-0.7277333,0.5323653,-0.32898986,-0.8576976,-0.016035363,-0.060115926,0.06779052,0.7736097,0.380571,-0.1932518,0.59893423,-0.22620346,0.014914449,-0.0038736314,-0.33391464,0.28200528,0.36747098,0.34247297,0.26536545,0.46753675,-0.20902655,0.81298107,-0.61413443,-0.61370814,-0.8742724,1.0238651,0.28215107,0.11906843,-0.95142055,-0.3364413,-0.26745114,0.09413849,-0.14872459,-0.8836155,-0.4448785,0.3012012,0.2923538,-0.32559276,0.2294774,0.11422789,0.04799876,1.1112503,0.29973903,-0.4257743,0.56651354,-0.05741559,0.41802216,0.75425977,-0.080852136,-0.13222468,-0.4443953,0.05275801
O53664,-0.14463264,0.63791287,0.010039697,0.16538103,-0.39901665,0.0041177003,0.15500939,-0.6485988,0.32390174,0.13509445,0.5823538,0.5271367,-0.34229243,0.5041223,0.100556135,-0.672755,-0.4697165,0.24656135,-0.28772658,0.7702263,0.20543535,0.08726424,0.10430168,-0.058693834,-0.07318905,0.09485853,-0.33304125,0.30886284,0.5477747,0.5014429,-0.12913457,0.19045657,0.09283447,0.68050694,-0.18949172,-0.42119646,-0.4366078,0.44726703,0.331242,0.5539348,-0.7671408,-0.40879473,-0.12660566,0.39735058,0.19625038,-0.45766956,-0.3918647,0.51729906,0.19572568,-0.108196944,0.29572433,-0.37209463,-0.21831849,0.38922125,0.2838957,-0.09138874,0.97666335,-0.037557982,-0.036460698,0.5445753,-0.34976727,-0.58350384,-0.13739549,0.39826262
P0A937,-0.13264367,0.7506977,0.112052515,0.11522415,-0.29568848,0.14111349,-0.24284044,-0.14267822,0.47911593,-0.53564996,0.7135045,-0.011894926,-0.4887953,0.25161064,-0.31380752,-0.36581945,0.4381913,-0.37257087,0.31722963,0.29281226,0.14389272,-0.32144228,0.7685928,-0.29841983,0.21022204,-0.012408473,-0.1692195,-0.2380233,-0.069513716,-0.01252085,0.18307711,0.55857164,-0.14736947,0.23438737,-0.4748722,-0.4292676,-0.93051857,0.9859209,0.17665032,-0.3097972,-0.45896012,-0.14243568,-0.094939135,-0.41764852,-0.18472166,-0.8588493,-0.19508582,0.08933302,0.5473072,-0.44103366,-0.013702109,0.30604348,0.3998691,1.023038,0.33346608,-0.528628,-0.029723391,-0.28984135,0.70435363,0.37254858,-0.16104212,0.2916514,-0.8118359,-0.37490314
O88622,-0.59417164,-0.025665931,-0.54543984,0.07178418,-0.020159375,0.15287544,0.20756009,0.32170397,0.06548621,-0.3886682,0.39770502,0.68684185,-0.09320589,-0.1555321,-0.4320225,-0.15962015,-0.11169403,0.7675863,-0.39303827,0.7046354,0.16182011,0.111744925,0.41534066,0.031831175,0.35212824,-0.2956745,-0.54563147,0.42810276,-0.033685878,0.55772823,0.7107094,0.20970024,0.4237416,0.7826734,-0.09226173,-0.7724087,0.018559195,0.27242553,0.5957427,0.29387495,-0.52521807,-0.074935466,0.21417254,-0.1032413,0.30258757,-0.6787843,-0.13819179,0.06952431,-0.34324566,-0.06191247,0.07784535,-0.37119058,-0.3159629,1.097125,-0.40370908,-0.19686568,0.26925457,0.45829976,0.62954444,0.6656283,0.27875006,-0.30986887,0.23755443,-0.31374854
P63208,-0.8835044,0.34876254,0.061727904,0.12257402,-0.39434937,-0.22977471,0.26495743,-1.0128721,-0.2516546,0.6174471,0.15946448,0.167324,0.19820435,0.37909964,1.1354586,0.5055291,-0.22052684,0.5203729,-0.5566034,0.49319422,-0.40253967,0.17652884,-0.446652,-0.26067144,-0.015048139,0.7130201,-0.1416427,-0.546252,0.604323,0.3689881,-1.0796752,0.29743126,0.23201206,-0.08420737,0.44864812,-0.28920087,-0.13538884,-0.08597493,0.113578856,0.2733624,0.07231536,-0.7647028,0.6989113,-0.012192421,0.41211727,-0.02918116,-0.006117068,0.51791984,0.93434197,0.19612916,0.5195912,-0.55306804,-0.4770383,-0.6968643,0.40188023,0.5565704,0.7025253,-0.9004484,-0.14756295,0.08335172,-0.9409912,-1.1287689,-0.49249256,0.53934336
O00212,-0.65209746,0.24047795,-0.055632994,0.13640383,-0.35751873,-0.21131648,0.3661446,-0.80631524,-0.23193255,0.62170845,0.20768997,0.3576327,0.20014638,0.32637343,0.86311424,0.2160431,-0.46743166,0.500016,-0.64744353,0.56817365,-0.2642601,0.20919825,-0.47166386,-0.054826178,-0.13883612,0.42283985,-0.27093872,-0.07808225,0.5702271,0.39140913,-0.7736153,0.08920962,0.28659487,0.22280613,0.38865638,-0.24524748,0.02444277,-0.14079833,0.22235417,0.5873875,-0.2627205,-0.6018492,0.34585765,0.25329918,0.32817352,0.014081985,-0.1112163,0.58231,0.53496766,0.2137887,0.38650933,-0.626913,-0.5353735,-0.60284716,0.21040666,0.4080632,0.92763734,-0.50680834,-0.25033054,0.15623319,-0.79466134,-0.996917,-0.13238956,0.56689245
O00499,-0.97870076,0.11784474,-0.1515147,0.14915662,-0.25009966,-0.09708658,0.38476378,-0.5756265,-0.33902648,0.5671386,0.11971111,0.41986334,0.371288,0.22615245,0.7875998,0.4440801,-0.3508305,0.6946664,-0.7064647,0.599206,-0.38027126,0.312646,-0.44124535,-0.113575965,0.056003887,0.35754636,-0.3620261,-0.18631418,0.44483653,0.4099184,-0.6487982,0.13663726,0.4569727,0.22396956,0.57712567,-0.3872675,0.19766062,-0.242371,0.32688636,0.43466654,-0.1394053,-0.61409664,0.5551314,0.030491836,0.4439282,-0.09748709,-0.0063450933,0.4631727,0.48086616,0.19337319,0.38183084,-0.7223926,-0.61409783,-0.4303512,-0.05944745,0.4596821,0.68348193,-0.4489274,-0.03451836,0.21198635,-0.7832048,-1.1202563,-0.09212701,0.44303703
Q8WWY3,-0.8262793,0.20718876,0.06694158,0.18174438,-0.29891783,-0.1878051,0.24256232,-0.82374585,-0.29296446,0.5224461,0.13822636,0.13249533,0.2791184,0.2714715,1.02747,0.58087677,-0.16866553,0.31152833,-0.48037758,0.30923474,-0.41972047,0.16954093,-0.37551335,-0.24829234,0.017077435,0.62694025,-0.042953223,-0.6404619,0.42721462,0.25218016,-0.9929657,0.28748614,0.33984214,-0.1875187,0.43557826,-0.2576623,-0.12589496,-0.14999165,0.06918569,0.18793437,0.23762949,-0.5963383,0.6199749,-0.19756022,0.3897278,-0.019352406,0.071262576,0.46359652,0.86823124,0.05703257,0.37762305,-0.44908908,-0.31973484,-0.67881453,0.37232503,0.44215697,0.5724119,-0.8597211,-0.02718804,-0.11308752,-0.96368575,-0.9182358,-0.5789647,0.42874888
Q4A9M4,0.3409755,0.7813436,0.012450217,0.071951866,-0.039231833,0.20212857,-0.16887504,0.12628427,0.72222394,-0.5831717,0.82223225,0.29514515,-0.87580824,0.23895612,-0.83337176,-1.1002502,0.10496602,-0.17586765,0.22185314,0.49723467,0.5794472,-0.3208421,0.9607615,-0.03264863,0.15974031,-0.48552504,-0.2956611,0.5788348,0.045122918,0.28113908,0.8888738,0.2571321,-0.36916006,0.82097954,-1.0012223,-0.47132182,-0.7808784,1.2147428,0.30016172,0.21417812,-0.90711254,-0.034355152,-0.5702376,0.040938385,-0.29641548,-0.9225763,-0.5293031,0.033500858,-0.2547382,-0.275899,-0.05931595,0.33340058,0.21223053,1.4891663,0.14432861,-0.6697463,0.3716489,0.3557654,0.50829154,0.87100303,0.4775321,0.35142168,-0.13634923,-0.36871856
P08244,0.03670305,0.654578,-0.0481804,0.10918787,-0.339223,0.104375795,0.06741336,-0.40615955,0.50907326,-0.13683853,0.715188,0.53971744,-0.5619527,0.46614066,-0.2608525,-0.8919956,-0.36974192,0.20607114,-0.16626425,0.7748,0.41481203,0.031450227,0.35285747,-0.048028767,-0.020873632,-0.07523748,-0.35041916,0.48618665,0.45993015,0.5446922,0.29305258,0.20721138,-0.007820196,0.8820324,-0.4419978,-0.52128845,-0.5371173,0.7034826,0.34902114,0.46656096,-0.8859415,-0.25427,-0.25871485,0.38566557,0.119498,-0.6577369,-0.44075748,0.37972462,-0.028152704,-0.19529179,0.21997836,-0.1971665,-0.14220822,0.8750893,0.23208857,-0.29803342,0.82949513,0.21514253,0.12334949,0.7243948,0.024497136,-0.33919057,-0.0797957,0.2019844
P44324,0.034609154,0.8138177,0.12483025,0.13219291,-0.4071279,0.14983349,-0.07027224,-0.4157878,0.5630994,-0.20080629,0.8154683,0.38576588,-0.6258147,0.5497622,-0.23862931,-0.8340899,-0.12550464,-0.085612625,0.0142057985,0.7195809,0.3381822,-0.11698869,0.4962135,-0.1303604,-0.015158121,-0.0053642318,-0.30863017,0.28391626,0.4088481,0.3252535,0.17816001,0.3714644,-0.12457194,0.735056,-0.54833806,-0.5430615,-0.78347504,0.8461546,0.25254828,0.21490157,-0.8588498,-0.30723038,-0.29363126,0.1630961,-0.023971502,-0.73797566,-0.4162465,0.3518597,0.2234315,-0.31974405,0.20691124,0.0067061633,0.0712177,0.91930926,0.335924,-0.38442564,0.6814876,-0.0061037913,0.26982448,0.6272439,-0.1297868,-0.16283119,-0.3952111,0.11552942
P09616,0.3439261,0.3505096,-0.14813842,0.08805594,0.15558927,0.1711133,-0.12418687,0.4353236,0.4698439,-0.58937347,0.61904,0.3009898,-0.6593458,0.013355412,-0.9566512,-0.84480727,0.13584259,-0.15983504,0.22542584,0.26388684,0.4517519,-0.27553678,0.9171669,0.1390174,0.21208632,-0.6705723,-0.3055976,0.5381903,-0.20661357,0.13260847,1.0183878,0.11363813,-0.1447413,0.64253414,-0.91220605,-0.40741742,-0.5704935,0.88746566,0.3204995,0.17076825,-0.68436,0.21008654,-0.6001431,-0.03988599,-0.22422743,-0.7303662,-0.40254065,-0.062286437,-0.4623923,-0.2982025,-0.2614079,0.26408598,0.32984623,1.4504244,-0.07609667,-0.6947226,0.16783565,0.5608286,0.5749897,0.6402092,0.61260784,0.5598997,-0.030729651,-0.5458197
O70624,-0.31404215,-1.0757272,-0.34310764,0.10377878,0.3900658,-0.14008811,0.571315,0.25255552,-0.72442037,0.6092445,-0.36329508,0.24169025,0.613312,-0.3896512,0.47427332,0.7289905,-0.5765815,0.33594272,-0.6856823,-0.10716216,-0.27629757,0.33930483,-0.5993296,0.18302074,-0.11029048,-0.14194952,-0.034035012,0.35622963,0.011293613,-0.02550817,0.001234848,-0.56975406,0.5555995,-0.019125987,0.46273997,0.08602986,0.77681094,-0.93934184,0.11505606,0.70617074,0.37226516,0.21659563,0.16072834,0.2522219,0.44951877,0.65826017,0.34805077,0.079364955,-0.57423156,0.23534776,-0.20138855,-0.6048408,-0.44063702,-0.7751055,-0.45469525,0.34435946,0.32490647,0.29785466,-0.30598518,-0.25608724,-0.06464912,-0.33632857,0.51620895,0.21612018
O73790,-0.49404305,0.06851206,-0.0604347,0.20716219,-0.15078661,-0.07258157,0.25058278,-0.45250416,-0.20682545,0.267154,0.24176614,0.1470428,0.19041015,0.11945314,0.5386853,0.3448637,-0.22178814,0.083011106,-0.371821,0.2574017,-0.20751248,0.1059261,-0.21150075,-0.14593215,-0.031474788,0.2683174,-0.06963265,-0.14377174,0.26588923,0.13476029,-0.46021006,0.0939485,0.28350684,0.0167511,0.24001607,-0.23288256,-0.14168799,-0.09284681,0.1174671,0.29207128,-0.018471384,-0.22236349,0.23577964,-0.049302988,0.26577577,-0.053367026,0.070509255,0.31113693,0.36130288,-0.05676975,0.14973983,-0.34870374,-0.16993387,-0.27354258,0.13354488,0.108093865,0.45333958,-0.35102397,0.01295105,-0.03418356,-0.58883154,-0.4412775,-0.30886924,0.23577607
P14069,-0.591593,-0.4333563,-0.014020906,0.13404246,-0.05630536,-0.21880668,0.3462929,-0.46002743,-0.58038944,0.62759525,-0.16827004,0.01475364,0.58712256,0.0018812642,0.9898304,0.9160728,-0.31355807,0.11955494,-0.5562812,-0.05058865,-0.4854855,0.20376313,-0.63469154,-0.13226758,-0.12862508,0.49605247,0.11174035,-0.43484566,0.23803096,-0.059309095,-0.80749893,-0.062511444,0.45160183,-0.34516957,0.6228003,0.047846124,0.2566219,-0.6100669,-0.02889464,0.29036754,0.48326445,-0.20131649,0.48026228,-0.0774746,0.41304627,0.41318214,0.35487196,0.31713957,0.48019117,0.077122614,0.11973831,-0.480114,-0.32473707,-1.0873176,0.1008384,0.4887084,0.325787,-0.5725836,-0.17826122,-0.4578002,-0.77979815,-0.5863862,-0.28726295,0.42671528
A7KAX9,-0.69542897,0.019195668,-0.25226545,0.14357172,-0.18341182,-0.1442245,0.4712838,-0.5199641,-0.28777257,0.56630844,0.14414147,0.56253475,0.23866615,0.1946564,0.5799223,0.09485884,-0.599411,0.7247998,-0.73646694,0.6371064,-0.18954371,0.32483107,-0.3782245,0.09942263,-0.033057664,0.13890791,-0.43469757,0.17318411,0.45210338,0.53208995,-0.40571448,-0.061276007,0.47663525,0.4637256,0.40448764,-0.26098767,0.27290112,-0.25849205,0.36514544,0.7668025,-0.36719298,-0.5281428,0.21137087,0.3652122,0.3963898,-0.01575812,-0.14951625,0.54079837,0.16457413,0.25635397,0.30922937,-0.7950963,-0.6275935,-0.3771602,-0.08751011,0.3804286,0.978712,-0.12571932,-0.22009498,0.27630627,-0.5819404,-1.0087595,0.22652376,0.5275827
O95835,-1.0676426,-0.10973288,-0.16036437,0.19877769,-0.08035937,-0.00048322696,0.31551737,-0.36091045,-0.466062,0.42657688,-0.040245563,0.24858546,0.5218209,-0.01563353,0.80068594,0.8188455,-0.13953623,0.54120886,-0.5972409,0.31835228,-0.4529881,0.28659493,-0.3872889,-0.28857693,0.16468015,0.3791763,-0.15662345,-0.44562802,0.18121943,0.21965161,-0.6254178,0.2127868,0.5309469,-0.095590234,0.63038194,-0.39895687,0.23099872,-0.36140618,0.25104,0.15818372,0.26532847,-0.39890414,0.7793471,-0.3439349,0.4896717,-0.02312243,0.25025147,0.23353088,0.4826561,0.07384136,0.27305898,-0.52805346,-0.50193214,-0.45272034,-0.07554138,0.41085893,0.2456762,-0.5256281,0.1638692,-0.004109621,-0.7738713,-0.9244087,-0.25684893,0.22167256
P62081,-0.7117537,0.3224853,0.23596972,0.21090592,-0.32013607,-0.17208982,0.09937035,-0.9290876,-0.19142772,0.47566417,0.22608455,-0.0714722,0.18894228,0.30103338,1.117475,0.60449433,-0.13929585,0.018963447,-0.34651822,0.15234065,-0.4245296,0.08076471,-0.31984448,-0.36168322,0.028490674,0.76922,0.11116481,-0.8439649,0.380616,0.19014677,-1.1447272,0.32360604,0.1935792,-0.3864673,0.31710604,-0.1467461,-0.32138687,-0.04092878,-0.049708314,0.085515946,0.3674936,-0.5699057,0.5704746,-0.2897995,0.24156493,-0.052613124,0.07942317,0.4443756,1.12088,-0.009467378,0.30972204,-0.31767648,-0.08797732,-0.7039219,0.5143687,0.40363997,0.47594917,-1.0597006,-0.008424573,-0.25842774,-1.0365237,-0.7099207,-0.8210872,0.39714763
O46043,-0.1775076,0.2428852,-0.28516626,0.14271212,-0.12745966,0.018923797,0.23824944,-0.15912129,0.24202956,-0.13270476,0.50873387,0.6058414,-0.31160632,0.21960863,-0.30298534,-0.598876,-0.35030586,0.42063102,-0.30671883,0.6539263,0.32345152,0.12688121,0.3267061,0.1328602,0.092749745,-0.23192804,-0.44866127,0.4919266,0.27986827,0.5861466,0.42776147,0.08318838,0.26318884,0.7746051,-0.3086029,-0.49944416,-0.2379109,0.38601834,0.39770088,0.5737591,-0.7022439,-0.16414876,-0.14568818,0.29165155,0.2829047,-0.5337543,-0.3162205,0.3244422,-0.25538138,-0.113900736,0.12315723,-0.3643577,-0.23192258,0.78719026,0.007416445,-0.22298306,0.73123175,0.40186787,0.17729102,0.55516464,0.090068474,-0.34791836,0.1619187,0.031367347
P01258,-0.14872988,-1.1551644,-0.020732775,0.07363414,0.5076422,-0.27073187,0.36098608,0.29062673,-0.8156318,0.5661548,-0.64432675,-0.25178218,0.7686033,-0.559975,0.58395,1.113729,-0.1678825,-0.20997036,-0.33835804,-0.74497896,-0.5392543,0.20382573,-0.64959407,0.020180434,-0.0056329556,-0.13272426,0.33918095,-0.24114995,-0.37233382,-0.659646,-0.3439708,-0.50051767,0.43534186,-0.84999436,0.46170202,0.53211635,0.64404505,-1.0285562,-0.08209909,0.17208831,1.0322254,0.38506863,0.38588926,-0.16101861,0.35692522,0.8497259,0.7033023,-0.23503944,-0.21877657,0.14641778,-0.45351288,-0.27708504,-0.006888058,-1.1643,-0.2509869,0.32563275,-0.3234945,0.048016086,-0.4000945,-0.7394762,-0.17804481,0.18302293,0.087571695,-0.06785771
O14879,-0.5026475,-0.4856307,-0.3761199,0.21185726,0.20810695,0.05341756,0.3517791,0.3643094,-0.31932735,-0.013641961,0.15001193,0.310254,0.22894162,-0.24104494,-0.036907803,0.39928293,-0.07666484,0.18642431,-0.3415577,0.13704725,-0.07367183,0.13007802,0.13497071,0.05931227,0.21570024,-0.2613199,-0.27167943,0.2094719,-0.108579524,0.12147802,0.32626072,-0.06585237,0.4625206,0.21588917,0.09916722,-0.36405778,0.15322216,-0.22654727,0.23042524,0.33320606,0.01048351,0.08984637,0.073352486,-0.16920564,0.28058052,-0.14371611,0.14222825,0.004916068,-0.3320914,-0.08269051,-0.12325029,-0.30045384,-0.09476821,0.26971012,-0.35045314,-0.12653083,0.17948,0.2749068,0.33245742,0.045531616,-0.019272096,-0.07770282,0.107480794,-0.20144665
I1WVY3,0.04868129,0.40014344,0.039942633,0.11715819,-0.28055397,-0.10254869,0.11981588,-0.5078351,0.17732306,0.115533814,0.5022529,0.28160948,-0.23366138,0.35557893,0.10464663,-0.45369244,-0.32497257,-0.034913324,-0.20641094,0.41407824,0.12906833,-0.0014654025,0.08798099,-0.011381187,-0.15014437,0.09101935,-0.16213398,0.2045271,0.3813044,0.1875301,-0.0748921,0.120128416,0.02971255,0.40896854,-0.20043993,-0.20483834,-0.40190172,0.3605123,0.17982414,0.44657502,-0.5273389,-0.20074204,-0.21270257,0.2805171,0.13599479,-0.27539164,-0.23239335,0.4051311,0.18424802,-0.11814995,0.09616017,-0.22113761,-0.05010365,0.19898634,0.28636995,-0.14386287,0.69396687,-0.08929222,-0.00052466244,0.2232439,-0.28509605,-0.2523242,-0.24015842,0.242356
Q1JML5,0.0038825497,0.90880054,0.13804674,0.10599053,-0.48454872,0.1767734,-0.09180954,-0.51939386,0.59272146,-0.15811151,0.826774,0.45136705,-0.6410233,0.58574766,-0.18254071,-0.8536416,-0.1921227,0.014706016,-0.034173116,0.8166852,0.3398772,-0.106516466,0.4182215,-0.1935813,-0.052756075,0.078232884,-0.32080024,0.3025711,0.49042663,0.38920373,0.09165847,0.40085426,-0.15502438,0.80751723,-0.4811034,-0.595397,-0.7914455,0.862566,0.2814317,0.23879583,-0.95411164,-0.37502083,-0.23657706,0.23390731,-0.040392477,-0.7529466,-0.44815472,0.39154956,0.28455263,-0.294293,0.2840104,-0.030773278,-0.028430726,0.8998401,0.34134606,-0.32690945,0.74049276,-0.06018707,0.24436212,0.71075267,-0.19313689,-0.29687193,-0.37623975,0.23284042
P42858,-0.81049526,-0.16615853,-0.3554104,0.19189812,-0.014528569,0.08221109,0.35337907,-0.01013137,-0.25365102,0.1668946,0.19090608,0.54644537,0.28085995,-0.073517084,0.24947333,0.33363557,-0.22097191,0.60660577,-0.58672476,0.50528574,-0.12542236,0.2864885,-0.06777746,-0.072548226,0.2346748,-0.04562033,-0.3972866,0.14715454,0.049301635,0.40959838,-0.004439015,0.054497074,0.51694715,0.35982007,0.3018534,-0.5053079,0.19948623,-0.21151575,0.3819177,0.4049934,-0.18978079,-0.23976581,0.39320105,-0.0944276,0.41992134,-0.22312863,0.06949307,0.20337889,-0.024709154,0.042470858,0.17092952,-0.5648066,-0.43521944,0.16161855,-0.30812916,0.12937263,0.45211136,0.09667361,0.25571027,0.29420698,-0.30892593,-0.6513832,0.14479768,0.08033659
Q5JFG7,0.17701426,0.7643181,0.07178056,0.07736484,-0.24855404,0.15184346,-0.12932777,-0.12139782,0.61765116,-0.4184042,0.80278766,0.3105175,-0.75618976,0.39091268,-0.5504868,-0.8998659,0.0317664,-0.12653685,0.13321096,0.5899142,0.43423688,-0.23001407,0.7287199,-0.09264072,0.07818715,-0.24123478,-0.29778573,0.40856165,0.20540293,0.27666616,0.57365614,0.33867407,-0.24195337,0.75820744,-0.7666785,-0.49397224,-0.7829568,1.0250934,0.27336663,0.18658689,-0.85852665,-0.15225427,-0.39922738,0.07245498,-0.1727255,-0.84301937,-0.4388773,0.1668698,0.012740449,-0.28097075,0.039144367,0.18970488,0.15005453,1.2234294,0.21138997,-0.525477,0.4457519,0.1677076,0.41609743,0.711805,0.1841893,0.114749216,-0.29434288,-0.1576612
P01583,-0.3501508,-0.94115585,-0.41801006,0.16054572,0.42714742,-0.0385329,0.4882131,0.56309336,-0.58074605,0.20271043,-0.14468394,0.19687171,0.4135257,-0.4562984,0.035265453,0.67028964,-0.21864858,0.18329662,-0.45158505,-0.13642423,-0.14981022,0.16548136,-0.14725965,0.11698216,0.12307271,-0.3567436,-0.1542168,0.35640237,-0.18659344,-0.061890293,0.40590426,-0.35566434,0.50325507,0.07569869,0.20693642,-0.10954903,0.51182705,-0.5925786,0.14801128,0.4776613,0.312864,0.28313693,0.047426164,-0.016425464,0.29317963,0.27212226,0.31631687,-0.12096474,-0.6205814,0.061752066,-0.28776488,-0.3596054,-0.18632965,-0.15476176,-0.5351041,0.028848462,0.06081956,0.41297835,0.10260847,-0.12839109,0.14327563,0.0017399844,0.37383723,-0.13165632
P20783,-0.7085085,-0.7706467,-0.20495556,0.09693083,0.03853443,-0.1515955,0.52843124,-0.28646156,-0.8403421,0.89496833,-0.35494214,0.18712886,0.78251356,-0.11581736,1.096128,1.0824604,-0.5072572,0.5473984,-0.806656,0.06526892,-0.5372642,0.41281477,-0.9749486,-0.100192286,-0.1892986,0.3372114,-0.010509763,-0.092274174,0.3076548,-0.019899819,-0.65503085,-0.28269187,0.5792778,-0.176515,0.85845846,-0.06426202,0.69448924,-0.94571334,0.079260916,0.5231443,0.391643,-0.15764649,0.61686647,0.17366537,0.5480012,0.660686,0.4517357,0.27811384,0.08966423,0.2683108,0.13182002,-0.7399221,-0.72646296,-1.1868827,-0.20687257,0.62561244,0.41203278,-0.30538327,-0.3475042,-0.32269555,-0.65756273,-0.8337624,0.17442271,0.5388896
P46406,-0.23968339,1.1091647,0.19508587,0.13142475,-0.68218386,0.10052389,-0.09544483,-0.97212285,0.4851469,0.10674217,0.73372865,0.45715237,-0.42199662,0.6903229,0.2848674,-0.62925875,-0.26475367,0.20894992,-0.14885017,0.90110046,0.1027164,-0.06480333,0.12658033,-0.3440649,-0.12635143,0.4456598,-0.32594514,-0.0198219,0.6945586,0.39075208,-0.5415285,0.55825794,-0.13900226,0.5721026,-0.112973966,-0.6593703,-0.8864709,0.7119582,0.27617317,0.15017712,-0.9748871,-0.61834466,0.079364665,0.25289693,0.07495497,-0.66074777,-0.4384283,0.5842366,0.74694014,-0.2425434,0.48403183,-0.20532167,-0.1513053,0.46359015,0.5354223,-0.08090888,0.83125603,-0.49671167,0.17631292,0.63556397,-0.6479667,-0.6775254,-0.5693425,0.47945404
P04279,-0.4118828,-0.5540263,0.06426021,0.097287506,0.3725041,0.2771179,-0.22210416,0.7799122,-0.33854797,-0.42978927,-0.038228318,-0.2127789,0.22505438,-0.5091852,-0.42816564,0.9447864,0.7533392,-0.3569436,0.19098222,-0.41002607,-0.27551013,-0.107183695,0.35575706,-0.37998134,0.431788,-0.19232774,0.09749098,-0.3296689,-0.83317226,-0.6029496,0.57732123,0.01629186,0.07420102,-0.4839711,0.004484646,-0.23535937,-0.14528622,0.055051044,0.048246257,-0.5396842,0.4961055,0.4190967,0.4289671,-0.9620626,-0.07533544,-0.21902676,0.5516257,-0.6175098,-0.028477672,-0.39432913,-0.47684553,0.13357857,0.28748325,0.64806396,-0.4383894,-0.22408223,-1.1550771,0.05483686,0.88697034,-0.10124804,0.30877632,0.59809536,-0.411586,-0.82618994
P13716,-0.22475345,0.6911573,0.042649962,0.18230708,-0.43806544,-0.0013971599,0.1455256,-0.73580986,0.2989966,0.19025338,0.56938183,0.49320188,-0.29161978,0.5288842,0.2268708,-0.5897571,-0.45717865,0.23281431,-0.29019845,0.7643263,0.13275024,0.06999688,0.056322463,-0.08506102,-0.081047,0.19156349,-0.32419467,0.20024,0.5816877,0.47327024,-0.31244382,0.23105532,0.095175825,0.6063789,-0.12535459,-0.44078887,-0.4695178,0.42288914,0.30451035,0.51314735,-0.7378225,-0.47472122,-0.0536154,0.35590568,0.19921084,-0.4387555,-0.3875837,0.5557366,0.3328986,-0.11244565,0.34069163,-0.3789465,-0.21609792,0.2710051,0.3496163,-0.044301704,0.9901317,-0.16624294,-0.057144053,0.49743187,-0.48273253,-0.64218867,-0.22038923,0.42951602
Q9VU15,-0.92747283,0.12500238,0.049318053,0.15032952,-0.2826397,-0.18533665,0.26964128,-0.8310161,-0.3860788,0.600524,0.046064258,0.114640355,0.32466435,0.2314412,1.1179106,0.7393455,-0.17138702,0.4307256,-0.54631853,0.3303411,-0.47837412,0.20492783,-0.47926947,-0.283899,0.034291208,0.6834841,-0.044341117,-0.64932895,0.44881237,0.2501778,-1.0262889,0.26449618,0.3589954,-0.21699078,0.5399931,-0.2655425,-0.011598639,-0.24773973,0.077483185,0.19689983,0.30440584,-0.62167066,0.74733007,-0.18857709,0.42741618,0.05775222,0.13929832,0.41283277,0.86656123,0.121886685,0.4143584,-0.5152692,-0.43683606,-0.7738193,0.3169708,0.549915,0.5268024,-0.8869189,-0.067516215,-0.09873623,-0.96381426,-1.0234953,-0.5169903,0.48121768
P27540,-0.74996805,0.071024574,-0.14034523,0.09214741,-0.30379745,-0.21861142,0.4426063,-0.6953556,-0.36321855,0.72160196,0.096151315,0.4255568,0.32038715,0.27712926,0.8886894,0.3215894,-0.5128575,0.69918007,-0.7575742,0.60161483,-0.33735538,0.2835177,-0.5673419,-0.009796187,-0.11803532,0.3689426,-0.35159975,-0.040161718,0.55365324,0.4040882,-0.69733465,0.034262355,0.40311113,0.27679464,0.5224966,-0.23636013,0.24275327,-0.2738509,0.29710394,0.64566904,-0.23749228,-0.62603706,0.38754264,0.28567463,0.38486892,0.067577824,-0.06689557,0.5826718,0.44712296,0.3091976,0.39407405,-0.7502058,-0.6808316,-0.6899606,0.04321042,0.5214861,0.9247249,-0.43061823,-0.24830207,0.17158546,-0.7591353,-1.0920469,0.02307912,0.5946375
P01731,-0.59779644,-1.0896705,-0.24822573,0.104786396,0.30802903,-0.17033966,0.47584826,0.1209902,-0.93145627,0.65637,-0.57381016,0.02328942,0.9080595,-0.529169,0.8426137,1.3450724,-0.37861717,0.33717033,-0.63446915,-0.3892299,-0.5928423,0.37251988,-0.8861556,-0.12879038,-0.04431096,0.080231935,0.1796128,-0.17985897,-0.17561994,-0.2598706,-0.46505532,-0.43239498,0.64503807,-0.5051714,0.82617605,0.14749736,0.7848852,-1.1147832,0.046923306,0.31022462,0.82987255,0.22057626,0.68304014,-0.086053,0.49278858,0.76357794,0.63469344,-0.054352306,-0.104873575,0.21554692,-0.22814175,-0.5688573,-0.42758402,-1.094093,-0.40059143,0.48774055,-0.1652248,-0.09140134,-0.27648437,-0.531477,-0.3906778,-0.36342153,0.19176209,0.16989082
P17710,-0.46283552,0.2770447,-0.18301775,0.15341808,-0.24862011,-0.06031518,0.3584491,-0.5557689,0.0055986084,0.35359874,0.33304808,0.6049552,-0.027682126,0.28230247,0.3411276,-0.3064419,-0.589684,0.5819806,-0.5583168,0.7172284,0.03071399,0.24262047,-0.15098323,0.075561464,-0.001978267,0.08351515,-0.43817317,0.28573874,0.44744787,0.61014163,-0.27007267,-0.0076272087,0.33926973,0.5955761,0.1393767,-0.32093683,0.0005112365,0.020290794,0.3618802,0.7672587,-0.59496695,-0.4863657,0.06820442,0.4494478,0.3224425,-0.19827782,-0.27431464,0.5383679,0.11912043,0.12685516,0.30684954,-0.6689995,-0.49219504,-0.008126214,0.06417884,0.17247084,1.0518887,0.009017628,-0.18933797,0.4499174,-0.44343048,-0.8501916,0.18398124,0.45729035
O95238,-0.91144407,-0.40636793,-0.34162727,0.15205774,0.0024300292,-0.0752299,0.57819796,-0.2915363,-0.5802861,0.70427626,-0.080262914,0.48765314,0.5573898,-0.014204718,0.7578592,0.6350365,-0.6022429,0.8171389,-0.883851,0.50945914,-0.36082983,0.4510063,-0.6729715,-0.0019382983,-0.018694904,0.16224635,-0.37805712,0.15420394,0.33646527,0.3824131,-0.40366504,-0.18912597,0.5990041,0.31591097,0.7029696,-0.27876967,0.6126512,-0.63453317,0.3275462,0.6817329,-0.04848218,-0.3772962,0.4640707,0.23099077,0.51002717,0.25567335,0.13584132,0.36300442,0.04012279,0.3066768,0.24383509,-0.88201493,-0.79565597,-0.6150869,-0.39294425,0.55179036,0.68904006,-0.1034292,-0.18554413,0.16803718,-0.56730896,-1.0690051,0.34606978,0.5405013
O43613,-0.6435083,-0.53537685,-0.26947793,0.11209569,0.008790042,-0.1429672,0.5636261,-0.3287817,-0.6099283,0.7775792,-0.140926,0.39563677,0.58424383,-0.0282607,0.84446466,0.62638694,-0.65195805,0.6538937,-0.8595591,0.3427157,-0.32364976,0.41245434,-0.77101636,0.027004838,-0.16901276,0.20051315,-0.20618261,0.20356448,0.3468686,0.22849688,-0.43600145,-0.28295025,0.517647,0.19943385,0.64825284,-0.111201994,0.63557786,-0.7096697,0.20944461,0.76087433,0.0073172143,-0.2497931,0.38579547,0.34062532,0.48312783,0.47303396,0.21135761,0.37866777,-0.029979657,0.33327872,0.18201312,-0.81474537,-0.76218843,-0.87276244,-0.27159286,0.5536733,0.7087071,-0.11556892,-0.34827292,-0.021693796,-0.5264426,-0.92890275,0.3600614,0.5619717
P09201,-0.09308317,0.77380854,0.059245452,0.14340463,-0.4178876,0.16514486,-0.04490614,-0.37271443,0.5474249,-0.24242452,0.7717763,0.4221805,-0.5648917,0.5068854,-0.22825906,-0.7530021,-0.116191655,0.027382731,-0.024736382,0.7436957,0.30953342,-0.09096846,0.51753926,-0.16721693,0.026771542,-0.01359535,-0.34885144,0.237729,0.3733604,0.3994468,0.17320678,0.40287074,-0.010779373,0.7548595,-0.493947,-0.6092348,-0.74288046,0.83765936,0.32278392,0.20555231,-0.8288891,-0.32659343,-0.19451356,0.098924704,0.024944779,-0.79806066,-0.42003396,0.36378336,0.24898215,-0.31205612,0.23585194,-0.03325931,0.026658598,0.9613582,0.2882149,-0.36028624,0.6233965,-0.019983724,0.3473159,0.63483286,-0.1302111,-0.20989725,-0.39131552,0.04914391
P02789,-0.2134487,0.066348664,-0.06698172,0.13834797,-0.14885853,-0.1381001,0.2670082,-0.41510966,-0.09896763,0.2692477,0.27002922,0.2642954,0.0575341,0.17021394,0.3411841,-0.025831275,-0.3679574,0.113656,-0.38190883,0.30582458,-0.05246324,0.10032047,-0.12645496,0.010338455,-0.11849931,0.13315046,-0.13679604,0.1046295,0.30780482,0.18755001,-0.23756385,0.004337582,0.23971444,0.22941339,0.06585213,-0.15275332,-0.10047902,-0.012806116,0.1587114,0.5024458,-0.2460069,-0.18821038,-0.0017238185,0.1940698,0.25703356,-0.046318457,-0.071081035,0.38103002,0.1425259,-0.0050751455,0.09204219,-0.36571616,-0.19349304,-0.17028682,0.1314628,0.052640297,0.627034,-0.12742724,-0.07633715,0.05055529,-0.3924145,-0.39416787,-0.11365444,0.2553348
P32325,-0.12047662,0.52639604,-0.35470822,0.06724351,-0.03624555,0.18249953,-0.023442775,0.26502386,0.4263749,-0.6503526,0.68578196,0.5373065,-0.6341506,0.01206962,-0.7590871,-0.71791345,0.072896264,0.4794726,0.049164295,0.69099355,0.44092065,-0.15032183,0.83742225,-0.100533366,0.29175773,-0.42558268,-0.4738521,0.4237419,-0.044111002,0.51102996,0.9929981,0.32345793,0.06995752,0.87073416,-0.66706705,-0.77705187,-0.528922,1.0215398,0.5042749,0.21420108,-0.8234622,-0.06695525,-0.17807555,-0.120276414,-0.07092811,-0.97488695,-0.48849532,0.07676919,-0.2555662,-0.19454534,-0.0070577636,0.031816106,-0.0754572,1.6593558,-0.11032498,-0.5165449,0.21537599,0.39070648,0.8683526,0.9657984,0.49357545,0.13876593,-0.023725651,-0.51433754
Q9BWF3,-0.90990937,-0.2851024,0.055770546,0.1395491,-0.098778784,-0.051870365,0.2063738,-0.38829747,-0.55788493,0.5508446,-0.20396022,-0.01021722,0.5375035,-0.11586615,1.0173079,1.1732926,-0.08289227,0.21523714,-0.49002537,0.010368217,-0.53712255,0.18473035,-0.56610054,-0.43895176,0.11568974,0.6131724,0.09938401,-0.7090493,0.061925005,-0.05598867,-0.8757298,0.12533832,0.4561135,-0.48975942,0.6543577,-0.13627762,0.19652614,-0.5137088,0.040356338,0.015834391,0.6180083,-0.27436975,0.872671,-0.41993764,0.31540427,0.2613442,0.45259234,0.1325705,0.7390661,0.04308042,0.15117201,-0.4141409,-0.35785288,-0.8568092,0.037321832,0.53357655,-0.0015152469,-0.75964594,0.07749166,-0.29602265,-0.8423726,-0.6750112,-0.50179887,0.23958808
Q9NPD3,-0.2977335,0.31957564,0.1307127,0.22764191,-0.22657655,-0.12373391,0.12154607,-0.6344997,-0.0013033748,0.1573194,0.36685377,-0.011607781,0.058456562,0.28970805,0.4992362,0.11598775,-0.11919026,-0.30240893,-0.14646283,0.12988758,-0.20327747,-0.045136787,0.032708727,-0.11921123,-0.08960149,0.3535185,0.024411902,-0.40428895,0.30476862,0.012555279,-0.646091,0.22507365,0.17423339,-0.12995991,0.050683714,-0.14734842,-0.48611277,0.16602388,0.011786871,0.1067491,0.008361078,-0.23231937,0.0443412,-0.15883848,0.2225761,-0.18607745,-0.052329637,0.41051194,0.6195995,-0.26339835,0.13348117,-0.11932716,0.17438371,-0.24030636,0.45590916,-0.030423095,0.46291625,-0.56734854,0.07404183,-0.18573046,-0.72020847,-0.20008191,-0.6854952,0.19527428
P16860,-0.25154942,-1.28699,-0.19600236,0.05954706,0.611547,-0.24004477,0.44897923,0.51361287,-0.7937436,0.47729328,-0.62503535,-0.14814082,0.7723433,-0.7239849,0.50491524,1.0868282,-0.27217284,0.0016606674,-0.45515501,-0.65800166,-0.42555505,0.28761426,-0.5986329,0.09465197,0.07463238,-0.26571262,0.2706598,-0.01675823,-0.44543356,-0.40552974,-0.10803312,-0.6369726,0.52394503,-0.6456906,0.46293458,0.45458543,0.8270372,-1.0362983,0.009402782,0.32968915,0.9618361,0.49336913,0.3910075,-0.10216441,0.39866713,0.79223186,0.6354659,-0.25967184,-0.47983155,0.19774449,-0.5082997,-0.36926803,-0.13398668,-0.93150496,-0.43001282,0.28697655,-0.2906083,0.29680413,-0.365044,-0.5706025,0.052634403,0.1570973,0.34834945,-0.18807085
A9M296,-0.15083785,1.0735974,0.20963182,0.13912901,-0.62027043,0.18549448,-0.1626656,-0.7318668,0.57848305,-0.15343624,0.8621619,0.35527194,-0.5421217,0.64627737,0.035705023,-0.65939003,-0.028728776,-0.07952974,0.026769102,0.79527384,0.19788995,-0.16924606,0.4011473,-0.35041457,-0.06941599,0.2815843,-0.3151145,-0.0053973384,0.47978097,0.25151366,-0.2545917,0.6063594,-0.1734133,0.5933062,-0.3341151,-0.6452168,-0.98643506,0.88528645,0.22151574,-0.021199897,-0.9281578,-0.49628046,-0.069304146,0.04150375,-0.06610067,-0.7931212,-0.39755818,0.435468,0.6679988,-0.3666942,0.36645043,0.034144994,0.037099365,0.7777321,0.47803944,-0.27856427,0.6108131,-0.40857643,0.37802634,0.59322155,-0.51371396,-0.32002553,-0.673541,0.24786222
P05129,-0.65351176,0.16478759,-0.101217225,0.09815635,-0.34336397,-0.22741464,0.41917002,-0.75841475,-0.27742735,0.6915777,0.1612187,0.41489097,0.23915017,0.31073675,0.86035377,0.21037452,-0.5503631,0.62541026,-0.7260873,0.609567,-0.27078027,0.2522973,-0.5455103,-0.015453473,-0.15058878,0.37206998,-0.33180797,0.019738544,0.5811007,0.42303255,-0.70038617,0.03365406,0.32120124,0.3131546,0.4422966,-0.21968311,0.16955292,-0.20151411,0.27470648,0.6848064,-0.31573457,-0.61439466,0.32738152,0.34820712,0.33572784,0.056005657,-0.10872214,0.5941482,0.44648686,0.29831696,0.38433364,-0.7110273,-0.6417731,-0.65409005,0.10725911,0.46980366,0.9808343,-0.42732292,-0.30245498,0.19284524,-0.7521112,-1.0645672,0.009848334,0.614497
P55084,-0.2293808,0.7963923,0.13995908,0.1903343,-0.48612687,0.032699782,0.013479732,-0.74630445,0.34377182,0.04816391,0.6480242,0.32311913,-0.2972378,0.54328334,0.23085126,-0.48282403,-0.19783866,0.0031893328,-0.11412951,0.6540536,0.08605541,-0.02910239,0.18203397,-0.21539551,-0.069361225,0.29102954,-0.22834836,-0.048532907,0.4846173,0.27780402,-0.37308493,0.4109561,0.009354748,0.421865,-0.16202018,-0.46849942,-0.69701165,0.56929296,0.21260056,0.21011004,-0.6537689,-0.4469135,0.008902542,0.09427629,0.1309027,-0.5417996,-0.30371705,0.487154,0.5669006,-0.24842167,0.31250396,-0.18593188,-0.038008045,0.35534734,0.46366104,-0.14347717,0.72499204,-0.36222017,0.14284787,0.38354045,-0.56039727,-0.4531812,-0.53757226,0.2833642
P57086,-0.74761975,-1.074243,-0.37735343,0.11350235,0.288249,-0.08923531,0.7130733,0.07455066,-0.9761149,0.8828359,-0.44429958,0.38316175,0.89211786,-0.45304736,0.94824445,1.2111233,-0.71956736,0.8226007,-0.96876913,0.09526545,-0.46886134,0.63087744,-1.1248553,-0.121190235,-0.12615523,-0.0071337596,-0.020923551,0.31248388,0.06616071,0.086576715,-0.28337583,-0.6035544,0.71331084,-0.022425529,0.93120134,-0.0813312,1.0440607,-1.2046291,0.19620833,0.7145882,0.4013066,0.12271102,0.6928065,0.20198184,0.60503966,0.82286847,0.5670321,0.08231162,-0.41702753,0.39954942,-0.072909474,-0.8749332,-0.910216,-0.9507394,-0.6912916,0.6134922,0.27544448,0.15323864,-0.3720505,-0.09651783,-0.36392093,-0.79436994,0.6302341,0.44319728
P17741,-0.93835866,-0.26905188,0.11366744,0.121979706,-0.19564267,-0.19211268,0.27517837,-0.7089614,-0.63216203,0.72818595,-0.175819,-0.07908873,0.4738264,0.028086536,1.2659655,1.2307239,-0.20538473,0.25905186,-0.5916095,0.12250386,-0.547471,0.22329153,-0.80704314,-0.4004117,0.014435496,0.84580433,0.13736609,-0.6825801,0.34314823,0.00062488765,-1.0670209,0.07754418,0.36641997,-0.5003862,0.72810006,-0.082819864,0.21531859,-0.5893712,-0.058252163,0.19675884,0.60118335,-0.40062073,0.90486157,-0.1964722,0.37429038,0.3986547,0.4620715,0.22214179,0.83523667,0.1204948,0.2581499,-0.5762953,-0.48910013,-1.1051164,0.17879884,0.6855876,0.22545655,-0.8790859,-0.17410487,-0.3598076,-0.9408851,-0.85802627,-0.4502761,0.5251547
Q8BH75,-0.5657567,-0.5352964,-0.31727195,0.21173081,0.12616806,-0.12647197,0.5016192,-0.078155346,-0.5241824,0.4265084,-0.030904919,0.33606625,0.44507843,-0.09979765,0.47696844,0.5055999,-0.40589285,0.34498933,-0.61424387,0.17225382,-0.24944362,0.2786155,-0.30917415,0.1222181,-0.027779404,0.024439543,-0.1949727,0.07283512,0.1688715,0.19054359,-0.20347638,-0.19852526,0.58987916,0.079717994,0.37330317,-0.1665908,0.3444822,-0.5378978,0.17824753,0.56972015,0.12513526,-0.09988089,0.15250592,0.057021372,0.4723245,0.20975076,0.13033053,0.3157874,-0.118053705,0.0775218,0.047557533,-0.57595426,-0.3426997,-0.46410376,-0.17970885,0.23539245,0.5421744,0.009861991,-0.03220871,-0.12714222,-0.38139063,-0.484212,0.14929055,0.20922187
P10398,-0.6771995,-0.014672011,-0.19328845,0.11460027,-0.2144895,-0.18663552,0.4723841,-0.5934238,-0.3421737,0.6669547,0.09431841,0.47969058,0.30724186,0.20475212,0.74892193,0.22852784,-0.59567976,0.6950715,-0.7681005,0.5825979,-0.2492338,0.3127508,-0.5209463,0.04881677,-0.10696551,0.2445108,-0.35930783,0.107849345,0.48778063,0.43837148,-0.53870964,-0.055392344,0.42992094,0.36932653,0.4656773,-0.21304913,0.3153795,-0.30634645,0.3167126,0.743633,-0.28438717,-0.5330342,0.2963523,0.355365,0.39173323,0.10248722,-0.076053016,0.54637676,0.25391105,0.30139893,0.32900283,-0.7692203,-0.6764098,-0.5922489,-0.041389506,0.4631017,0.9447998,-0.2601813,-0.28037697,0.18893886,-0.64845896,-1.0414073,0.17261639,0.57551986
P9WQP1,-0.13744254,0.56347394,-0.05538041,0.14118144,-0.34334084,0.01659428,0.17392223,-0.55026567,0.33316228,0.09691037,0.5464722,0.5784558,-0.34409314,0.44813642,0.016082961,-0.72394925,-0.50323427,0.35298234,-0.3230611,0.7695639,0.25218552,0.11891796,0.13263193,-0.02206093,-0.02555443,0.028097153,-0.36813378,0.37086838,0.4992594,0.5732973,0.004122058,0.14157803,0.1359939,0.74975497,-0.19640598,-0.42286602,-0.34536856,0.42801335,0.3716875,0.6162399,-0.7751101,-0.39327288,-0.120698,0.4400898,0.22814925,-0.47274578,-0.39102247,0.49553046,0.07923344,-0.07009846,0.27508262,-0.41555345,-0.2747837,0.46043414,0.21896745,-0.08486893,0.96741176,0.07725125,-0.03131167,0.5997385,-0.22784998,-0.6061923,-0.0038918033,0.34588277
Q6Q3I2,0.05389321,0.8363501,0.14149621,0.12271758,-0.41380742,0.1411498,-0.08667587,-0.41685197,0.5674613,-0.20592064,0.8095464,0.36779147,-0.6373251,0.5530097,-0.2525866,-0.83536744,-0.10240434,-0.10231032,0.02995944,0.70389265,0.33518332,-0.13710214,0.5023034,-0.14402956,-0.020029534,-0.00029176474,-0.2966115,0.26793158,0.40758148,0.29746133,0.18874626,0.39261934,-0.14995196,0.72252643,-0.55569375,-0.5327973,-0.8043477,0.8745186,0.24941069,0.19212784,-0.8571649,-0.30899084,-0.2974826,0.14616781,-0.04752202,-0.75300723,-0.4136308,0.34424663,0.2445939,-0.32165766,0.19861135,0.032153886,0.08189151,0.91371703,0.34588674,-0.3899763,0.6537506,-0.0313645,0.28602242,0.6192807,-0.13524894,-0.15079993,-0.42090106,0.11490892
Q6PDN3,-0.9334569,-0.5617003,-0.24688356,0.20208162,0.113410085,-0.021162461,0.42622066,-0.13178314,-0.7245848,0.52256376,-0.2382084,0.13272129,0.70526475,-0.24142697,0.84162474,1.161749,-0.24908832,0.46468502,-0.657104,0.03967144,-0.52146524,0.30787942,-0.6331221,-0.25933194,0.079934165,0.2888745,-0.04975383,-0.29187143,0.06097063,0.03738998,-0.5057693,-0.0613376,0.57694894,-0.20515242,0.7741472,-0.25615412,0.48747873,-0.6885669,0.14968349,0.2577504,0.5074073,-0.14782588,0.73470706,-0.25771815,0.47794208,0.31924897,0.42645934,0.07757102,0.20728011,0.12630852,0.0986931,-0.5505014,-0.521817,-0.73450863,-0.26538363,0.4471162,0.059617557,-0.4009503,0.042771712,-0.22905311,-0.647319,-0.72811246,-0.0616643,0.23576245
P0CX45,-0.4938977,0.54301304,0.37237602,0.26133755,-0.31243253,-0.015773695,-0.098404095,-0.8184023,0.05903158,0.22876424,0.4046226,-0.20765206,0.06768605,0.34054,0.83869773,0.37524986,0.039764635,-0.37812346,-0.049579203,0.07558404,-0.37166005,-0.0800322,0.012807297,-0.42120013,0.04797353,0.64843416,0.21456997,-0.8913652,0.21905643,-0.007554747,-1.0010213,0.42673078,0.06484123,-0.40062946,0.09831809,-0.17575067,-0.61971086,0.27101758,-0.0439158,-0.19155872,0.2476755,-0.38666803,0.34682673,-0.46819225,0.0759089,-0.30333716,0.00564868,0.3724691,1.1776845,-0.28800875,0.1912004,-0.038677085,0.29213044,-0.3034178,0.5533335,0.08602347,0.2858563,-1.0519414,0.20439678,-0.27671546,-0.9855808,-0.2824098,-1.1128557,0.1857521
G4VKD9,-0.21595615,0.9631078,0.10748465,0.14017466,-0.55417246,0.19961517,-0.13057652,-0.5266126,0.5749071,-0.2669713,0.81597304,0.36841777,-0.53311604,0.53780663,-0.095075816,-0.6345703,-0.0011777058,0.02968254,0.023275882,0.79609466,0.23586236,-0.13808388,0.48829594,-0.34115598,0.023780566,0.1475828,-0.33835423,0.05361369,0.38127154,0.35092375,-0.034299117,0.56975824,-0.068463214,0.67041034,-0.38763493,-0.6571297,-0.8868075,0.9234894,0.32013065,0.024503924,-0.8692658,-0.42308134,-0.047028042,-0.009265248,-0.047127705,-0.8833517,-0.37664488,0.38098043,0.5433574,-0.3250715,0.32392395,0.006746676,-0.002186384,0.93840957,0.35213372,-0.31912023,0.52403355,-0.26729757,0.4579172,0.6481834,-0.31818247,-0.27069014,-0.57989717,0.080965504
P67809,-0.90960395,-0.51369274,0.03085661,0.07675562,-0.13231221,-0.17663127,0.37018797,-0.5460187,-0.75122124,0.8174911,-0.3278495,-0.02731426,0.6087199,-0.079943724,1.2760507,1.3451208,-0.23783386,0.35922334,-0.6477601,0.0594927,-0.5841518,0.30467403,-0.9354395,-0.38531822,-0.037213985,0.73953664,0.13480866,-0.5794907,0.28294557,-0.07808879,-1.0074159,-0.01902403,0.47740087,-0.49371013,0.87443745,-0.05934766,0.39873293,-0.7933789,-0.04369477,0.20692696,0.62879044,-0.29577294,0.9702084,-0.13225532,0.46504354,0.5796179,0.5714512,0.17871839,0.6335833,0.15376672,0.20145366,-0.6037212,-0.6082846,-1.2316272,0.032314677,0.7184782,0.1453169,-0.7250077,-0.23099375,-0.38209683,-0.8919623,-0.8627295,-0.29844156,0.52798396
P20443,-0.72581327,0.005692981,-0.03592755,0.13437541,-0.25622228,-0.23347247,0.35366052,-0.7183691,-0.39572167,0.61622405,0.058605976,0.20953327,0.36051005,0.22346792,0.9866438,0.5675527,-0.31850043,0.39364,-0.6194378,0.32330972,-0.40286893,0.2103606,-0.50819206,-0.1268673,-0.099914744,0.50866187,-0.10439001,-0.35668337,0.45187396,0.23406246,-0.8505586,0.11070456,0.3922908,-0.057947937,0.5082319,-0.18850636,0.08444227,-0.30088812,0.10944544,0.39659795,0.113655604,-0.50837207,0.4905944,0.008501925,0.40823272,0.13022132,0.07607669,0.4947433,0.6137365,0.15322886,0.33698937,-0.55433714,-0.46138006,-0.8078488,0.22457363,0.47673383,0.6638808,-0.65898263,-0.1483174,-0.11933273,-0.862885,-0.89759004,-0.30227953,0.49271077
Q96Q45,-0.71388996,-0.6437618,-0.45310846,0.19210951,0.20628633,0.029617067,0.50897574,0.20747101,-0.5220221,0.29333347,-0.0547847,0.44629255,0.4804809,-0.30182645,0.2983996,0.6379451,-0.34173608,0.61369455,-0.672494,0.28451896,-0.18364796,0.34564868,-0.29859987,-0.035440423,0.14390546,-0.13037361,-0.29370677,0.30020484,-0.024354713,0.27084255,0.14005263,-0.19472706,0.58358634,0.28479782,0.4447774,-0.32828116,0.526075,-0.5496234,0.31156293,0.5460851,0.076089926,-0.038322743,0.37363505,0.00033872575,0.4508953,0.12503156,0.24078065,0.06315506,-0.33270887,0.16204862,0.02745542,-0.62797177,-0.5268701,-0.1541109,-0.5223389,0.23016044,0.30299363,0.21928039,0.12464959,0.10814459,-0.14694254,-0.55983,0.37679672,0.10800779
P15812,-0.642285,-1.0125718,-0.22883345,0.06505442,0.16682443,-0.17303908,0.54216707,-0.093107566,-0.9834254,0.8919353,-0.5292777,0.15339659,0.91678125,-0.38442242,1.0424759,1.3398607,-0.5005608,0.5334992,-0.77184874,-0.20409389,-0.5821039,0.47397017,-1.1371598,-0.17480445,-0.16650887,0.20168218,0.14400232,-0.09510048,0.07301523,-0.1871471,-0.59954363,-0.4346775,0.6334622,-0.39173403,0.94270015,0.041113183,0.8492251,-1.1909544,0.036027722,0.44945973,0.63477206,0.104405805,0.77571523,0.10429821,0.52825475,0.85296816,0.6546614,0.064504,-0.08343443,0.28764743,-0.09182876,-0.7157909,-0.67496306,-1.2311851,-0.39641938,0.6018595,0.07492645,-0.13323306,-0.4077763,-0.42968148,-0.5301276,-0.6534991,0.26998103,0.41701132
P21333,-0.737116,-0.02277892,-0.03884764,0.07475882,-0.30657116,-0.2649241,0.39606982,-0.7691949,-0.4465264,0.7562563,0.02032131,0.22375077,0.3915847,0.23515204,1.0893133,0.62798464,-0.38691854,0.53423655,-0.7298138,0.4004445,-0.41518646,0.24701029,-0.6926389,-0.15410891,-0.15201293,0.54722273,-0.14141925,-0.23955883,0.5409404,0.2263825,-0.85616785,0.071421646,0.33396646,0.014795762,0.60105723,-0.178633,0.2149337,-0.35828647,0.13510427,0.48943365,0.050428025,-0.5579757,0.5681804,0.15645978,0.3858833,0.20800318,0.11624595,0.4826143,0.5975869,0.27717,0.38422957,-0.6586882,-0.6317501,-0.9432552,0.15490998,0.5765893,0.71034586,-0.66432923,-0.25854668,-0.06208402,-0.84798944,-1.0427992,-0.1860531,0.605866
Q10838,0.00052551925,0.7082133,-0.036760315,0.092772,-0.27420497,0.16599697,-0.08501375,-0.14097773,0.52811307,-0.40519306,0.777246,0.37348962,-0.642399,0.30455753,-0.45400748,-0.72628784,-0.009991698,0.047510628,0.04291147,0.66489387,0.3947155,-0.14435315,0.61555964,-0.13566133,0.11344519,-0.19388017,-0.33024007,0.39884,0.1682383,0.36054033,0.51850706,0.32093218,-0.13925356,0.76179546,-0.6167222,-0.55807805,-0.6895928,0.9264684,0.33757287,0.20315778,-0.84718317,-0.1397848,-0.23544896,0.04064574,-0.10451107,-0.8189267,-0.37975234,0.16116968,0.037068225,-0.23955819,0.08038877,0.057048257,0.018228773,1.21583,0.1290432,-0.46327007,0.42878407,0.16979103,0.44542912,0.7402784,0.1478387,0.004399536,-0.2390354,-0.14836505
P13598,-0.44586143,-1.0713165,-0.16166104,0.054072835,0.2604881,-0.21608788,0.4450762,0.036584854,-0.904758,0.7308354,-0.57772005,0.021531045,0.875761,-0.4693085,0.83312947,1.2672641,-0.41699094,0.24104738,-0.6081663,-0.42922336,-0.5742898,0.33344442,-0.95169276,-0.08751412,-0.13219279,0.118676126,0.2139576,-0.15007147,-0.10130931,-0.35427013,-0.51669866,-0.45645633,0.5523153,-0.5308096,0.80061257,0.23119834,0.76233697,-1.1358535,0.0012790635,0.3344446,0.78454834,0.21188284,0.6183317,0.022283964,0.4277449,0.8185307,0.6509765,-0.04587736,-0.10457947,0.22255395,-0.24160454,-0.5470396,-0.383993,-1.2146106,-0.34431064,0.50182277,-0.11358203,-0.088807076,-0.38601232,-0.59228253,-0.40627593,-0.33761328,0.18414971,0.26003018
Q9H8X2,-0.14292027,0.06502605,-0.43507332,0.14379887,-0.009121221,-0.011242018,0.31617284,-0.052309193,0.19152282,-0.20561865,0.4712351,0.6555748,-0.26006165,0.121464424,-0.43912295,-0.606612,-0.37182087,0.49267,-0.3224247,0.6202655,0.37421817,0.15918249,0.37220442,0.2658905,0.08859414,-0.34484345,-0.48670894,0.57965076,0.23065935,0.6034464,0.58904743,0.011355321,0.33281428,0.8232462,-0.30767304,-0.49313307,-0.13613993,0.30865172,0.40078253,0.61916363,-0.6862624,-0.064405724,-0.19766712,0.33865312,0.34275827,-0.5066104,-0.2980032,0.2830014,-0.45605642,-0.11179302,0.07545605,-0.39244604,-0.25114077,0.8451177,-0.050265726,-0.24791121,0.72479326,0.5737394,0.20169243,0.54864335,0.24902304,-0.27951393,0.314621,-0.02299502
O64470,0.14344722,0.19268277,-0.2148961,0.10517787,-0.053182427,-0.02735208,0.20243444,-0.07290441,0.264365,-0.16858813,0.55164087,0.4643117,-0.42152914,0.23273024,-0.42782384,-0.70622945,-0.29356495,0.135328,-0.16280575,0.4942847,0.3817913,0.0468892,0.38807517,0.18275142,0.0011694245,-0.35972458,-0.3281893,0.60823286,0.24191712,0.37516707,0.5921222,0.017477408,0.08569293,0.70835024,-0.48652232,-0.34506106,-0.30464947,0.43547052,0.28174224,0.5463108,-0.6918971,0.02033149,-0.3896232,0.3407581,0.18261023,-0.42605686,-0.2905519,0.23588657,-0.42029712,-0.12931925,-0.030689731,-0.17083772,-0.07524729,0.80996513,0.033833403,-0.35433227,0.6637089,0.5039422,0.1168982,0.49494138,0.24349447,-0.049618036,0.15503606,-0.011230607
P0CG48,-0.25560546,1.2482423,0.18698464,0.12034857,-0.67891896,0.27099824,-0.29363668,-0.7946285,0.718228,-0.2606474,0.8745467,0.40861186,-0.5371102,0.6055561,0.068086624,-0.54326504,0.13164365,0.022047192,0.029179335,0.68311864,0.24713652,-0.21197128,0.5102844,-0.60966,0.03407636,0.34169248,-0.35231376,-0.24692424,0.32323205,0.2738272,-0.4267413,0.7941868,-0.21279591,0.5211598,-0.36538076,-0.8009187,-1.1087928,1.058019,0.16722241,-0.25040177,-0.9573445,-0.56407654,0.18113902,-0.10550205,-0.15068416,-0.8873412,-0.36967012,0.39088827,0.974801,-0.38607174,0.4576812,0.13176648,-0.03569792,0.911244,0.57607496,-0.22233522,0.44162238,-0.6604853,0.60068184,0.6776392,-0.59302795,-0.39689058,-0.800704,0.18906441
P02309,-0.7842269,-0.15495914,0.25384006,0.2011547,-0.21261226,-0.1186428,0.114602484,-0.68405867,-0.4692529,0.61674005,-0.008887239,-0.16103172,0.4001611,0.07770016,1.1751492,1.1368963,-0.17238359,-0.111213185,-0.43643332,-0.057706203,-0.56436104,0.12556866,-0.5863487,-0.4119885,0.04938711,0.8055074,0.17745198,-0.84682167,0.17303678,-0.04428301,-1.1649952,0.11459309,0.29268187,-0.6173566,0.48109344,0.0024771392,-0.0072935224,-0.45377544,-0.118109815,0.08672332,0.6639044,-0.34273133,0.6528156,-0.34942877,0.17520255,0.25172085,0.36544934,0.24728553,1.0316623,0.008169606,0.16925916,-0.39951488,-0.14594235,-0.9653934,0.24842979,0.55871373,0.22780521,-0.9749406,-0.04992096,-0.51364243,-0.9942091,-0.5543057,-0.698991,0.40562212
Q8XDH4,0.09179394,0.7433946,0.030366182,0.1028955,-0.32303712,0.1567409,-0.035023168,-0.2709342,0.5945633,-0.2869996,0.8128876,0.44365072,-0.69169694,0.4722683,-0.40120405,-0.92390704,-0.16572322,0.02593609,-0.016763069,0.7347735,0.44324356,-0.093330145,0.5615189,-0.078769155,0.014047291,-0.1364942,-0.3301069,0.4520731,0.37538993,0.43794894,0.43481895,0.30737022,-0.114888065,0.8714157,-0.63160115,-0.5612411,-0.7071988,0.8951303,0.30524904,0.29619265,-0.9000545,-0.22030483,-0.34148356,0.2165915,-0.0134371035,-0.78590053,-0.456427,0.29827362,0.0077230902,-0.2840008,0.16305634,0.009999111,0.016169164,1.1002054,0.23474947,-0.435926,0.66240996,0.18556722,0.2947026,0.74006104,0.09246865,-0.12867627,-0.23045544,0.044726662
O00253,-0.3256459,-1.2767807,-0.24895854,0.05790844,0.5576675,-0.20494646,0.47384533,0.48380384,-0.8068292,0.5150454,-0.6010258,-0.039713964,0.7906417,-0.7169706,0.55372435,1.1035299,-0.3567451,0.15215406,-0.54278326,-0.53944314,-0.41515774,0.33571148,-0.6600418,0.06298435,0.05145399,-0.22991335,0.22585355,0.05788065,-0.3868716,-0.29260337,-0.11260325,-0.6469275,0.55969846,-0.51845807,0.52897054,0.3572596,0.87614244,-1.0754839,0.051086087,0.40023103,0.8654136,0.45559785,0.43987495,-0.041210838,0.420526,0.7842353,0.60485923,-0.21329057,-0.49719676,0.23251952,-0.44988918,-0.45202595,-0.25247496,-0.8959221,-0.4954478,0.33089247,-0.21564786,0.30300856,-0.34904635,-0.4821452,0.039094076,0.022066487,0.423429,-0.10616025
P24228,0.18441471,0.2701849,-0.25644824,0.076241635,-0.12794626,-0.0810788,0.33205372,-0.37577227,0.2882444,0.11828706,0.47910333,0.59269524,-0.36103982,0.3218409,-0.13722682,-0.8621406,-0.647997,0.37288657,-0.3903826,0.55496633,0.41869926,0.185819,0.09228804,0.17662993,-0.082353145,-0.25939798,-0.3682307,0.6637148,0.44790244,0.58465385,0.27779564,-0.09747267,0.12372943,0.8114919,-0.30852374,-0.24114192,-0.11899783,0.27700806,0.28413114,0.8358875,-0.74414676,-0.18109809,-0.3334688,0.7296282,0.29399493,-0.26025176,-0.35446748,0.420674,-0.37966827,0.052110992,0.13243663,-0.39040628,-0.3458316,0.38228643,0.15721698,-0.1405096,1.0642518,0.45717603,-0.24059543,0.57191366,0.07413801,-0.44430438,0.38196686,0.36746815
P12271,-0.7076222,0.17786041,-0.14994615,0.18869196,-0.25349075,-0.09853407,0.3502878,-0.5396674,-0.19246264,0.39441198,0.26575118,0.45843914,0.19321531,0.25135908,0.55561924,0.13822222,-0.38085312,0.49983737,-0.57511234,0.5930605,-0.19876617,0.24499929,-0.2410149,-0.028218329,0.007916387,0.22626144,-0.34115177,-0.011504736,0.41518423,0.42402887,-0.45768607,0.09892734,0.40754747,0.3210791,0.33608863,-0.3608986,0.009308875,-0.09689216,0.30197942,0.52749217,-0.3156317,-0.498549,0.274282,0.12612826,0.375444,-0.17569996,-0.11246509,0.49821863,0.33236995,0.08556384,0.30784965,-0.62876165,-0.428044,-0.20867889,0.04146825,0.24050754,0.79412055,-0.26102138,-0.024619251,0.2118438,-0.65352154,-0.8511835,-0.07809363,0.37283787
E6J203,0.11942038,0.91259474,0.09532674,0.06176386,-0.3228946,0.22759217,-0.15337697,-0.19644485,0.71187264,-0.39390293,0.8843219,0.38729396,-0.82492894,0.44213638,-0.50176525,-0.9923397,-0.0036188439,-0.044324905,0.09451483,0.7431534,0.5028263,-0.21197324,0.70667195,-0.17079306,0.06323622,-0.14900973,-0.32629222,0.43606117,0.30741072,0.39109337,0.5131372,0.39546445,-0.28034934,0.8930135,-0.75200796,-0.5864982,-0.8250028,1.1118749,0.29289132,0.19198021,-0.99192506,-0.24719124,-0.35190254,0.12782675,-0.19460684,-0.9172843,-0.47355697,0.21225648,0.0717543,-0.28903657,0.15054792,0.18173522,0.034906823,1.2800767,0.23558791,-0.50310427,0.53851384,0.12559618,0.4222509,0.8715548,0.14649339,-0.03491929,-0.2902024,-0.06395068
P37282,-0.016867429,1.1227661,0.2877161,0.088779315,-0.5108483,0.18381487,-0.3257215,-0.45974,0.70604825,-0.47353694,0.8986419,0.019693837,-0.6869186,0.52594227,-0.26522234,-0.63239986,0.39397037,-0.51675946,0.3436026,0.45151818,0.23249982,-0.4292914,0.77709705,-0.3822586,0.08503558,0.15123466,-0.24210785,-0.23750044,0.15773068,-0.043237858,-0.024769787,0.7309911,-0.36312237,0.3632576,-0.5722411,-0.47159752,-1.1777813,1.1810644,0.109194495,-0.36026406,-0.7250549,-0.3447217,-0.19429103,-0.2726088,-0.32133335,-0.9554529,-0.30450398,0.19761044,0.7763713,-0.4881854,0.15313366,0.4145583,0.4096021,0.98558795,0.5407142,-0.5086277,0.17741172,-0.4912936,0.61263794,0.4699565,-0.37967235,0.16134775,-0.9636235,-0.13597065
O89093,-0.5632007,-0.9657423,-0.077353254,0.10116163,0.26127243,-0.16813335,0.29577535,0.07404703,-0.86900824,0.5538417,-0.5747221,-0.15063477,0.86794287,-0.5420417,0.8081451,1.4408138,-0.16942516,0.035808742,-0.46516067,-0.507917,-0.6639082,0.22220938,-0.7660471,-0.18389001,0.040863242,0.1456469,0.23703294,-0.4215189,-0.36088592,-0.48719513,-0.63886666,-0.33055124,0.5345703,-0.7641631,0.7231557,0.29645455,0.60631007,-1.0339062,0.0037947744,0.073320866,0.93459266,0.239449,0.68713117,-0.27234584,0.32060158,0.74430394,0.7057362,-0.15775864,0.1886131,0.14853548,-0.2823434,-0.4235163,-0.19648588,-1.104685,-0.29997227,0.47960958,-0.36400032,-0.27559197,-0.21823955,-0.6684636,-0.4732747,-0.13847134,-0.0653761,0.06812342
O53585,0.051546782,0.5166007,-0.050984964,0.13410345,-0.25632212,0.03399654,0.1307131,-0.36860034,0.40541798,-0.050925724,0.62763196,0.51633465,-0.47169468,0.44899037,-0.21018925,-0.83391017,-0.37727827,0.16251788,-0.19224426,0.66557974,0.36272633,0.056476653,0.32273054,0.039221764,-0.019102518,-0.12939061,-0.34175795,0.4499484,0.42904168,0.47413433,0.26684847,0.14450721,0.06350313,0.76900023,-0.4330173,-0.43488073,-0.44462547,0.55724317,0.30589876,0.52782667,-0.78110087,-0.23805274,-0.2903757,0.3779513,0.18161917,-0.5290518,-0.3947424,0.3970246,-0.088646926,-0.16757739,0.16271487,-0.23340157,-0.10724793,0.7075566,0.2271085,-0.26417792,0.8520767,0.23288047,0.061391816,0.5774523,-0.020406127,-0.31853375,-0.037788555,0.1867075
Q15024,-0.40580833,0.35150272,-0.09861677,0.22193214,-0.2861406,-0.062192913,0.28569612,-0.5405598,0.04871535,0.20335793,0.44873,0.4859422,-0.070481494,0.3587173,0.26729387,-0.28558415,-0.39327118,0.28341964,-0.38845813,0.6280488,0.0075048804,0.14758614,0.02788576,0.020875245,-0.029006768,0.110967204,-0.35537195,0.13983716,0.45027402,0.44784474,-0.26033908,0.14032458,0.31943017,0.45858777,0.017192207,-0.38901874,-0.27575976,0.16187839,0.2881422,0.52902853,-0.51046413,-0.41041368,-0.012309186,0.21670204,0.31731245,-0.33530718,-0.2663051,0.5281424,0.22000585,-0.07691215,0.2706699,-0.47959918,-0.22161415,0.13593215,0.1887979,0.00036969408,0.8859259,-0.10118246,0.019957677,0.2981574,-0.49415982,-0.59352994,-0.14193997,0.30295345
P27635,-0.65078926,0.24850288,0.23188679,0.18304048,-0.3063152,-0.20232481,0.12332749,-0.93874276,-0.2127899,0.5320047,0.17997724,-0.0811889,0.20566112,0.27890763,1.1643794,0.644608,-0.19959998,0.006244678,-0.39993155,0.10681175,-0.42029643,0.07089408,-0.39704335,-0.34075475,-0.018867563,0.79076374,0.12588857,-0.7867068,0.4009525,0.17431256,-1.1784948,0.24911669,0.17360023,-0.38647047,0.33935153,-0.09701066,-0.26832432,-0.11125156,-0.09278125,0.15290193,0.39834872,-0.5389968,0.5468927,-0.20160073,0.23685119,0.040697947,0.08799496,0.4378959,1.0883038,0.019488081,0.31754768,-0.3378056,-0.12609667,-0.8297467,0.51316124,0.44865805,0.5113689,-1.044762,-0.08907092,-0.29410774,-1.0198916,-0.70096874,-0.751223,0.4759782
A0A1C7D1B7,0.0013097972,0.7137759,0.02272714,0.10411062,-0.36657324,0.11584352,-0.009038612,-0.37076336,0.50956154,-0.18101904,0.73408616,0.45487726,-0.5765264,0.4692699,-0.25763866,-0.79307145,-0.21346411,0.09939007,-0.07920552,0.73183423,0.35983962,-0.049256682,0.42020506,-0.10554725,0.012706216,-0.059778333,-0.33153206,0.37863463,0.384216,0.4320495,0.26583377,0.2901353,-0.0644991,0.7874541,-0.49114916,-0.5351299,-0.6279767,0.77819216,0.31854334,0.34759876,-0.87455,-0.25744903,-0.22537667,0.23057747,0.035991352,-0.6957237,-0.40691254,0.33343026,0.09302482,-0.22987859,0.18800938,-0.09249134,-0.069459975,0.9206501,0.24136613,-0.3285746,0.6934752,0.11473511,0.22274324,0.66866,-0.04182683,-0.23638305,-0.21461987,0.11191422
P11980,-0.3933457,0.7863766,0.089531004,0.19395168,-0.51411235,-0.02908611,0.1285825,-0.8854052,0.24819385,0.2744579,0.5419076,0.4329457,-0.20159365,0.578903,0.4292397,-0.41988254,-0.3734722,0.25104883,-0.30239812,0.76093465,0.00031931698,0.052097604,-0.0152108725,-0.1545808,-0.07430415,0.34898946,-0.33095872,-0.028721016,0.62324846,0.43058923,-0.5902302,0.33984464,0.1026556,0.4501999,-0.0015034229,-0.48515368,-0.5385804,0.40047088,0.28059703,0.3901741,-0.67746836,-0.60410935,0.11295925,0.24627477,0.21970385,-0.43402535,-0.35821587,0.6112249,0.591354,-0.106649294,0.41852626,-0.39425385,-0.22135751,0.10196632,0.44506332,0.047786057,0.9533176,-0.41020328,-0.032627918,0.43422392,-0.69265187,-0.772363,-0.39047298,0.44966894
Q24314,-0.06789343,0.24016908,-0.09991352,0.18023291,-0.113548204,0.0025214572,0.14931132,-0.08259642,0.2349552,-0.1770415,0.5465085,0.34497967,-0.3302078,0.27663252,-0.29874724,-0.49402148,-0.12111625,-0.07004947,-0.09066479,0.4075352,0.22146125,-0.031487495,0.4820562,0.11362082,0.056923125,-0.23229806,-0.3173198,0.2806451,0.20038986,0.25176704,0.34510526,0.15917,0.15349098,0.51121265,-0.4173943,-0.39485598,-0.43263647,0.45018762,0.25591025,0.3451544,-0.5285024,-0.075034246,-0.31616044,0.05330636,0.14399469,-0.52495235,-0.2705917,0.261845,-0.11826965,-0.25430998,-0.007549748,-0.093448356,0.13692735,0.72554123,0.12748472,-0.36818445,0.5373086,0.21411902,0.26176915,0.29163262,-0.016817972,-0.004725324,-0.18326062,-0.1256415
P13489,-0.24975978,-0.9664258,-0.08235796,0.005616145,0.23088314,-0.22417954,0.40361917,-0.028778328,-0.78581977,0.77269477,-0.5100416,0.042437017,0.75055486,-0.39025575,0.7523463,1.0562366,-0.4667908,0.13130388,-0.5999727,-0.3906886,-0.4609722,0.27039847,-0.93289304,-0.047742255,-0.19653393,0.12905553,0.21539061,0.014330469,-0.022558874,-0.37621564,-0.47515115,-0.5017264,0.3840822,-0.452001,0.6764401,0.29788655,0.7178938,-1.0474045,-0.029340982,0.4291467,0.6156585,0.20216483,0.47878993,0.18193516,0.3245414,0.8359377,0.5962834,-0.040160827,-0.1641842,0.25206804,-0.2413454,-0.50735056,-0.38355693,-1.225469,-0.307383,0.49394125,0.010656893,-0.030043215,-0.49300593,-0.50345254,-0.3339259,-0.3164221,0.24466726,0.32674858
O60826,-0.46972862,-0.35571614,-0.47173953,0.17790274,0.13049234,-0.009412057,0.46139956,0.11469075,-0.18003201,0.079591885,0.2107484,0.6018858,0.12678523,-0.112488255,-0.08098008,-0.015072539,-0.35100645,0.5128769,-0.532291,0.46665245,0.11721267,0.2805997,0.08288454,0.22370067,0.13166583,-0.3090635,-0.45230013,0.4891702,0.077688634,0.43801093,0.33933914,-0.14093539,0.4791669,0.5625038,0.0619077,-0.37212667,0.24491268,-0.2052024,0.33932605,0.65700084,-0.3527059,-0.060616966,0.02048006,0.20594436,0.3898379,-0.15011255,-0.041051827,0.20058246,-0.44845283,0.04457861,0.022762895,-0.54360384,-0.37012017,0.3127451,-0.31234252,-0.022281647,0.6400699,0.46154273,0.11094481,0.3066188,0.023902878,-0.43412971,0.42153585,0.07380992
F5HF68,-0.4137794,-0.3609465,-0.44844568,0.11344277,0.27989233,0.2296624,0.17282775,0.75359434,-0.13281487,-0.31850883,0.20336032,0.4941683,-0.06514839,-0.35169843,-0.5584655,0.11911148,0.10936176,0.45416057,-0.20659448,0.32905996,0.13403238,0.034984045,0.36661732,-0.008770838,0.41619283,-0.5576626,-0.39447778,0.46016714,-0.29911888,0.14620994,0.9218721,0.024659332,0.321576,0.5139616,-0.21116269,-0.65683985,0.1416966,0.12178568,0.43370032,0.23060611,-0.26078674,0.17349456,0.11789966,-0.2546667,0.1292172,-0.37454975,0.099827245,-0.21648926,-0.63927495,-0.10334386,-0.1909329,-0.14859393,-0.17757921,1.0064954,-0.592132,-0.29932547,-0.052420735,0.5772576,0.6417398,0.50841445,0.45318907,0.06594136,0.31172183,-0.4845776
O55038,-0.5710244,-0.9900023,-0.115137994,0.11131127,0.29963607,-0.16717674,0.3088271,0.12085079,-0.8811725,0.5147778,-0.5807538,-0.15291503,0.8819387,-0.5786255,0.77734995,1.4479074,-0.1655817,0.062043324,-0.4648195,-0.5219628,-0.66193944,0.22755598,-0.73945826,-0.17364448,0.061557088,0.10335483,0.23174678,-0.3923258,-0.40060374,-0.4677292,-0.58176357,-0.351181,0.54946387,-0.7598561,0.71225923,0.29298848,0.6246682,-1.0280476,0.014662817,0.08365856,0.9456947,0.2720753,0.6860722,-0.29022276,0.33579972,0.7325477,0.696674,-0.1744341,0.14328094,0.15648445,-0.30495024,-0.4251781,-0.20242603,-1.0555637,-0.33079207,0.46222976,-0.39443666,-0.23381568,-0.19396335,-0.6531715,-0.42703074,-0.10945585,-0.027534693,0.020944083
O75175,-1.0300744,0.22599575,-0.110446736,0.12322305,-0.29994,-0.060277853,0.3322146,-0.6042255,-0.28495243,0.53344196,0.14299563,0.39386818,0.34353927,0.23314074,0.7984787,0.4388861,-0.30540192,0.7193452,-0.67849654,0.6433779,-0.39593816,0.2894719,-0.42826,-0.19642043,0.09733036,0.4140559,-0.35646546,-0.2448004,0.44979393,0.42239803,-0.6825204,0.21969016,0.40996453,0.20485146,0.591421,-0.42969304,0.14163785,-0.16858192,0.35639682,0.3537662,-0.15929112,-0.6397842,0.64834195,-0.022063643,0.440687,-0.16121104,0.012080528,0.43808582,0.55451804,0.18155047,0.40728614,-0.691563,-0.61956966,-0.36067045,-0.049800243,0.45103633,0.6152421,-0.50802475,0.0083422735,0.2710056,-0.81198287,-1.1621693,-0.15970534,0.41714257
O89050,-0.44161767,0.020722203,-0.20398664,0.13846073,-0.18042907,-0.18815252,0.44946927,-0.54831254,-0.22353324,0.51786005,0.17896432,0.49374464,0.16521889,0.20405433,0.5497231,-0.0141392425,-0.62138313,0.5395762,-0.65646106,0.52521306,-0.10718168,0.25451708,-0.34117353,0.11758174,-0.13073021,0.13977781,-0.31462896,0.21556336,0.46159807,0.45221955,-0.3768992,-0.075987555,0.40595475,0.41986796,0.26615587,-0.18234879,0.17184722,-0.21146826,0.27882335,0.78274536,-0.35892388,-0.41199908,0.08881904,0.41091228,0.36897758,0.047984064,-0.1594297,0.54905325,0.10520769,0.21156834,0.25749093,-0.6597122,-0.52001095,-0.4114893,0.0399237,0.28877786,0.98227084,-0.11432408,-0.2687856,0.17498645,-0.52702725,-0.8325962,0.17224744,0.5012936
P0A894,-0.09889578,0.66352665,0.043213405,0.17496844,-0.3862675,0.05473342,0.0868582,-0.55390674,0.37772408,0.017135493,0.65856797,0.45049822,-0.4129384,0.5179842,-0.009704161,-0.69033915,-0.32393688,0.07560535,-0.16748302,0.72689915,0.2344365,0.022741416,0.24845271,-0.06808453,-0.050260227,0.054676324,-0.3208,0.27224955,0.49113494,0.40376565,-0.042797696,0.24797046,0.04352297,0.64672846,-0.31414783,-0.46549433,-0.5681782,0.5562847,0.28790498,0.41239005,-0.76378775,-0.34533092,-0.19379574,0.28345877,0.14207628,-0.5352813,-0.37630665,0.45728216,0.20007947,-0.20766942,0.25117636,-0.2442917,-0.07516477,0.5629923,0.3223701,-0.21057904,0.86199576,-0.019949537,0.07054713,0.5192652,-0.2846766,-0.39025867,-0.2577267,0.26905602
P48570,-0.14281568,0.6767285,0.0052805906,0.15869133,-0.38274184,0.1248053,0.0160615,-0.38777658,0.4505188,-0.16934669,0.7091503,0.4516974,-0.4642984,0.4602805,-0.16236869,-0.6746924,-0.18010901,0.11134057,-0.09526761,0.7250649,0.2798841,-0.024608882,0.41756988,-0.12094031,0.042397913,-0.006749466,-0.35426623,0.24517795,0.36242536,0.4238961,0.140702,0.3327615,0.057410557,0.7155995,-0.40128413,-0.5707499,-0.62745863,0.7056803,0.33444235,0.28949377,-0.78146243,-0.31564936,-0.13920349,0.13665384,0.09661794,-0.70624936,-0.37598965,0.37218317,0.20594028,-0.2588457,0.22981653,-0.1498331,-0.0410504,0.8479163,0.25461856,-0.29922897,0.6657124,0.017811462,0.27905172,0.5874623,-0.14729597,-0.28472927,-0.30221844,0.07322909
P10503,-0.077129476,0.54662585,-0.08644361,0.13711013,-0.32205,0.03405806,0.18898425,-0.5386662,0.35503718,0.09034856,0.57290316,0.5874466,-0.38398662,0.4521322,-0.019316886,-0.77273756,-0.5272182,0.33051288,-0.316495,0.7591925,0.29929394,0.12902465,0.14000514,0.0083443895,-0.030231316,-0.013679922,-0.38600528,0.43195897,0.5012753,0.59051526,0.032903615,0.100987725,0.12247185,0.7839673,-0.23459056,-0.41919357,-0.3432441,0.43336844,0.34968865,0.64592654,-0.806846,-0.3526863,-0.18031442,0.50313985,0.2241666,-0.45368218,-0.41324583,0.4814863,0.00897164,-0.07445388,0.2682747,-0.40286142,-0.2737782,0.4961239,0.22855581,-0.11273303,1.0143616,0.15595381,-0.07140074,0.6270803,-0.17561541,-0.5572452,0.04111004,0.35918528
C3VPR6,-0.30300546,-1.1827251,-0.39767018,0.064422965,0.40120494,-0.14220321,0.63716567,0.23941652,-0.80811864,0.727913,-0.41509056,0.3695495,0.667885,-0.45773956,0.55474174,0.8305907,-0.71318775,0.5298619,-0.8142217,-0.042726826,-0.2616561,0.44663665,-0.8276103,0.1573714,-0.17321117,-0.14484785,-0.00065904856,0.54561865,0.023649631,0.018438369,0.03601398,-0.7151222,0.57132256,0.04625586,0.57989293,0.093946025,0.9347232,-1.0999488,0.12619105,0.8441452,0.3110795,0.27135938,0.25378352,0.38503268,0.44778934,0.8191858,0.41885605,0.053333096,-0.7021586,0.35272402,-0.20136555,-0.73796445,-0.63730186,-0.86201197,-0.6138606,0.45399794,0.36568993,0.40607184,-0.4100707,-0.16032833,-0.021230742,-0.45632115,0.7063082,0.33359373
A0A5P8PC26,-0.19351806,0.3794269,-0.18887393,0.16334222,-0.20316802,0.08237573,0.13841297,-0.1882758,0.30463254,-0.19782007,0.5972045,0.5219213,-0.3568489,0.26824784,-0.26147833,-0.577661,-0.2431671,0.27363372,-0.19677751,0.67350453,0.28958416,0.06465007,0.4069878,0.030517071,0.09985027,-0.15849228,-0.396524,0.38300076,0.2626266,0.5029997,0.35246652,0.18347567,0.19982547,0.72187257,-0.35350794,-0.540614,-0.40255672,0.49957243,0.37429523,0.41595775,-0.688277,-0.18133608,-0.13584068,0.16495696,0.20168892,-0.6251079,-0.3169153,0.30776986,-0.07891198,-0.1825883,0.14161944,-0.26745632,-0.11601755,0.86985344,0.07698578,-0.28434077,0.6440879,0.26246232,0.27231145,0.56002426,0.03405965,-0.2629098,-0.04643459,-0.024311256
Q9I9A9,-0.54287875,0.6610189,0.14987421,0.25237992,-0.4302794,-0.033652287,0.07081479,-0.7912943,0.16929527,0.10560565,0.49270838,0.16302228,-0.03753932,0.46428326,0.53560925,-0.07034807,-0.054039687,-0.039485738,-0.1395631,0.48256648,-0.13613394,0.013127973,0.10267278,-0.2827556,0.01668733,0.43099645,-0.12784487,-0.4653884,0.42659444,0.21900576,-0.6970031,0.49653792,0.1611678,0.05988386,0.07527333,-0.39661717,-0.6316032,0.37991342,0.16790465,0.045123607,-0.27193177,-0.5056994,0.2588886,-0.19029814,0.23049396,-0.47164983,-0.13379458,0.49932852,0.8141621,-0.23058881,0.32641023,-0.20101275,0.028501216,0.020885557,0.5039305,-0.012957014,0.56075203,-0.67163545,0.19517043,0.10469424,-0.82700086,-0.54322386,-0.76397884,0.20087954
Q90X96,-0.5472115,0.1149478,-0.45833582,0.12201661,-0.10119057,0.154192,0.16670062,0.19119,0.12883694,-0.38560295,0.49913114,0.62976396,-0.16566813,-0.028393336,-0.388779,-0.2120033,-0.08155949,0.6188386,-0.29846326,0.70026124,0.16620702,0.088417694,0.48595583,0.009929627,0.30752495,-0.25612086,-0.5299024,0.333998,0.020170258,0.5589811,0.6025795,0.2627807,0.40649188,0.7479331,-0.17751195,-0.76434624,-0.16596772,0.37991914,0.5500798,0.2511154,-0.5624686,-0.105719745,0.12617879,-0.12205533,0.25955257,-0.7494532,-0.20566338,0.14446247,-0.19374898,-0.13247517,0.09765692,-0.3169471,-0.20345803,1.1377649,-0.27815366,-0.2587158,0.3148187,0.35469276,0.6492564,0.6164439,0.18038835,-0.26358762,0.049063966,-0.31443596
P01097,-0.45117074,0.53852427,0.16772915,0.18313837,-0.19680314,0.2033227,-0.2857047,0.0549701,0.26054695,-0.58486575,0.5368727,-0.11928393,-0.2564962,0.020471811,-0.18937841,0.099506386,0.73548335,-0.32548806,0.41160375,0.11710672,-0.09642878,-0.2837075,0.7417674,-0.54779685,0.36732802,0.016206175,-0.03598176,-0.5892504,-0.32199422,-0.1382891,0.08440262,0.69609666,-0.057956524,-0.085073635,-0.24677628,-0.47610295,-0.81140184,0.8529413,0.19765139,-0.5614334,-0.052503504,-0.17921391,0.28077978,-0.8704483,-0.15659508,-0.87314516,0.0083339065,-0.1309523,0.65526104,-0.45731515,-0.0952314,0.40993246,0.4256624,0.9822509,0.18922685,-0.46391517,-0.44606388,-0.45729572,0.9416156,0.20587085,-0.2861572,0.3304617,-0.9752745,-0.6019978
P09038,-0.63720834,-0.9069437,-0.53689975,0.08038577,0.32688484,0.004300247,0.70459676,0.17831507,-0.6218596,0.59333473,-0.28242415,0.6318865,0.58724624,-0.44212106,0.45971215,0.67808634,-0.76150453,0.9789536,-0.96041715,0.34025645,-0.12937684,0.557307,-0.7499929,-0.014718309,0.034795713,-0.19403872,-0.32105124,0.6264272,-0.0359385,0.34817392,0.09449354,-0.5207517,0.63916653,0.40587628,0.6161623,-0.17956099,0.94647735,-0.89892507,0.33423364,0.8488988,0.04888577,0.019335348,0.52255744,0.35919338,0.5406117,0.5849,0.38549215,0.055779286,-0.603503,0.42660803,0.027086467,-0.86819845,-0.96103424,-0.5232362,-0.72543657,0.54534817,0.466016,0.4552834,-0.25808716,0.3008266,-0.046679214,-0.849076,0.88386256,0.41541237
O14187,-0.7013999,0.3332797,0.049284242,0.20960616,-0.30414793,-0.1421893,0.23068649,-0.7749338,-0.12617454,0.41197082,0.22959934,0.22424783,0.17923614,0.33001462,0.7888221,0.26272002,-0.19287235,0.24459311,-0.42175585,0.38881904,-0.2837816,0.13801335,-0.2006931,-0.18360673,6.227195e-05,0.4610363,-0.13562429,-0.4762768,0.4224923,0.28555053,-0.8539775,0.28904095,0.32824627,-0.043562476,0.26560262,-0.30890614,-0.2325167,0.005488785,0.14628169,0.237439,-0.009759494,-0.5614394,0.44375336,-0.12569246,0.37941748,-0.14266475,-0.04452812,0.51860255,0.7242681,-0.020226002,0.36002064,-0.3936728,-0.24614047,-0.43437302,0.3954378,0.29143053,0.66731966,-0.6758953,-0.008450285,-0.00052061677,-0.86981,-0.8079654,-0.5040029,0.34742737
P01315,-0.36146873,-1.1818403,-0.16424184,0.046143427,0.41179317,-0.22866854,0.42948425,0.22440597,-0.84747565,0.6220357,-0.62910825,-0.061635375,0.860964,-0.5931164,0.7243937,1.1978499,-0.3689655,0.11452796,-0.5502516,-0.5444365,-0.5264271,0.34212533,-0.81463313,-0.009291917,-0.039495755,-0.038491383,0.25707853,-0.13461336,-0.28058377,-0.38686153,-0.41574827,-0.55461544,0.5653586,-0.6428707,0.6778545,0.37459153,0.79801995,-1.1240594,0.014311895,0.30717278,0.88232076,0.3515953,0.53570306,-0.037687562,0.44745162,0.8352574,0.6539627,-0.13418698,-0.24461639,0.2122312,-0.3587615,-0.4842043,-0.264384,-1.1312927,-0.35508,0.43329132,-0.19495066,0.083783895,-0.41826832,-0.6095698,-0.20945717,-0.09403833,0.25614774,0.061453678
P21980,-0.20005807,-0.26707426,-0.33891982,0.04998967,-0.011181649,-0.21070963,0.53611934,-0.39872238,-0.25877982,0.53135765,0.058071345,0.5299082,0.1953391,0.04890412,0.419179,-0.053789623,-0.8107683,0.6323385,-0.75159156,0.42394093,0.014585957,0.33354118,-0.43933946,0.19697851,-0.19273448,-0.023262389,-0.27262783,0.51643527,0.3700734,0.46488482,-0.11031988,-0.30344582,0.40329692,0.5170662,0.25177392,-0.01872576,0.42443419,-0.3774301,0.2725272,0.99758285,-0.38000554,-0.18691118,-0.0074269176,0.6444461,0.40951332,0.2843759,-0.06820161,0.45943272,-0.27298868,0.34373838,0.14321393,-0.7058787,-0.66582036,-0.48828804,-0.14143111,0.33536625,0.95752025,0.19341101,-0.4276706,0.18676636,-0.24888106,-0.7715579,0.53180104,0.5567008
O60241,-0.6962316,-0.8990748,-0.3209804,0.11884252,0.18027133,-0.1107656,0.61022633,-0.08592293,-0.8536358,0.8479324,-0.36555457,0.31207794,0.8011631,-0.25234163,0.9197595,1.0093373,-0.62180084,0.6857613,-0.87635314,0.0968761,-0.46423823,0.48335692,-0.93595207,-0.048443615,-0.14946541,0.14154741,-0.07481833,0.13710918,0.20410147,0.059514016,-0.38182548,-0.40664473,0.63725364,0.00036004558,0.83101225,-0.0970051,0.84934795,-0.9921876,0.16189167,0.6523865,0.35578182,-0.07933535,0.5671592,0.2143111,0.5697515,0.665211,0.41605344,0.20918927,-0.188978,0.32301116,0.053618282,-0.8102481,-0.78262275,-1.018,-0.43348286,0.5907644,0.3953861,-0.07050103,-0.31084427,-0.19663164,-0.46970457,-0.8347414,0.4141189,0.4775528
D5G7U8,-0.15386853,0.7496129,-0.054155752,0.10377905,-0.39958522,0.20414266,-0.061844498,-0.24468355,0.56787586,-0.36199924,0.76497024,0.48509184,-0.58540404,0.39432254,-0.33729687,-0.729798,-0.09391459,0.23145309,-0.045428805,0.80374,0.3611284,-0.079783395,0.5784575,-0.2049588,0.09863524,-0.07547517,-0.40097892,0.30170247,0.2800364,0.5224825,0.3705183,0.40825072,0.027753595,0.87846583,-0.49902245,-0.6821474,-0.6777005,0.91948515,0.42461863,0.21770176,-0.87810683,-0.29613397,-0.1136959,0.06636027,-0.005125817,-0.91356725,-0.44044796,0.3000798,0.18015853,-0.25379264,0.22667909,-0.04910817,-0.0806234,1.1811954,0.15733813,-0.3659834,0.5060582,0.061166517,0.48964965,0.7682658,0.03732331,-0.21650717,-0.28823593,-0.06900412
O00175,-0.6113758,-0.94475496,-0.109687775,0.1145342,0.27474108,-0.14958729,0.28567055,0.10017234,-0.8834011,0.5045213,-0.5652352,-0.15550384,0.8752052,-0.5740401,0.7923442,1.4831553,-0.13501355,0.0703183,-0.4543035,-0.4959517,-0.6781969,0.21168606,-0.7285025,-0.2096166,0.083053425,0.13592371,0.22040956,-0.42342773,-0.4146418,-0.46583456,-0.605971,-0.31920093,0.5398914,-0.7694569,0.71962523,0.27204174,0.59486175,-1.0064791,0.016708747,0.055846006,0.93227154,0.25502408,0.7176118,-0.32622164,0.30938047,0.7103856,0.6992537,-0.17852007,0.20671026,0.158403,-0.28976056,-0.42138883,-0.21676902,-1.031204,-0.33308023,0.47596744,-0.417724,-0.28109628,-0.14959922,-0.63051784,-0.46118206,-0.1233044,-0.064191535,0.016975896
Q63HR2,-0.54910815,-0.25973502,-0.34761238,0.103186786,-0.031043824,-0.14723481,0.55585444,-0.39167985,-0.35052082,0.5867765,0.030441657,0.5901811,0.30876803,0.047339164,0.52408504,0.11773096,-0.73753977,0.7780123,-0.81284505,0.55033,-0.11063941,0.40157756,-0.47054476,0.16087973,-0.0910003,0.030830815,-0.38907576,0.37829176,0.36030158,0.5198185,-0.23331153,-0.23939988,0.5050595,0.5077681,0.42292747,-0.14042464,0.48922604,-0.43295452,0.34475005,0.9197473,-0.33990186,-0.35253605,0.16680057,0.5032706,0.44453922,0.20342217,-0.05057461,0.4678865,-0.119214036,0.34232807,0.22304311,-0.8332844,-0.73592377,-0.4786743,-0.22296505,0.42134374,0.95501345,0.08961749,-0.33502778,0.24421477,-0.39891285,-0.96555924,0.48892385,0.5656561
O08838,-0.97900295,0.06510318,-0.14545324,0.14574762,-0.23956572,-0.12141642,0.3990767,-0.5989536,-0.39233488,0.6105116,0.07637961,0.38222256,0.4011588,0.21046516,0.85477626,0.5280051,-0.3484425,0.69091916,-0.71665263,0.55635047,-0.41007125,0.31400806,-0.5033561,-0.121720016,0.030992597,0.39903715,-0.32371622,-0.22631545,0.45593667,0.37632838,-0.7002246,0.12527372,0.46642947,0.16849951,0.6091728,-0.3605427,0.22394866,-0.28803486,0.29578185,0.42906648,-0.06545341,-0.60624456,0.5892005,0.021301068,0.45476633,-0.029845186,0.03088323,0.45748344,0.5049461,0.2059917,0.38610741,-0.7202539,-0.6359442,-0.532922,-0.04087056,0.49966145,0.66167754,-0.4976278,-0.060374178,0.15791424,-0.803731,-1.1240503,-0.10995366,0.46558082
P38398,-0.9431052,-0.46592724,-0.3553188,0.18434067,0.023415755,-0.06729891,0.5644177,-0.2402851,-0.6540116,0.66954654,-0.11075403,0.42984036,0.60869676,-0.047837622,0.76722056,0.7606985,-0.50723517,0.7590227,-0.83573115,0.42531767,-0.4230045,0.44028467,-0.6454335,-0.03434448,-0.0008973144,0.1762116,-0.3319987,0.04713286,0.2919445,0.32499528,-0.4035433,-0.15579385,0.6382172,0.20558542,0.73393595,-0.3068784,0.5807108,-0.6713233,0.29941243,0.5846769,0.080667205,-0.33182734,0.5005465,0.10011808,0.5415227,0.24219759,0.18288866,0.33047244,0.056631144,0.2643289,0.21868277,-0.8321696,-0.7315946,-0.62006986,-0.3743005,0.5200883,0.5669826,-0.15395175,-0.08920158,0.07233268,-0.57976943,-0.99854004,0.24342471,0.44702685
P23219,0.004775986,0.009659007,-0.44397867,0.110031955,0.012094114,-0.09653315,0.41845647,-0.20669402,0.14111888,0.026835434,0.37770414,0.6671289,-0.21669553,0.15742323,-0.26823756,-0.6944952,-0.59220415,0.5285799,-0.44342297,0.54415905,0.37448424,0.24479285,0.15666762,0.32198188,-0.013442833,-0.3531011,-0.46671963,0.6809333,0.3259995,0.6416099,0.41275582,-0.14670917,0.30240068,0.8024102,-0.21038142,-0.2933884,0.01169695,0.11965204,0.3273005,0.85960466,-0.6852551,-0.1266499,-0.27017504,0.6339944,0.39862674,-0.26752537,-0.2973087,0.37302443,-0.53563803,0.038171083,0.088887826,-0.48961425,-0.40176025,0.43448,0.014810863,-0.119288385,0.97494245,0.6098905,-0.12311529,0.5106845,0.15331207,-0.4461964,0.5345291,0.2523743
P00549,-0.04167427,0.88134617,0.12455724,0.12497923,-0.44813684,0.1813423,-0.12206283,-0.39063898,0.59169585,-0.28582403,0.8279501,0.35189718,-0.6314575,0.5273634,-0.25459814,-0.7601708,-0.017931856,-0.082407035,0.05814174,0.7118047,0.31189084,-0.17444621,0.5653745,-0.21178359,0.022279095,0.014204428,-0.32373118,0.1947204,0.34583178,0.30578527,0.1667597,0.46571597,-0.13389301,0.71816796,-0.5463323,-0.5971692,-0.84923893,0.94171816,0.27268127,0.10662998,-0.8579733,-0.33402514,-0.21970305,0.045829996,-0.08347072,-0.83795804,-0.41146168,0.32126024,0.34155586,-0.3405912,0.21918607,0.07696015,0.08370714,1.0027306,0.33080792,-0.4042658,0.55148554,-0.101719856,0.39765385,0.6405748,-0.16282332,-0.13203032,-0.4887324,0.03532429
P17244,-0.24855167,1.1042701,0.19068284,0.12900566,-0.6842553,0.09234127,-0.0864276,-0.97799057,0.47641858,0.12344614,0.7224633,0.46286336,-0.41372815,0.69009036,0.29687765,-0.6244102,-0.2817687,0.23175055,-0.16334647,0.9096417,0.09675582,-0.05718547,0.10790258,-0.33787113,-0.12607187,0.44965413,-0.33070862,-0.014455546,0.70481896,0.40413427,-0.5494907,0.54913735,-0.1341801,0.5768888,-0.09761249,-0.65623665,-0.867998,0.6990928,0.28587255,0.17073762,-0.97765535,-0.6247827,0.086675,0.26896158,0.083120555,-0.65105236,-0.4411032,0.5917081,0.74278593,-0.22869779,0.4877667,-0.2252438,-0.16557525,0.44434023,0.5301955,-0.06731638,0.84660745,-0.49415934,0.15974021,0.6391278,-0.65034634,-0.70169055,-0.55386925,0.48951417
P42684,-0.6561806,0.145194,-0.12865217,0.10668715,-0.30847478,-0.20558213,0.43295446,-0.71592665,-0.27088556,0.6789668,0.15635741,0.45352465,0.2360467,0.2858344,0.79970014,0.16634287,-0.58127975,0.6632828,-0.7340277,0.6286001,-0.24193479,0.26962146,-0.52769685,0.010638207,-0.12640865,0.31900427,-0.36247468,0.066701904,0.5578241,0.45235384,-0.638898,0.0072734607,0.3472581,0.36368966,0.43008223,-0.22398244,0.20774844,-0.20608017,0.30719167,0.72245723,-0.3459477,-0.6041653,0.30570093,0.37723908,0.3397538,0.051131085,-0.11984628,0.5851782,0.3821607,0.29999715,0.37158206,-0.73760074,-0.65753496,-0.59487176,0.06007405,0.457163,0.99703455,-0.3571455,-0.30422407,0.22815424,-0.71220183,-1.0721473,0.07965104,0.6094528
P07250,-0.02934143,0.66350275,-0.2265194,0.07295563,-0.14296885,0.20391864,-0.060237467,0.09021187,0.5643982,-0.583759,0.75463396,0.48919246,-0.7113236,0.16899443,-0.66709954,-0.84538627,0.01559376,0.34258887,0.057650417,0.73191893,0.48914802,-0.15197648,0.8160758,-0.12382755,0.21153423,-0.3441147,-0.43262458,0.46503505,0.08963272,0.5534047,0.85370815,0.33606538,-0.021666102,0.9307969,-0.70905143,-0.7150579,-0.63399714,1.0844704,0.4570298,0.24578533,-0.89767665,-0.12427123,-0.23687333,-0.00029728562,-0.083542675,-0.9972335,-0.5183791,0.14404257,-0.16044052,-0.21252196,0.06873849,0.06845753,-0.068363145,1.5609268,0.020494375,-0.51140875,0.3387131,0.32237697,0.70767623,0.95019186,0.41799325,0.061614633,-0.09110406,-0.37331232
O75525,-0.9629557,-0.17071766,0.021848813,0.1295459,-0.1868294,-0.16479449,0.31630507,-0.6667812,-0.5737088,0.67884654,-0.1289737,0.062011525,0.47738808,0.07601675,1.1728435,1.0504647,-0.18449132,0.42349368,-0.605623,0.21024942,-0.5398282,0.25517413,-0.6658081,-0.32733065,0.032485325,0.70588255,0.024583042,-0.6433741,0.35308552,0.11747298,-0.9816718,0.15019695,0.44272247,-0.3248789,0.70651877,-0.2054218,0.19684148,-0.4891946,0.035189245,0.19485278,0.48107103,-0.475323,0.85447776,-0.22406822,0.44851366,0.2633301,0.3332809,0.2915994,0.76161414,0.12947874,0.33116314,-0.5634715,-0.5246957,-0.96074355,0.1632721,0.62852603,0.33384392,-0.8305436,-0.083058126,-0.22380233,-0.92744064,-0.9749334,-0.42767298,0.48999417
Q01217,0.11213055,0.58683014,-0.08024992,0.11116929,-0.19218753,0.1310731,0.005708441,-0.08989437,0.5448837,-0.38104144,0.7511039,0.44442296,-0.6585708,0.36524737,-0.53075874,-0.90219957,-0.12931079,0.07817246,-0.0014229268,0.6468288,0.45792335,-0.09036997,0.6561402,0.004130028,0.07737151,-0.28846648,-0.35037172,0.49306676,0.26100385,0.44285375,0.63768584,0.25863013,-0.039525248,0.8577122,-0.68850166,-0.5530967,-0.6286418,0.87091756,0.33642974,0.3209469,-0.82776123,-0.11423813,-0.37098056,0.1570893,0.025315199,-0.8013451,-0.4498451,0.23252161,-0.16446076,-0.26471043,0.07623546,0.027653422,0.043769244,1.2100233,0.15045716,-0.4854525,0.5581396,0.32319444,0.37771863,0.71290565,0.2552157,-0.00018221326,-0.131284,-0.1293334
P21860,-0.30759305,-0.70439214,-0.20542638,-0.0018163379,0.018296529,-0.21478169,0.5033767,-0.34691983,-0.6589793,0.88451415,-0.263623,0.30569878,0.64121026,-0.07058027,0.89453954,0.639896,-0.7458021,0.51073176,-0.85355157,0.16832398,-0.3215341,0.36390626,-0.9249192,0.07488266,-0.3352221,0.22144243,-0.048649304,0.36591843,0.3481529,0.00926578,-0.41176718,-0.43230197,0.41261357,0.07923694,0.6356925,0.1281035,0.7251664,-0.85372305,0.12098112,0.8116312,0.033496786,-0.05971614,0.29418275,0.5503472,0.4289227,0.7118878,0.33494303,0.34423116,-0.13320725,0.41478097,0.07614963,-0.7840585,-0.76060146,-1.1482762,-0.24848314,0.59776026,0.6571907,-0.043230623,-0.55026054,-0.20513886,-0.4223563,-0.7673986,0.45288283,0.6448855
P13922,0.051674217,0.71654767,-0.16458116,0.076173395,-0.1486656,0.20565479,-0.055368885,0.051747166,0.6193659,-0.5462738,0.794928,0.46460822,-0.76834846,0.22944045,-0.66950035,-0.9385213,-0.017629344,0.22592542,0.05362633,0.7092689,0.53026253,-0.16937958,0.79944927,-0.10108353,0.17155217,-0.3379836,-0.39339995,0.51905555,0.17239076,0.53160506,0.8216016,0.32501316,-0.09274321,0.9413587,-0.7601715,-0.67533886,-0.6832249,1.1008672,0.39986798,0.2580112,-0.9195221,-0.110088274,-0.32268143,0.06635703,-0.099948704,-0.983012,-0.52581203,0.16130885,-0.18401034,-0.24608509,0.078685254,0.113774925,-0.030919712,1.5077938,0.08349999,-0.5469889,0.42038232,0.33589262,0.6008369,0.9433334,0.3991735,0.073122814,-0.09926607,-0.30006245
P24278,-0.9132265,-0.7732549,-0.40812534,0.2297636,0.24015217,0.0062920237,0.544271,0.08954984,-0.77973765,0.53354096,-0.27158678,0.2700997,0.7344063,-0.32775846,0.7050954,1.0715,-0.35876572,0.6201967,-0.7337523,0.10503188,-0.4666909,0.4104568,-0.58481115,-0.14563356,0.09736261,0.05762595,-0.16231091,-0.037450086,0.002318007,0.14826278,-0.24664661,-0.21306366,0.6977611,-0.039824042,0.73679274,-0.28304583,0.65318686,-0.8120562,0.23572645,0.4129249,0.44852313,-0.071980864,0.6147143,-0.15132236,0.5758353,0.3502633,0.3785039,0.08232349,-0.12068526,0.18879445,0.048764423,-0.6562092,-0.5906903,-0.6036174,-0.4564925,0.42486852,0.15530132,-0.086083665,0.04440026,-0.12046926,-0.4255864,-0.695485,0.22381523,0.18739367
B9PW35,-0.1591993,0.89538187,0.1014844,0.14514512,-0.5097045,0.16568896,-0.08120239,-0.55636024,0.5306401,-0.15696591,0.7882993,0.41216427,-0.51605064,0.54842514,-0.06073423,-0.67523,-0.1271151,0.04503336,-0.043893725,0.78528816,0.25428766,-0.08246279,0.38721478,-0.24986057,0.0076980256,0.1344018,-0.32825083,0.14197865,0.42182148,0.37622845,-0.059861686,0.4491389,-0.060004838,0.6767165,-0.38124806,-0.61424017,-0.7866767,0.8176539,0.298524,0.16795394,-0.8702016,-0.3969741,-0.08584101,0.10896432,0.016712833,-0.75260866,-0.38301727,0.404448,0.43537194,-0.29973948,0.31376848,-0.080704376,-0.04403143,0.82404417,0.36586294,-0.28443813,0.67218244,-0.1661615,0.29839036,0.63267255,-0.30605352,-0.31670752,-0.4592932,0.16616406
P46937,-0.9886458,-0.22295764,-0.1809885,0.13287678,-0.13568322,-0.1485565,0.4622934,-0.53397536,-0.5957946,0.730463,-0.099264756,0.30303583,0.55289257,0.099465124,0.99058336,0.8124459,-0.3636593,0.6970788,-0.7756308,0.40581125,-0.49964172,0.3524442,-0.6804149,-0.13232993,-0.025356624,0.4420044,-0.22970183,-0.2763478,0.42304432,0.2484343,-0.7391636,0.04010823,0.548105,0.023820799,0.7470962,-0.2953571,0.398276,-0.51594424,0.22402257,0.42141953,0.16888611,-0.50707066,0.67793006,-0.005140595,0.5208444,0.19830145,0.18359444,0.39274943,0.44418567,0.23257895,0.34613487,-0.73634374,-0.7132978,-0.80447686,-0.09212472,0.6057771,0.54556257,-0.52567774,-0.10564885,-0.0097310245,-0.80196095,-1.102139,-0.06197598,0.5123945
P14540,-0.04100479,0.8358196,0.08556002,0.12080029,-0.437804,0.18128099,-0.075062856,-0.40054622,0.5926163,-0.23411635,0.7984463,0.44297838,-0.62190336,0.5310961,-0.24522847,-0.83143157,-0.14154187,0.044480436,-0.022841424,0.7883345,0.34973103,-0.09693657,0.5060744,-0.18186375,0.0076285265,0.0060180277,-0.34127116,0.2837349,0.41494027,0.4203531,0.19271311,0.40341416,-0.06976346,0.81195235,-0.51632243,-0.61102057,-0.763921,0.88585377,0.3241775,0.222586,-0.89241785,-0.34431642,-0.21672088,0.15803996,-0.010178912,-0.81409365,-0.44252852,0.3671072,0.24589728,-0.30182552,0.2544432,-0.024961349,-0.0057704113,0.9871763,0.29674262,-0.36033025,0.6593874,-0.013555385,0.3289087,0.7052145,-0.10337211,-0.24008486,-0.37067124,0.099780455
P05064,-0.41647768,0.8191535,0.09230148,0.17508902,-0.54244965,-0.069235444,0.14920565,-0.9669407,0.2402518,0.3576565,0.507547,0.44784755,-0.19206728,0.5962137,0.50794303,-0.41620165,-0.43400812,0.33406094,-0.35416347,0.7982702,-0.021340623,0.060442388,-0.096557386,-0.15102908,-0.09920421,0.4028795,-0.3486588,-0.03071611,0.68909353,0.48114753,-0.68092626,0.3285146,0.079045884,0.45370325,0.048512064,-0.46649247,-0.5073693,0.37684643,0.29614192,0.44064713,-0.6948258,-0.6628106,0.15391581,0.3128437,0.2172514,-0.40023673,-0.3800366,0.653384,0.6394646,-0.041000664,0.4535326,-0.43959838,-0.2863229,-0.006913647,0.46046445,0.124091275,1.0239288,-0.46323663,-0.10017472,0.47180748,-0.73190683,-0.88800895,-0.36496183,0.5205558
P06681,-0.45216632,-0.92158484,-0.13479497,0.08274878,0.17221145,-0.19148639,0.45243907,-0.10666723,-0.8205574,0.76182103,-0.45090967,0.05155833,0.7959766,-0.2836648,0.86619943,1.1075317,-0.46461943,0.23092973,-0.64231026,-0.27818835,-0.5290757,0.29747987,-0.8961201,-0.062081352,-0.18429051,0.22338673,0.14881505,-0.11513883,0.08785936,-0.25754607,-0.5404972,-0.37005165,0.50828457,-0.36962184,0.7558769,0.1475733,0.67993814,-1.0018703,-0.0017019287,0.41409257,0.6178598,0.058337573,0.51478887,0.10173661,0.43348497,0.73051125,0.53832746,0.09034278,-0.03462949,0.19530845,-0.10485929,-0.55869937,-0.43336242,-1.216125,-0.23672242,0.5083056,0.1049636,-0.20110664,-0.37448367,-0.54873896,-0.5147687,-0.48268172,0.14005357,0.38245922
O32504,0.38551557,0.1672628,-0.20782372,0.08749789,0.2647246,0.23983271,-0.14047256,0.66687244,0.39087796,-0.6044163,0.5133038,0.3259043,-0.57027686,-0.17719766,-1.0936413,-0.7311621,0.17464608,-0.22789595,0.26335746,0.109034,0.43885767,-0.27710757,0.90114915,0.14405185,0.24226388,-0.7649205,-0.28786778,0.5478164,-0.40890706,0.0039248914,1.0994403,0.029089548,-0.091544904,0.54752105,-0.87566143,-0.37103757,-0.49187738,0.76377416,0.31935486,0.07423017,-0.58554727,0.37526202,-0.6143936,-0.1309878,-0.2761365,-0.63552254,-0.30453137,-0.16931775,-0.58280337,-0.3527648,-0.38531467,0.2992103,0.37400022,1.444907,-0.22676788,-0.7312431,-0.001850754,0.6930051,0.65044826,0.6215668,0.7178803,0.7214953,0.01826036,-0.64950085
Q9JHG7,-0.3798798,-0.04300388,-0.32781678,0.18216245,-0.05063199,-0.084037215,0.43006536,-0.25433606,-0.08455704,0.19959341,0.298248,0.60567486,0.0026032105,0.12930742,0.06979941,-0.2500549,-0.4985745,0.48474374,-0.52275956,0.5646492,0.10018456,0.2563046,0.02300998,0.2073758,0.0151150115,-0.14707005,-0.43748844,0.40994188,0.3027192,0.5356601,0.078985155,-0.08347236,0.43143472,0.57650685,0.035011284,-0.31297484,0.058641553,-0.06927143,0.33390665,0.7477496,-0.4880491,-0.25006393,-0.072267644,0.3524369,0.3815374,-0.19263867,-0.20692435,0.41189614,-0.21499847,0.04676012,0.14497444,-0.5914958,-0.36417815,0.16715568,-0.07062583,0.026486285,0.89076775,0.27278012,-0.042658664,0.31706393,-0.20880575,-0.577191,0.28277025,0.26969168
P0A744,-0.24781746,0.9836433,0.10661799,0.12972397,-0.607138,0.17260352,-0.115713835,-0.6283339,0.5247659,-0.17354241,0.79480106,0.41938743,-0.486891,0.55891514,-0.013509963,-0.604235,-0.08514979,0.13966453,-0.05089715,0.8521478,0.19561668,-0.09766228,0.36990696,-0.35199535,-0.011507612,0.22012141,-0.34736186,0.06808548,0.4521995,0.38367838,-0.10591808,0.5609981,-0.06414715,0.6928288,-0.28508064,-0.6755115,-0.8404531,0.8571715,0.34261677,0.07749319,-0.90703285,-0.4713224,0.008087806,0.061089523,-0.008934464,-0.84048253,-0.3848742,0.42256427,0.57501334,-0.28761953,0.36452442,-0.09354451,-0.08104795,0.84528077,0.34969774,-0.24707413,0.59434414,-0.30327642,0.40191895,0.6567055,-0.38547552,-0.41352865,-0.5421186,0.19918875
Q9NPI8,-0.020777166,-0.60835147,-0.5242576,0.09627518,0.36985573,0.008404779,0.44783458,0.5454889,-0.14797406,0.007034935,0.1239177,0.47548825,-0.0076483786,-0.2627001,-0.48901674,-0.13705577,-0.25492445,0.17833075,-0.3636158,0.15458392,0.2981339,0.15059446,0.20383577,0.37085453,0.11085211,-0.70490634,-0.44695616,0.7558807,-0.092857614,0.123769745,0.724264,-0.32680243,0.31018943,0.5182473,-0.27679268,-0.24509084,0.31544358,-0.19828686,0.23511922,0.6299385,-0.31865686,0.32137722,-0.32217017,0.31787878,0.22901106,0.065008745,0.046341352,-0.0147276055,-0.95575017,0.018170834,-0.2728572,-0.24357697,-0.22739321,0.457007,-0.40881792,-0.23098472,0.47855502,0.82879114,0.05616178,0.29864255,0.48139453,0.057937793,0.63367265,-0.12360415
P0AAW9,-0.23454945,0.40645543,0.03573641,0.14610787,-0.0853724,0.15455535,-0.21799386,0.17126738,0.2759157,-0.5522678,0.554875,-0.078272074,-0.3268724,0.023633875,-0.3454176,-0.036357746,0.5969926,-0.4365831,0.37101632,0.03603651,0.026410341,-0.30933768,0.7909224,-0.25924602,0.32299116,-0.119508706,-0.07229854,-0.36884528,-0.2943016,-0.13676661,0.24690971,0.46253803,-0.02517327,-0.019650716,-0.40058777,-0.40776646,-0.78537446,0.760834,0.12523818,-0.4240688,-0.1514467,0.025718246,-0.01965008,-0.6435378,-0.1447159,-0.7429773,-0.05901543,-0.07030334,0.39152348,-0.5014485,-0.16970748,0.3600363,0.5147481,0.991132,0.1768956,-0.5609233,-0.27856427,-0.18728353,0.814177,0.20579138,-0.07996768,0.49602395,-0.8013014,-0.5901666
O00291,-0.7413807,0.069474556,-0.14584328,0.20126052,-0.21175782,-0.14885092,0.3796446,-0.5585316,-0.2961068,0.47595885,0.17608781,0.40182915,0.2914686,0.2329889,0.6890117,0.27962238,-0.35520208,0.47117707,-0.59639704,0.4768364,-0.2859409,0.25068223,-0.29774833,-0.0071561337,-0.02298607,0.28126574,-0.28691632,-0.15852615,0.40986943,0.36024338,-0.5951189,0.09024316,0.46532813,0.17506365,0.38483986,-0.31262824,0.055211395,-0.2042122,0.23800716,0.48330784,-0.1291842,-0.511074,0.32220554,0.04938715,0.4259272,-0.075192355,-0.064207815,0.52564305,0.40315703,0.09573278,0.3142489,-0.61011213,-0.42129663,-0.42288673,0.10584156,0.31825668,0.7790761,-0.37406665,-0.040655002,0.076492965,-0.724828,-0.85844487,-0.13880521,0.37875706
O95166,-0.81711686,0.36310688,0.08340146,0.13214397,-0.3891722,-0.22924003,0.2372972,-1.0080225,-0.21722397,0.5824089,0.17981529,0.15354031,0.18293773,0.3660956,1.1204574,0.47559738,-0.22406402,0.43097648,-0.5202006,0.42686576,-0.38259476,0.1550647,-0.41150886,-0.26836306,-0.025259253,0.715047,-0.094064966,-0.5793774,0.56963,0.34869844,-1.0872543,0.30421406,0.21956077,-0.120068505,0.4075456,-0.2730072,-0.18916893,-0.065873936,0.07012421,0.24692267,0.1092718,-0.7180969,0.657428,-0.042298846,0.38612702,-0.035835467,-0.009384528,0.52291393,0.95689243,0.15059806,0.4880524,-0.5001793,-0.41167852,-0.69972605,0.45878008,0.51221514,0.7013853,-0.9133474,-0.12916026,0.03666904,-0.958411,-1.0590972,-0.5477058,0.5302333
A0A0H3LCC3,-0.22202468,1.0618819,0.2669935,0.18039612,-0.5853539,0.115436,-0.17044222,-0.8732959,0.51665944,-0.11910977,0.7739735,0.16457278,-0.39243564,0.61647004,0.2532968,-0.49293947,0.07361942,-0.23177755,0.11762676,0.59146357,0.0644473,-0.18403244,0.3884578,-0.43274567,-0.044500593,0.4410589,-0.1673102,-0.36550304,0.42777467,0.09972182,-0.538609,0.69854,-0.13822445,0.25487575,-0.19371241,-0.52622104,-1.0742764,0.80977124,0.107515104,-0.22252908,-0.6375242,-0.4951544,0.06888843,-0.1394763,0.0065875687,-0.72220695,-0.2837934,0.44767207,0.938661,-0.42789578,0.35357854,0.07215981,0.19070743,0.4890294,0.6592114,-0.23240292,0.4813698,-0.67848593,0.3860898,0.37237808,-0.72460663,-0.29948324,-0.94899094,0.22674118
P12960,-0.51180375,-0.36933532,-0.10248867,0.09890826,-0.10052337,-0.23432691,0.4294477,-0.51581943,-0.54820716,0.73200613,-0.10891765,0.16900936,0.5275355,0.066148244,0.9264422,0.67606926,-0.49944168,0.3301835,-0.700774,0.13512766,-0.393834,0.23229575,-0.7127847,-0.040906176,-0.22132143,0.36893106,-0.038459815,-0.08000323,0.38178417,0.05411902,-0.668465,-0.13065246,0.38416764,-0.053854514,0.5744229,-0.027286947,0.377807,-0.5798962,0.07156364,0.5564458,0.17375028,-0.2663258,0.38107896,0.21471217,0.39544794,0.41998512,0.22418074,0.38487926,0.26162407,0.22362019,0.1744071,-0.5925738,-0.5318924,-1.0383896,0.028770212,0.49507672,0.5875012,-0.41807926,-0.3375539,-0.28108537,-0.69643956,-0.76918876,0.007822931,0.5497611
P11836,-0.6344311,-1.0097344,-0.23451291,0.15383232,0.35776845,-0.11402421,0.37563825,0.24973549,-0.8626373,0.42999822,-0.5295093,-0.09049514,0.8443975,-0.5993976,0.68796265,1.3918067,-0.1451917,0.1707814,-0.48795325,-0.4719528,-0.5999356,0.2434021,-0.6235142,-0.19315381,0.106208816,0.04104358,0.15904193,-0.31247368,-0.38220486,-0.326048,-0.3803746,-0.32022297,0.6177711,-0.6239571,0.67630625,0.14043215,0.625647,-0.9466684,0.05238489,0.11393999,0.9180608,0.2642241,0.6580775,-0.3403116,0.39258242,0.6122448,0.63156426,-0.15793416,0.011773969,0.13978794,-0.2698086,-0.40468898,-0.24351706,-0.8752606,-0.3891438,0.39195725,-0.38873613,-0.16434208,-0.040501155,-0.5360527,-0.3333453,-0.13717097,0.017984867,-0.07886203
P62256,-0.83589065,0.30331692,0.02880986,0.095137015,-0.40772858,-0.24878815,0.30362466,-0.9548642,-0.27671885,0.66849166,0.145039,0.23065203,0.21995929,0.36732763,1.0892067,0.46416193,-0.2828111,0.5686733,-0.6199347,0.53199303,-0.39684355,0.1893448,-0.5019356,-0.2053237,-0.063689515,0.641273,-0.1945992,-0.4117224,0.61134297,0.36287877,-0.9986814,0.24297439,0.2547089,0.012080025,0.47659722,-0.27999878,-0.05283715,-0.11453831,0.1631101,0.36186656,-0.011226886,-0.7421286,0.633903,0.07146063,0.38750812,-0.012898415,-0.027686886,0.5387076,0.8425934,0.22910614,0.5003805,-0.60061735,-0.54019314,-0.72888803,0.3292683,0.55213034,0.76549804,-0.8088128,-0.1759882,0.10658237,-0.91096294,-1.1325358,-0.39073,0.5719701
P04075,-0.41560102,0.8206902,0.09220212,0.17428839,-0.5436285,-0.06946844,0.14929089,-0.96870357,0.24099635,0.35886872,0.5077656,0.44861498,-0.1930044,0.596733,0.508676,-0.41754162,-0.43663156,0.33572227,-0.35496134,0.800192,-0.0208942,0.060643107,-0.09816657,-0.15068175,-0.10013884,0.40366134,-0.3493184,-0.0283009,0.69086087,0.48257524,-0.6815765,0.3276097,0.07711431,0.4556481,0.0491916,-0.46614972,-0.5067127,0.37686864,0.2965047,0.4427494,-0.6976028,-0.66313535,0.15346916,0.31598836,0.21621126,-0.3998387,-0.38131168,0.6538416,0.63915205,-0.03936567,0.45383546,-0.44058034,-0.2880192,-0.0075276047,0.4602345,0.124976255,1.0263215,-0.4626627,-0.10239326,0.47414574,-0.73177326,-0.889871,-0.3629846,0.5229925
P13001,0.11558977,0.40643468,-0.19509098,0.09888505,-0.20172559,-0.01706526,0.2484048,-0.3784831,0.3832499,0.0038360134,0.5623163,0.5924518,-0.44040185,0.380626,-0.22699428,-0.89848,-0.5530201,0.33628914,-0.3134094,0.6462362,0.43791115,0.14086474,0.19952194,0.102184355,-0.04563285,-0.20432255,-0.3733319,0.61235815,0.46257213,0.60206914,0.329126,0.020205196,0.08736175,0.85879344,-0.36053216,-0.3635111,-0.2679857,0.45298085,0.3291479,0.7126716,-0.8015868,-0.20138158,-0.2965898,0.5992382,0.25258994,-0.4428258,-0.3987672,0.40338936,-0.28353733,-0.051579222,0.16133356,-0.3339666,-0.27535877,0.60770154,0.17833601,-0.20742846,0.9761456,0.39953393,-0.098719604,0.63897794,0.08077167,-0.41883186,0.22389436,0.28150624
P34960,-0.3969348,-0.884688,-0.0011380622,0.06649752,0.16294694,-0.19921327,0.3431888,-0.10796729,-0.78503805,0.7006325,-0.5014889,-0.10166073,0.7695685,-0.3293628,0.83860284,1.2046973,-0.3113448,-0.010880183,-0.5002458,-0.45189777,-0.57849187,0.2073926,-0.8514244,-0.14273947,-0.13660249,0.26377076,0.24757151,-0.3164296,-0.04890797,-0.4468509,-0.670927,-0.30638874,0.43601725,-0.60474074,0.71162355,0.2773455,0.5591847,-0.99315083,-0.07513223,0.19221745,0.79845816,0.11275491,0.5569066,-0.038950317,0.32559955,0.7522545,0.64198375,-0.017191133,0.14744672,0.1253794,-0.18338048,-0.4176024,-0.24063799,-1.2734694,-0.1608585,0.48817256,-0.10965918,-0.30953878,-0.36882225,-0.67104506,-0.561706,-0.30633524,-0.068978265,0.3161491
A0A4Y1WAR4,0.013708912,1.1239614,0.2061127,0.06559768,-0.4834011,0.28385922,-0.27168712,-0.39390144,0.7321663,-0.37871876,0.943262,0.33328936,-0.8263833,0.53280413,-0.37232372,-0.8633688,0.1347692,-0.1408445,0.14422,0.7643111,0.41874003,-0.30406415,0.6920934,-0.32063216,0.044623043,0.04457304,-0.34944016,0.21493532,0.31713265,0.26501,0.23303887,0.5769976,-0.3691206,0.7924758,-0.68563676,-0.63340217,-0.9859851,1.1826069,0.24719828,0.0060996264,-1.0439583,-0.3963296,-0.24713278,0.022052728,-0.31566796,-0.95290494,-0.4422107,0.22348163,0.42219684,-0.3320629,0.24931005,0.25094405,0.052435163,1.2219644,0.3347486,-0.44577634,0.4623773,-0.18728732,0.5073055,0.82297117,-0.130672,-0.098005384,-0.53121096,0.0045746956
O96028,-0.99373686,-0.2108863,-0.2870898,0.18395402,-0.07848032,-0.06149965,0.48151067,-0.35261574,-0.53081375,0.58800966,0.00790754,0.42521572,0.51587087,0.04567983,0.7458304,0.67143416,-0.41686916,0.717818,-0.7808611,0.48427343,-0.4162616,0.37993905,-0.53764015,-0.08241111,0.053112928,0.24384171,-0.34941137,-0.061913017,0.32568902,0.36218715,-0.4911088,-0.014833872,0.56644833,0.19813497,0.6704716,-0.37466502,0.40285766,-0.4925793,0.30713704,0.48768926,0.0069852974,-0.42873177,0.53040177,0.017241798,0.4977313,0.065108076,0.11717644,0.35411522,0.23547563,0.20288472,0.28376076,-0.77126354,-0.65970874,-0.49636638,-0.25997508,0.4675397,0.5807678,-0.26662493,-0.019593194,0.12829563,-0.6792937,-1.0296139,0.08706987,0.4311691
P01867,-0.55577564,-0.843134,-0.010598988,0.00046147592,0.01574305,-0.21973273,0.37326574,-0.2563286,-0.86104554,0.869426,-0.51702076,-0.0076776743,0.8137639,-0.30536395,1.0741785,1.3483231,-0.32635608,0.27891347,-0.5958662,-0.2969122,-0.60932183,0.31226125,-1.0736562,-0.272015,-0.14763807,0.42730322,0.22152461,-0.3818542,0.043926906,-0.3587277,-0.83112776,-0.25098106,0.49446547,-0.58112735,0.8937108,0.16847897,0.6177319,-1.08674,-0.0755182,0.20875531,0.7431086,-0.0009612404,0.8622473,0.028016351,0.3942398,0.8171584,0.72815657,0.035375364,0.2962842,0.20371826,-0.09746118,-0.5597319,-0.48522273,-1.3819199,-0.18339577,0.63648283,-0.07984617,-0.38336498,-0.39297172,-0.56897795,-0.6716709,-0.58953184,-0.058126453,0.45259973
P62258,-0.5958916,0.67264134,0.11152214,0.14371914,-0.4993181,-0.20685773,0.20000377,-1.1360502,0.05788325,0.5109504,0.35024792,0.26646653,-0.025335848,0.51959544,0.896931,-0.0024731755,-0.32343376,0.3641822,-0.43328932,0.58510303,-0.19819586,0.07282035,-0.257669,-0.2246045,-0.1085816,0.6416857,-0.21287589,-0.3951145,0.6795843,0.42038107,-1.0396131,0.3675469,0.10415932,0.08745058,0.19760463,-0.34406656,-0.43893236,0.19766778,0.14067127,0.3050013,-0.27735883,-0.7509025,0.45621902,0.146907,0.3073795,-0.1900272,-0.23217782,0.64019704,0.9245542,0.08493942,0.51089656,-0.4254101,-0.33166477,-0.4481961,0.5838241,0.36056197,0.88910687,-0.8146017,-0.15900928,0.24486446,-0.898465,-1.0244755,-0.5474392,0.53462344
Q9P2J5,-0.24435908,0.57562315,-0.088682204,0.13077477,-0.36143932,0.045059625,0.19775945,-0.5515197,0.36958846,0.09598677,0.5236101,0.6294924,-0.3278104,0.44704553,0.012070511,-0.73224044,-0.5409885,0.44602868,-0.37497658,0.83218044,0.24723549,0.13665509,0.12893398,-0.023488477,0.011832755,0.029779583,-0.4410479,0.36335573,0.5134829,0.6819942,-0.042782437,0.14068669,0.18212691,0.8011826,-0.12756422,-0.4608401,-0.3042262,0.4318262,0.43413392,0.66007394,-0.8271508,-0.44668654,-0.0749727,0.47531766,0.23557772,-0.5265026,-0.43413123,0.5301249,0.08502938,-0.048527777,0.315846,-0.47359052,-0.32672763,0.472544,0.18463194,-0.044742864,1.0118915,0.0831789,-0.043526508,0.65468705,-0.25305957,-0.7015101,0.04123974,0.34237814
Q9Y4L5,-0.97816885,-0.45081508,-0.22670992,0.14978372,-0.052490663,-0.13263957,0.5180092,-0.41140154,-0.7215133,0.7596032,-0.1957256,0.25471026,0.66778386,0.009148486,1.0349336,1.0104312,-0.39168298,0.6542605,-0.79789096,0.27770528,-0.5461677,0.38996696,-0.78846186,-0.14717913,-0.054217856,0.4236571,-0.16175422,-0.26023534,0.37407795,0.16953954,-0.7036946,-0.05186006,0.6092125,-0.05389044,0.8444315,-0.26391712,0.52020216,-0.6962671,0.17128351,0.4346377,0.29409307,-0.37974945,0.68715715,-0.01969067,0.5595349,0.3525024,0.29119298,0.33789155,0.3174353,0.22409363,0.27794948,-0.73976976,-0.7261815,-0.92247784,-0.1850325,0.6206627,0.43797058,-0.47927648,-0.121689536,-0.12905896,-0.7818705,-1.0308388,-0.0033881664,0.49794787
G8JZS6,0.21411893,0.53485495,-0.13046674,0.054039687,-0.11184199,0.08594086,0.016246393,-0.008492691,0.51205474,-0.37439227,0.69093907,0.45517603,-0.66491956,0.2537618,-0.608,-0.9472304,-0.1296809,0.18296152,-0.0035094619,0.6010601,0.5227367,-0.08648257,0.6077722,0.031168893,0.08269781,-0.37176007,-0.33376527,0.60667586,0.20521206,0.43416202,0.7963552,0.19213876,-0.104876705,0.8636264,-0.69677997,-0.4977945,-0.5329853,0.8699765,0.35514703,0.39147046,-0.8813377,-0.045515973,-0.35598963,0.2339367,0.016156916,-0.73156875,-0.4144341,0.15861507,-0.3360922,-0.18475743,-0.00037048012,0.027098019,-0.045364153,1.2354922,0.08196663,-0.49874783,0.5036436,0.46324843,0.33712792,0.76993,0.4022228,0.031000493,0.044755876,-0.17758122
O35250,-0.4876033,0.17899343,-0.19724412,0.23737496,-0.15416826,0.009916703,0.27546182,-0.22316581,0.060517382,0.024610221,0.42815697,0.5184602,-0.060898818,0.23815411,0.020551227,-0.25181013,-0.21770316,0.2810801,-0.33105877,0.5823748,0.06491248,0.16297024,0.268578,0.07670148,0.121569544,-0.08009033,-0.4319808,0.13483502,0.25792298,0.4465114,0.014997683,0.15880062,0.41612336,0.46246552,-0.081593454,-0.47967958,-0.23906147,0.17298356,0.34337655,0.42638308,-0.46174186,-0.3043509,0.00043923408,0.033345096,0.34257773,-0.47058076,-0.20579588,0.4068121,0.046716228,-0.14263593,0.17599022,-0.41409466,-0.13165867,0.43190533,0.0588816,-0.11236371,0.6982218,0.095969275,0.23303548,0.31133687,-0.28021753,-0.4392965,-0.09623305,0.014165623
Q08438,0.09141843,0.63861,-0.29103583,0.07598608,0.07640737,0.18582529,-0.044210225,0.3050077,0.5293584,-0.6595128,0.73207897,0.4724473,-0.73371786,0.043254085,-0.87933904,-0.92282224,0.10462793,0.30037013,0.14483213,0.60264033,0.5284883,-0.2283336,0.96090126,-0.053246252,0.26945397,-0.55895805,-0.43108606,0.5235666,-0.056292582,0.44879323,1.1055237,0.2645299,-0.09419558,0.8660145,-0.85294276,-0.68434286,-0.62848383,1.1586739,0.42117423,0.22515431,-0.8839664,0.005590502,-0.38714838,-0.07155637,-0.15083978,-0.985308,-0.55371463,0.058363415,-0.36546242,-0.21561971,-0.06281681,0.16905394,0.016691182,1.7127776,-0.038120862,-0.61845535,0.26011395,0.45672572,0.82345176,1.017582,0.5869086,0.29230663,0.00040361285,-0.52604717
O22287,-0.26094812,0.6675684,0.0536081,0.17413855,-0.442737,-0.07323784,0.18915012,-0.8182003,0.22349231,0.30547956,0.4965937,0.46069694,-0.22138208,0.52394676,0.36248335,-0.49443412,-0.4883337,0.25640994,-0.35041183,0.72218096,0.06455964,0.06972194,-0.05503857,-0.07558727,-0.12108418,0.25063056,-0.29896963,0.13241757,0.616724,0.4503445,-0.4546521,0.22501452,0.1110944,0.51574945,-0.05199904,-0.37690026,-0.41154826,0.3397589,0.28656593,0.5459304,-0.6701262,-0.5197593,0.0021206364,0.36158678,0.21235451,-0.338806,-0.3612604,0.59650046,0.39990324,-0.046313412,0.35174552,-0.40277588,-0.26852486,0.04886301,0.37619483,0.048150897,1.0163342,-0.2725163,-0.13671252,0.4212178,-0.58956015,-0.72717965,-0.22485664,0.48264784
A6NI73,-0.5245178,-0.9616751,-0.11778806,-0.0004177373,0.08726765,-0.22480941,0.457497,-0.19991432,-0.95979524,0.93135244,-0.52585155,0.08975115,0.8991656,-0.3495944,1.0793855,1.3382075,-0.45405334,0.40993002,-0.69792056,-0.2504438,-0.59718716,0.4226195,-1.1943402,-0.17462562,-0.21560952,0.29996374,0.20551531,-0.17530198,0.08115499,-0.29517716,-0.72653484,-0.39738163,0.556276,-0.51627845,0.9299431,0.14208299,0.76339865,-1.2129154,-0.019704022,0.36222637,0.6362653,0.11508706,0.7946335,0.13176736,0.4651592,0.89556634,0.7321196,0.056283496,0.040338464,0.26338184,-0.12123491,-0.66131765,-0.5792353,-1.3565023,-0.30352393,0.6102517,0.035098538,-0.17860886,-0.47072697,-0.5384718,-0.5779474,-0.59183455,0.16663134,0.49023718
P10276,-0.8825362,0.023401693,-0.16318269,0.123293206,-0.2544531,-0.17132565,0.44546232,-0.6357309,-0.41780055,0.71072966,0.072131984,0.41365004,0.3809509,0.24162313,0.8900859,0.44350445,-0.46326107,0.720892,-0.7689154,0.59848183,-0.389417,0.31278893,-0.572831,-0.03008248,-0.058500182,0.36978513,-0.3611307,-0.08952479,0.51987725,0.39757162,-0.7052981,0.032864567,0.44760522,0.24297549,0.5844024,-0.29090184,0.28060806,-0.3258844,0.30048162,0.5869615,-0.16772623,-0.6227937,0.4618973,0.19804794,0.4210091,0.061077565,-0.023594432,0.53632313,0.4506822,0.27540046,0.38663068,-0.7764215,-0.6889448,-0.6465606,-0.033048328,0.53521967,0.84038603,-0.4363876,-0.18962929,0.17477418,-0.7756667,-1.1200147,0.018483266,0.5718518
Q5X762,-0.13577555,1.1284957,0.25719813,0.13297477,-0.5758659,0.20173593,-0.26430163,-0.6228127,0.64804107,-0.36056253,0.8934642,0.1222446,-0.57937783,0.57167614,-0.064352766,-0.5733289,0.26736304,-0.35543635,0.23811466,0.5729431,0.18113096,-0.32111394,0.6275958,-0.43696913,0.030712124,0.26179948,-0.2509114,-0.249489,0.26742977,0.050045803,-0.21161273,0.74416447,-0.26095882,0.3922268,-0.4160259,-0.5571349,-1.1521633,1.0549247,0.12905993,-0.3181603,-0.752963,-0.42552096,-0.0716661,-0.22363567,-0.19945717,-0.9052922,-0.30076507,0.30238882,0.8467308,-0.47324753,0.2700839,0.27333558,0.28080195,0.8639671,0.5551309,-0.40698466,0.30488646,-0.5580162,0.5667555,0.48331416,-0.5290702,-0.047148183,-0.9434207,0.025735868
Q9AIS0,-0.033358186,0.5783856,-0.32934728,0.06449231,0.020163182,0.19047135,-0.061021328,0.32151574,0.44030082,-0.64888173,0.71082366,0.50769866,-0.6705912,-0.017364271,-0.8209519,-0.7731933,0.13328773,0.43478504,0.11236453,0.6376765,0.47680324,-0.17213087,0.8722167,-0.11394987,0.31993687,-0.48395857,-0.45924038,0.45213178,-0.11646849,0.46390843,1.0681977,0.28545973,-0.0225197,0.84021324,-0.74958384,-0.7433785,-0.57069135,1.095931,0.46893296,0.20191883,-0.83837026,-0.037745524,-0.21825427,-0.13507599,-0.1296611,-0.9618913,-0.48668155,0.03062723,-0.27900946,-0.18709913,-0.06265393,0.06887142,-0.045249384,1.7035434,-0.11752096,-0.5672775,0.17690484,0.42899698,0.88972074,1.0275773,0.5735394,0.21133125,-0.022658698,-0.5594842
O75943,-0.49164137,0.3115249,-0.27923673,0.16486372,-0.25206044,0.07414381,0.22596669,-0.24068195,0.18770884,-0.11273912,0.51881653,0.62231296,-0.16060725,0.22222337,-0.13295636,-0.36078197,-0.2983293,0.51577926,-0.3667254,0.7714703,0.15673047,0.15079902,0.28636414,0.009530142,0.13756137,-0.078175604,-0.5013256,0.31048384,0.27713776,0.62255555,0.21930307,0.19166932,0.3584039,0.73644435,-0.07989225,-0.6045313,-0.24399771,0.33736625,0.47685024,0.44015434,-0.65969944,-0.29587683,0.05403748,0.14514366,0.29050657,-0.6400806,-0.29377177,0.36333796,0.0070959916,-0.11240496,0.22797015,-0.4755876,-0.24757704,0.7459776,-0.05492791,-0.13002533,0.66639245,0.18336713,0.30184877,0.54354334,-0.12159394,-0.5283348,-0.008822575,0.044759326
P36006,-0.36340895,0.62981,0.047432385,0.21703653,-0.40799418,0.010290767,0.1425678,-0.6682222,0.24489848,0.1621364,0.5379824,0.4324769,-0.20883343,0.5117913,0.2545704,-0.43983567,-0.30194566,0.15625411,-0.2530711,0.69146204,0.050264984,0.054827683,0.122257926,-0.09236677,-0.023307689,0.18683311,-0.34045017,0.023543011,0.50220156,0.4053861,-0.3832714,0.29472652,0.17779246,0.45529756,-0.105510585,-0.48072362,-0.49938214,0.39198676,0.2901974,0.39309755,-0.6258728,-0.49382332,0.01989793,0.16439411,0.2338814,-0.4667815,-0.31960377,0.54288644,0.4077845,-0.1650508,0.3306351,-0.33661163,-0.13306735,0.25205308,0.3682863,-0.055303805,0.87397605,-0.24105538,0.041523702,0.3753363,-0.555016,-0.58757204,-0.33717057,0.286183
P02293,-0.8262671,0.16622803,0.3072096,0.22317804,-0.28614286,-0.052092794,-0.026935607,-0.73354715,-0.3299243,0.44008246,0.17166242,-0.1772672,0.29371983,0.11098515,1.0958204,0.9655836,-0.04766168,-0.117895596,-0.30125844,0.036186673,-0.523787,0.06709894,-0.36647162,-0.51685405,0.109328866,0.8118001,0.20576565,-0.92781913,0.10785359,0.017721742,-1.0769411,0.29904687,0.19484085,-0.61312443,0.36624572,-0.08084725,-0.20918624,-0.14661412,-0.03716854,-0.065237045,0.50692886,-0.38981092,0.68002474,-0.52476674,0.06063125,-0.031566784,0.26460317,0.25202027,1.207857,-0.04077618,0.14335734,-0.29788002,-0.031015005,-0.61604375,0.29516485,0.39549297,0.14369652,-1.0660522,0.15618628,-0.3687016,-1.0363717,-0.51651865,-0.90370804,0.22169954
P0AF36,-0.24802303,0.6000014,-0.049361177,0.16021852,-0.27602687,0.15069191,-0.09526642,-0.05607769,0.39150175,-0.49318781,0.73773307,0.15210819,-0.41667765,0.23697779,-0.29910684,-0.32344818,0.29514676,-0.16105926,0.1761778,0.46159536,0.15209444,-0.17756519,0.6840219,-0.21022215,0.22379957,-0.09160336,-0.28845912,-0.06063923,-0.027346352,0.17166023,0.29399464,0.46348456,0.025580138,0.40439293,-0.38881066,-0.52846074,-0.7844864,0.84191585,0.2782685,-0.14447075,-0.5409062,-0.113132894,-0.10661542,-0.35511395,-0.054752436,-0.84679466,-0.20591176,0.15764524,0.3527493,-0.38958824,0.017790183,0.14023423,0.26477003,1.085237,0.16347434,-0.49954998,0.113293976,-0.099071845,0.7230373,0.45620817,-0.10639602,0.18079627,-0.6300724,-0.36200073
Q5VVX9,-0.8700813,0.11784539,-0.19825986,0.23643441,-0.18885185,-0.005170596,0.30176008,-0.38012013,-0.23433447,0.26637536,0.26876685,0.41137606,0.28536588,0.14657488,0.5079749,0.35361767,-0.19792871,0.46993342,-0.5264438,0.49960908,-0.25841165,0.23736769,-0.13985042,-0.12506858,0.13258977,0.20090139,-0.31772745,-0.14522198,0.2676253,0.37025446,-0.40897647,0.19845758,0.4519934,0.20764062,0.37215015,-0.4784952,-0.017666861,-0.112853676,0.29910582,0.31677303,-0.1555894,-0.43049678,0.40888247,-0.12545577,0.40181932,-0.28069735,-0.0053798854,0.36619166,0.36292785,-0.011071682,0.2777801,-0.54566664,-0.34142596,-0.059684888,-0.03265169,0.17141852,0.5551481,-0.27748525,0.18414572,0.15841584,-0.6563587,-0.77939284,-0.18681465,0.21746522
E0N8L2,0.037602663,0.9326606,0.15833879,0.10195519,-0.45912895,0.19329521,-0.13170427,-0.43775713,0.6303423,-0.23984525,0.8712577,0.39229396,-0.701087,0.5681236,-0.26521727,-0.8634516,-0.08469338,-0.08404551,0.03636816,0.7701123,0.36637753,-0.16752583,0.52262616,-0.1953572,-0.022628088,0.029922053,-0.31667477,0.29097822,0.42525214,0.33002764,0.17940623,0.43452504,-0.21229523,0.7878466,-0.57649606,-0.5877284,-0.8563582,0.9494617,0.254478,0.16283387,-0.9489011,-0.34269223,-0.28523567,0.15651989,-0.11191879,-0.8072552,-0.43951008,0.3356972,0.28578657,-0.3273822,0.24247915,0.07056758,0.047995497,1.0036616,0.33752605,-0.398451,0.6549596,-0.056234896,0.32043174,0.7111581,-0.14506271,-0.17475694,-0.43033034,0.13620399
P11488,-0.48935336,0.6791604,0.04656192,0.19519283,-0.46687874,-0.063030705,0.20366068,-0.8590476,0.16395216,0.36669314,0.45401216,0.4558317,-0.1250239,0.54286575,0.5061025,-0.34187382,-0.41056544,0.33618733,-0.38872808,0.76219344,-0.048949122,0.09498226,-0.08663255,-0.089037895,-0.05729742,0.32497746,-0.37761694,-0.029873926,0.6191018,0.4873588,-0.6478771,0.2689164,0.18413423,0.41736564,0.06404298,-0.4338029,-0.4031188,0.2814202,0.30519554,0.4888147,-0.6247674,-0.6523861,0.14760727,0.2727084,0.25508228,-0.35421383,-0.3428837,0.64508814,0.5552566,-0.018415324,0.4233044,-0.4763294,-0.29847646,-0.044473127,0.39268437,0.1407066,1.0206918,-0.39576995,-0.10858024,0.408067,-0.7215711,-0.85970724,-0.28725594,0.4574673
O75970,-0.777704,-0.121791296,-0.090509,0.16641739,-0.16159652,-0.18551102,0.37445703,-0.58619356,-0.48164308,0.6006823,0.014987782,0.20679954,0.45049345,0.12830946,0.9216317,0.67850405,-0.31797397,0.41241375,-0.638994,0.26814148,-0.4211216,0.23366922,-0.5332573,-0.11706765,-0.062329266,0.45581874,-0.10480568,-0.33646142,0.3776157,0.18831038,-0.74777883,0.069952406,0.44251326,-0.054176826,0.5616245,-0.21760848,0.18984014,-0.37910774,0.12619555,0.39045233,0.18535449,-0.44109386,0.5153678,-0.036644302,0.42826328,0.15795638,0.136981,0.4120133,0.5089587,0.12392789,0.28470126,-0.58094144,-0.47027886,-0.7721039,0.102051534,0.45141315,0.5585872,-0.5867496,-0.09662654,-0.15862852,-0.81849146,-0.8798668,-0.23410219,0.44979802
P82612,-0.08231224,1.0036243,0.1249942,0.08402458,-0.5344494,0.23525503,-0.17315066,-0.47155932,0.6448581,-0.28459558,0.8677393,0.42634976,-0.6748117,0.5408997,-0.23622826,-0.78920555,-0.036545165,0.054068916,0.023676723,0.85824925,0.33991212,-0.16618982,0.5263786,-0.30537793,0.0064224117,0.09220816,-0.35625815,0.22792949,0.3941976,0.3935034,0.1475921,0.51366764,-0.17738876,0.820918,-0.50277364,-0.6613618,-0.87167144,1.0184559,0.33226955,0.10388847,-1.0012074,-0.39951292,-0.14826798,0.09372565,-0.13141152,-0.90468115,-0.4348078,0.33839828,0.41190743,-0.29953998,0.3044621,0.04878412,-0.05004583,1.0792605,0.29985565,-0.35332835,0.56806487,-0.15150966,0.44653186,0.78699183,-0.16727307,-0.24715027,-0.46508723,0.11237264
P03087,-0.46477714,0.29526109,-0.059973598,0.21797301,-0.23865332,-0.1093074,0.30004054,-0.5659363,-0.011318449,0.31767955,0.32563016,0.44363475,0.007329665,0.34287533,0.3924509,-0.20611672,-0.37384734,0.28842753,-0.42939818,0.5549284,-0.055556297,0.15074247,-0.024535125,0.047619462,-0.026226971,0.1414335,-0.33233666,0.0007173233,0.43350703,0.4054976,-0.4168119,0.13038738,0.35310337,0.3200129,0.04009912,-0.33434594,-0.19213843,0.0723453,0.27019507,0.52526355,-0.3817132,-0.464949,0.075577304,0.16063857,0.3608791,-0.2296197,-0.2189149,0.5573922,0.2830669,-0.029781424,0.27814797,-0.4687,-0.24914873,-0.08020872,0.257144,0.1019912,0.90377235,-0.20098336,-0.051071875,0.21060592,-0.5695452,-0.67334634,-0.14804985,0.29528132
O76071,-0.5952767,0.29830995,-0.009000794,0.16195302,-0.34097937,-0.18342477,0.3034268,-0.77236295,-0.15904145,0.49814966,0.25295168,0.31270733,0.16243443,0.32633558,0.7528696,0.16586277,-0.37840378,0.37947723,-0.5480379,0.4908031,-0.22149901,0.15896398,-0.34873056,-0.10120316,-0.100997835,0.41045913,-0.20371512,-0.16615418,0.5117712,0.3340161,-0.7019423,0.16889997,0.27638477,0.1860529,0.30860552,-0.27224225,-0.089517266,-0.02827379,0.2039288,0.47839892,-0.21657622,-0.55350345,0.33723953,0.14184108,0.31822494,-0.07882204,-0.10836206,0.5358516,0.5543882,0.10304369,0.35054505,-0.5256949,-0.40042153,-0.4662075,0.25934434,0.30099413,0.7978396,-0.5325684,-0.1441927,0.09031277,-0.7819275,-0.88607836,-0.26655,0.4588763
A0A0H3L5C8,-0.20161057,1.0726473,0.22150104,0.15501378,-0.6391659,0.1267873,-0.124457106,-0.8833012,0.5126479,-0.02526442,0.7931886,0.35400665,-0.44681945,0.6713011,0.21148497,-0.6008163,-0.10053576,-0.016115688,-0.022454768,0.7904532,0.121358216,-0.12153942,0.27590612,-0.36399692,-0.0996674,0.39281538,-0.27863365,-0.10500786,0.557543,0.25773665,-0.4571955,0.60871285,-0.13436344,0.4891173,-0.20610827,-0.6218823,-0.96811,0.773033,0.20373507,0.0022789836,-0.8723813,-0.5483805,0.023255564,0.07565853,0.024364445,-0.70103824,-0.38475677,0.50835264,0.76263565,-0.33831042,0.4122378,-0.056796607,-0.0024119057,0.5620766,0.55079556,-0.18073332,0.68046844,-0.5118027,0.2936757,0.5349984,-0.6433242,-0.45514378,-0.7042283,0.3465328
O75330,-0.65421903,0.036858298,-0.32235932,0.22081259,-0.055971537,0.13669412,0.1676287,0.15513554,-0.028452251,-0.24787247,0.43596548,0.40879625,0.027547508,-0.0311049,-0.11093205,0.14374225,0.08843989,0.27975297,-0.22033864,0.4242561,-0.01572407,0.08922219,0.39642853,-0.07229669,0.30836216,-0.15597504,-0.3813907,0.03352041,-0.06417303,0.31658247,0.26545876,0.2732189,0.40051788,0.3594502,-0.029012434,-0.6375993,-0.21027999,0.2099115,0.36489877,0.10322851,-0.27493322,-0.10843724,0.19420066,-0.36079738,0.2482886,-0.6050892,-0.02224543,0.1090946,0.022841193,-0.20658572,0.041684687,-0.21435833,-0.0363164,0.7493094,-0.17066896,-0.25297034,0.19648963,0.112552464,0.6128661,0.28573254,-0.14566594,-0.19224577,-0.20263824,-0.30467248
Q57872,0.1204671,0.71072465,-0.0623966,0.09010998,-0.17742872,0.1789276,-0.07319647,-0.017993672,0.60606325,-0.47733745,0.8014308,0.3965359,-0.763105,0.31382242,-0.6211661,-0.9358172,-0.017005973,0.05603414,0.07691908,0.65766895,0.48808807,-0.17935508,0.7626184,-0.061660998,0.12898421,-0.32137245,-0.34970796,0.5033257,0.19849873,0.4242147,0.72927076,0.3064704,-0.14455536,0.86800843,-0.78006667,-0.5833658,-0.72155184,1.0374314,0.34594747,0.24319357,-0.8805653,-0.111613736,-0.38652718,0.08731087,-0.09954776,-0.89997804,-0.47798756,0.16720614,-0.13083674,-0.2687291,0.058299273,0.13115877,0.06621829,1.37537,0.13159256,-0.55229616,0.45838583,0.3000341,0.4865954,0.8286563,0.3193167,0.096605614,-0.16749576,-0.22066271
P05031,-0.15623829,0.6543454,0.035622474,0.18046941,-0.38803253,0.047925536,0.09739371,-0.56513476,0.36454046,0.026425473,0.6271406,0.46398178,-0.36657703,0.5007003,0.033166725,-0.65145046,-0.3380943,0.13069355,-0.18897122,0.7245665,0.20729657,0.033056185,0.22797844,-0.08278664,-0.036541674,0.08629173,-0.3130005,0.22793014,0.484433,0.4297314,-0.09358525,0.25786665,0.082537875,0.6321422,-0.26708016,-0.47186613,-0.5418472,0.5297508,0.29781374,0.42469805,-0.7394306,-0.3763601,-0.12668905,0.26084307,0.16572589,-0.53938377,-0.36674207,0.47575977,0.23842634,-0.19298181,0.27050617,-0.2717157,-0.110779814,0.5126352,0.31619346,-0.17242742,0.8547288,-0.054767177,0.0743477,0.5075802,-0.32085305,-0.4455783,-0.25083858,0.26309365
Q05516,-0.87622476,-0.23429507,-0.35406083,0.18727483,-0.016586151,-0.008303081,0.46971136,-0.19250701,-0.39733204,0.41839787,0.0765523,0.55250776,0.40067562,-0.00943438,0.46571198,0.3870796,-0.41830456,0.72243524,-0.73977333,0.5496251,-0.24447633,0.37064624,-0.297727,0.0080682635,0.10985723,0.045748144,-0.42299342,0.15078071,0.22361208,0.44713318,-0.2059773,-0.052989546,0.57448936,0.3683147,0.49543515,-0.3973152,0.3698293,-0.40387702,0.37692562,0.5677701,-0.15682094,-0.36463863,0.37966982,0.087567754,0.48546323,-0.04723765,0.0314605,0.33164257,0.015132326,0.17103182,0.22613719,-0.7536555,-0.57874215,-0.19297762,-0.31520373,0.32403526,0.6373124,-0.0069685876,0.04000701,0.23851979,-0.46303344,-0.90265346,0.23708776,0.32281604
P10768,-0.3342487,0.7296049,0.01568915,0.16089188,-0.46900687,0.053131867,0.11386144,-0.6576749,0.35748184,0.10700301,0.5712003,0.5506239,-0.29702854,0.51978207,0.13695347,-0.6130502,-0.42336708,0.3551623,-0.30711943,0.8496009,0.14668858,0.07819809,0.12521811,-0.13020685,-0.006424848,0.16625094,-0.3940361,0.19031857,0.5592549,0.5634347,-0.22055045,0.28268513,0.13363494,0.6972564,-0.09618845,-0.52780676,-0.46127233,0.4975297,0.41013983,0.48546532,-0.80438095,-0.5176588,0.006646782,0.32681513,0.18869267,-0.5806527,-0.40482005,0.5510798,0.33945328,-0.111537404,0.36680076,-0.42334378,-0.24310878,0.44069552,0.27107254,-0.05077038,0.9297145,-0.14827304,0.04804028,0.59750634,-0.42486113,-0.7153543,-0.20241368,0.35096514
P0AFX7,-0.006023474,0.37754786,-0.24583308,0.060360223,-0.22103857,0.020921431,0.18580616,-0.27002648,0.36475003,-0.15660155,0.5713862,0.5995332,-0.41032156,0.2622464,-0.30364308,-0.7701953,-0.41019952,0.46451727,-0.28303772,0.73221576,0.41903424,0.1324303,0.2663926,0.04109639,0.03059825,-0.18319389,-0.41212744,0.59677005,0.3179715,0.62831694,0.49507967,0.08034206,0.10334046,0.8806555,-0.3016997,-0.43223345,-0.27241385,0.5268378,0.4380593,0.6074638,-0.8485823,-0.15463291,-0.15663204,0.43415335,0.24787292,-0.56082654,-0.34274712,0.30643174,-0.25856534,-0.046290107,0.14600566,-0.3284133,-0.33215842,0.8630162,0.046486367,-0.22770259,0.73500514,0.42067522,0.12657243,0.7079263,0.18708299,-0.36752066,0.20090231,0.09599076
P13458,0.047923476,0.34716558,-0.24673562,0.092133835,-0.19541208,-0.016953714,0.27949172,-0.37918845,0.3389388,0.015645802,0.52667004,0.6428062,-0.3871558,0.34119424,-0.1983242,-0.8429639,-0.5713845,0.44022146,-0.36536554,0.6690956,0.41491103,0.18152119,0.15748972,0.11778423,-0.016981665,-0.18680209,-0.42522097,0.60222757,0.42520228,0.6544629,0.31342158,-0.0097216265,0.1525707,0.86037296,-0.27410918,-0.37060428,-0.20213997,0.3788846,0.3546626,0.7483604,-0.7995374,-0.22367792,-0.23783928,0.6057998,0.29274023,-0.4192868,-0.38334748,0.41023424,-0.2864537,-0.017787062,0.18294406,-0.4142706,-0.3459672,0.5828135,0.1375456,-0.14749861,0.9819984,0.41812724,-0.086615406,0.6516196,0.071234435,-0.48140624,0.2838295,0.27929613
Q9NP31,-0.86100817,-0.61470455,-0.48382264,0.16387133,0.1898963,0.035307866,0.598567,0.046534646,-0.52591294,0.48432305,-0.10539536,0.58073103,0.5371285,-0.24042797,0.4501315,0.5788731,-0.5726619,0.8575039,-0.8640699,0.47751415,-0.20812075,0.47414654,-0.4812038,0.0073943585,0.1055453,-0.09943969,-0.4226327,0.40017167,0.093038335,0.42828482,-0.011060294,-0.2723387,0.62942195,0.43813893,0.6053734,-0.3387272,0.6974192,-0.67678356,0.37899047,0.6809038,-0.038543597,-0.18148465,0.45661297,0.19915342,0.5249657,0.21277077,0.19143778,0.1578434,-0.30826733,0.28529334,0.12775758,-0.84317523,-0.75363874,-0.2963059,-0.5900806,0.41824958,0.5266903,0.22734442,-0.06486023,0.26585925,-0.25428587,-0.9102613,0.56428176,0.36910287
O60565,-0.7329048,-1.1044519,-0.4077707,0.17684135,0.42580888,-0.039668165,0.54352355,0.35867402,-0.8667246,0.50775,-0.4707036,0.12847799,0.83893603,-0.6048115,0.71271664,1.2209582,-0.3674885,0.50218976,-0.67290443,-0.19511439,-0.4839651,0.42532474,-0.652571,-0.12695622,0.104399815,-0.09237608,0.03588725,0.009876408,-0.24059571,-0.028603688,-0.16141178,-0.44294396,0.70871294,-0.2577354,0.73108727,-0.03705598,0.8259777,-1.0333433,0.15236494,0.3899489,0.7186248,0.21175177,0.62371206,-0.14624369,0.55027914,0.60269594,0.5375884,-0.08271875,-0.3315935,0.23473544,-0.18968561,-0.5922439,-0.4925255,-0.72928417,-0.54688054,0.4008359,-0.09097463,0.083332896,-0.08799619,-0.2708856,-0.20008971,-0.38208356,0.36233118,0.03194306
P19835,-0.28654402,0.2803159,-0.11966859,0.1460401,-0.24467804,-0.114700675,0.3346479,-0.60118765,0.01548804,0.3635892,0.33017468,0.5020275,-0.05728227,0.2914677,0.3608301,-0.32548112,-0.6031274,0.43520966,-0.5124793,0.61527014,0.04845099,0.1967118,-0.17849898,0.06109798,-0.09891373,0.1059459,-0.3106739,0.29882362,0.47899082,0.49795973,-0.27824196,-0.008607139,0.25218582,0.52704036,0.057405643,-0.24096419,-0.046807732,0.03795795,0.29248413,0.75073344,-0.53093964,-0.3970448,0.010785595,0.4572102,0.29455367,-0.12289017,-0.24323234,0.5228105,0.106088094,0.11855587,0.25535327,-0.5561253,-0.42881835,-0.101005405,0.15013169,0.13926578,1.0080657,-0.03816393,-0.25045383,0.34669793,-0.42490923,-0.7474097,0.12212938,0.46800494
P25858,-0.2179829,1.1358577,0.19214629,0.12166309,-0.67592496,0.1966801,-0.18349698,-0.81674856,0.5707139,-0.098204724,0.82944345,0.42318732,-0.5117647,0.64830667,0.10681394,-0.64616245,-0.08566069,0.10430708,-0.0386765,0.8772353,0.17947863,-0.13221936,0.32081372,-0.4062269,-0.07174243,0.3551771,-0.33742505,-0.011798654,0.54817003,0.33750707,-0.33958057,0.63351756,-0.16980147,0.63114023,-0.25089067,-0.69820726,-0.9715931,0.87759197,0.27429143,0.008429289,-0.9977044,-0.5691129,0.040724732,0.113649,-0.03899097,-0.8098855,-0.41113654,0.47279304,0.7389599,-0.3068527,0.44288477,-0.055680644,-0.08482212,0.74950105,0.47804004,-0.2025423,0.64457566,-0.45990843,0.36229712,0.6725394,-0.53290325,-0.48630032,-0.6293948,0.3187408
P0C7R1,-0.24149933,0.3712142,-0.38305727,0.108945444,-0.11685304,0.17939387,0.026389942,0.18863685,0.32045048,-0.53788185,0.65229434,0.56645644,-0.47089893,0.049982272,-0.57571447,-0.5144569,-0.009155661,0.48908252,-0.080028385,0.6871347,0.34071887,-0.03809343,0.6654793,-0.046146408,0.28529477,-0.32227358,-0.4688425,0.38169816,0.025364788,0.5380721,0.79621685,0.31384507,0.22782952,0.82436556,-0.49679014,-0.7746281,-0.45085448,0.76051575,0.5135654,0.21404484,-0.7156323,-0.050928507,-0.082217924,-0.10018559,0.09687224,-0.87375605,-0.35413045,0.12948631,-0.19072692,-0.21206361,0.070433944,-0.11514887,-0.09434724,1.4418424,-0.13133429,-0.4430724,0.27906752,0.37237108,0.75578004,0.77430105,0.35617566,0.0011996459,-0.056838702,-0.41066116
P08487,-0.46361944,0.101293035,-0.25637212,0.15033059,-0.16955386,-0.11807579,0.4336568,-0.488145,-0.103267685,0.40544698,0.24820857,0.61852026,0.054813974,0.21322995,0.35527706,-0.22549437,-0.63626915,0.6266434,-0.6212629,0.6461016,0.00074104965,0.28401375,-0.19195774,0.15008047,-0.030262802,0.028727025,-0.43233025,0.31542933,0.42660767,0.59764344,-0.22205186,-0.07631459,0.41759732,0.5759599,0.19516465,-0.25737262,0.12687369,-0.115415156,0.35354546,0.82700425,-0.51182103,-0.44453177,0.039148763,0.46255836,0.36818185,-0.10851486,-0.24209657,0.5380301,0.010988946,0.17603697,0.26212963,-0.7070849,-0.52119684,-0.1346221,-0.0065541985,0.21563482,1.0483733,0.05713451,-0.21325892,0.36014342,-0.42370713,-0.85409504,0.27575144,0.47067744
O35381,-0.82076395,-0.42696354,0.123227894,0.08259399,-0.17979045,-0.19197656,0.2828534,-0.5834482,-0.6645104,0.78308314,-0.2694865,-0.08180414,0.54044825,-0.029768266,1.2312453,1.288406,-0.21328178,0.17182326,-0.57736087,-0.00068819895,-0.5653226,0.22549832,-0.8623491,-0.39524627,-0.021520283,0.76592934,0.16584049,-0.6412517,0.24198669,-0.113074765,-1.0482423,-0.0062173763,0.39852238,-0.55654985,0.751179,0.01977197,0.28253645,-0.7123347,-0.080729134,0.16783571,0.66151565,-0.29236647,0.87310445,-0.16053432,0.34604812,0.5198257,0.5391512,0.18898174,0.7569375,0.11968337,0.1685574,-0.543468,-0.4551649,-1.2284703,0.11274673,0.6912198,0.14363006,-0.7810302,-0.22290158,-0.44557554,-0.895716,-0.73718905,-0.41751882,0.5139883
A0A2P1GIW3,0.03043206,0.29390344,-0.22250654,0.11417022,-0.13745089,0.0072802277,0.18675357,-0.16286959,0.29888102,-0.18655404,0.5734575,0.5167837,-0.41413805,0.24421433,-0.36730796,-0.69279766,-0.32594323,0.2691656,-0.20047086,0.6082127,0.37599862,0.07017522,0.35360706,0.09653765,0.020832296,-0.26025534,-0.34689003,0.57564795,0.28133422,0.4818642,0.5281256,0.07755158,0.10846931,0.77215254,-0.41186622,-0.41920525,-0.328822,0.48474833,0.34269893,0.5439961,-0.73194903,-0.06931193,-0.26238278,0.3296368,0.1989223,-0.5148961,-0.31370988,0.2682552,-0.3042318,-0.115980096,0.058769256,-0.23553273,-0.16455132,0.8454402,0.039285216,-0.30681264,0.67503023,0.426854,0.15475127,0.5766873,0.18714541,-0.18733159,0.1265645,0.025300702
Q8DXT0,0.03321123,0.9511291,0.1159973,0.069525436,-0.42200753,0.2394085,-0.16105285,-0.31880656,0.6884143,-0.34219748,0.88486403,0.4159092,-0.766509,0.49557325,-0.3840855,-0.91143715,-0.031046622,-0.0038896874,0.056830406,0.80538535,0.43874824,-0.18757656,0.6218835,-0.22456425,0.030242648,-0.035672717,-0.34343022,0.3560505,0.3558625,0.40161595,0.3513516,0.4437451,-0.23376325,0.8847947,-0.64155906,-0.6239839,-0.8422449,1.0660706,0.30825764,0.1623709,-1.0048708,-0.31989276,-0.26895386,0.1260411,-0.1665704,-0.909506,-0.46211532,0.27092245,0.21568139,-0.29707193,0.2229034,0.12282163,-0.00653876,1.1969972,0.2599509,-0.43578497,0.56143785,0.009389192,0.42310697,0.83617467,0.006408602,-0.14304814,-0.36405748,0.028809367
P60953,-0.60548866,0.6095522,0.051580146,0.10097205,-0.5410215,-0.24836579,0.27570984,-1.0929942,-0.01844224,0.6290683,0.3138575,0.34898603,-0.0019630045,0.5187529,0.89866555,-0.0019758493,-0.43959987,0.5205287,-0.5515199,0.7091491,-0.22087543,0.10179623,-0.38537383,-0.13654616,-0.16206788,0.57209134,-0.33493435,-0.17925878,0.7375488,0.4819885,-0.9674393,0.26697904,0.10651665,0.23893459,0.27152127,-0.3171556,-0.26818603,0.13346833,0.24434093,0.5022993,-0.41901642,-0.79772073,0.40019614,0.31449068,0.2617895,-0.15591535,-0.2688316,0.67081594,0.80894125,0.21715343,0.5105376,-0.5470098,-0.4835323,-0.5346445,0.44569525,0.42487973,1.0240258,-0.6959605,-0.25067976,0.32862973,-0.8640957,-1.1117613,-0.33900717,0.61353266
P06789,-0.19025353,0.012694657,-0.33662555,0.16354221,0.0025994517,-0.047743328,0.3505234,-0.07062759,0.084592596,0.015674174,0.3893199,0.605011,-0.19567728,0.14351085,-0.23398265,-0.48004025,-0.36753324,0.38861272,-0.37878364,0.5339589,0.28332913,0.18893574,0.2474465,0.24693978,0.0863305,-0.30954045,-0.46509737,0.48857018,0.23548749,0.5298236,0.36470613,-0.039706472,0.34836236,0.6463256,-0.26251042,-0.38872114,-0.08207388,0.14894234,0.33123007,0.6696847,-0.5951379,-0.114527,-0.19882548,0.31913337,0.3490527,-0.31386817,-0.23351374,0.33992586,-0.38048598,-0.061600275,0.06434369,-0.418836,-0.25704277,0.5433793,-0.040345397,-0.15917003,0.8085635,0.47899175,0.07980633,0.43431553,0.063226715,-0.34228596,0.28703648,0.052609824
P54575,0.10558033,0.6888583,-0.063660294,0.06864961,-0.28370145,0.14223935,0.010344103,-0.22825393,0.60054,-0.3108909,0.7646569,0.50889355,-0.6955952,0.40809014,-0.4774839,-0.9793361,-0.24159142,0.18226919,-0.06907401,0.7452342,0.49853462,-0.060536988,0.53549176,-0.057564266,0.01751038,-0.18823937,-0.34949958,0.5526432,0.3955174,0.5382421,0.5488199,0.2650349,-0.09210021,0.9542035,-0.6067581,-0.5865264,-0.61596274,0.89162564,0.350024,0.38232008,-0.9250957,-0.18339075,-0.3092042,0.2984991,0.025708381,-0.8112237,-0.47424623,0.27875635,-0.13765852,-0.23069204,0.15254584,-0.024770211,-0.0869202,1.1483378,0.1938674,-0.4251719,0.66609013,0.30178672,0.26507157,0.8179604,0.21787365,-0.17616275,-0.07702674,0.025865512
Q5FL51,0.08653641,1.0515741,0.18625854,0.06199812,-0.38368472,0.2672523,-0.2574919,-0.24658476,0.7469488,-0.43443367,0.92617404,0.3052554,-0.8696283,0.47155532,-0.48828122,-0.9271187,0.14965346,-0.17498505,0.1784938,0.70533156,0.4669487,-0.3174893,0.7778766,-0.2522773,0.09298067,-0.07952592,-0.33454764,0.29433724,0.24725148,0.268079,0.40104297,0.5096951,-0.38251358,0.8070026,-0.7878827,-0.5897123,-0.94349074,1.2153777,0.25303254,0.05386384,-1.009132,-0.31958535,-0.32669973,0.015552469,-0.32507113,-0.9527895,-0.45883247,0.16772391,0.27419952,-0.32476467,0.16729993,0.28704742,0.10376267,1.3005397,0.29387826,-0.5100046,0.43717933,-0.058854654,0.5026793,0.8420793,0.021299943,0.014576299,-0.4551475,-0.102220014
A0A0F2E7M6,0.01069285,1.1050149,0.20125283,0.06548958,-0.48925725,0.27470362,-0.26152825,-0.4027988,0.71769863,-0.3649274,0.9332809,0.34105724,-0.80592483,0.5364101,-0.35305366,-0.8534946,0.11571609,-0.12196519,0.13327181,0.7726353,0.40546793,-0.28568068,0.670784,-0.31357846,0.038097393,0.04938321,-0.34753293,0.21652171,0.32290423,0.27416337,0.22392043,0.56659365,-0.34635872,0.79128486,-0.6643762,-0.63257456,-0.9735903,1.1595948,0.25363708,0.015589178,-1.0363683,-0.39528576,-0.23572144,0.029654525,-0.28765813,-0.9410935,-0.4400743,0.23630568,0.42034063,-0.3282799,0.24999782,0.2276468,0.04541846,1.1998892,0.33291182,-0.43620372,0.4715392,-0.17918538,0.49599734,0.81132036,-0.13224779,-0.11047548,-0.5251545,0.01870594
O97364,0.056913108,0.40328333,-0.3295938,0.09113201,0.16230123,0.21894868,-0.064543515,0.54233223,0.39621052,-0.6602309,0.62707424,0.4672866,-0.6593686,-0.116140164,-0.9693172,-0.73989254,0.20082036,0.20901585,0.1636717,0.4307007,0.46478802,-0.20397118,0.9267768,-0.011577569,0.34119928,-0.64609504,-0.43340927,0.43374175,-0.22607361,0.29952902,1.1249709,0.23290665,-0.0006517023,0.7017539,-0.79653573,-0.6589223,-0.5562494,0.9899374,0.4478845,0.11468725,-0.7166468,0.13218147,-0.3948567,-0.22243157,-0.185916,-0.88088924,-0.43872365,-0.06281269,-0.44364268,-0.27015144,-0.18115965,0.17838249,0.14075315,1.698585,-0.1864341,-0.6710498,0.09099938,0.53145784,0.8875474,0.9024457,0.6211928,0.4371499,-0.041644853,-0.6944049
O66198,-0.18613224,1.1098394,0.23429681,0.15276365,-0.6180913,0.18209675,-0.20255986,-0.75101376,0.58837205,-0.22250596,0.8639692,0.2383285,-0.50679827,0.6170806,0.0738362,-0.574447,0.11173669,-0.19361886,0.121334076,0.6852587,0.15253098,-0.22036634,0.47579062,-0.42819798,-0.030347172,0.33288088,-0.2659148,-0.19844076,0.39737526,0.14163166,-0.332325,0.707458,-0.1843813,0.4403083,-0.30909714,-0.61093956,-1.0900649,0.9283989,0.1624547,-0.20863625,-0.803649,-0.48992655,-0.00870014,-0.11059492,-0.08678,-0.8322829,-0.3291084,0.40021065,0.8330472,-0.42701685,0.35305932,0.120563835,0.15131432,0.7441829,0.55751956,-0.308132,0.46337384,-0.5558493,0.47465163,0.50799143,-0.59441864,-0.23972315,-0.85844946,0.17579556
Q9P2N6,-0.3448323,-0.01982537,-0.36280924,0.13837372,-0.055335473,-0.12025182,0.48658866,-0.3565916,-0.06905398,0.33016232,0.22557695,0.67861724,-0.0008227229,0.1396994,0.16287518,-0.35744214,-0.66414547,0.66146755,-0.62228227,0.6113814,0.12582956,0.31946114,-0.10665799,0.23866805,-0.007296879,-0.13737081,-0.47194707,0.4611796,0.34433195,0.66523105,-0.017719675,-0.15559143,0.44373018,0.6367779,0.088647,-0.22727272,0.17130804,-0.13350934,0.35761473,0.91000736,-0.5516628,-0.33006147,-0.05436296,0.53656816,0.41443536,-0.08981569,-0.24492794,0.49875435,-0.22546513,0.16852267,0.20002687,-0.6921207,-0.55399626,-0.023533106,-0.053026076,0.1572353,1.0723195,0.31012678,-0.21932787,0.42645335,-0.23147076,-0.7614079,0.46289128,0.41884184
P41007,0.00037615,0.93612695,0.26165038,0.11476237,-0.3962147,0.12028682,-0.28728163,-0.34882265,0.61085355,-0.4631317,0.8084068,-0.094136804,-0.5920935,0.44118902,-0.2638689,-0.52480906,0.4234168,-0.64787054,0.38535547,0.2798987,0.16966331,-0.42069864,0.7870033,-0.2856003,0.10592097,0.07137932,-0.15004882,-0.2792493,0.091100216,-0.11034234,-0.010012362,0.6157774,-0.2990462,0.18734935,-0.5609547,-0.3573082,-1.1192029,1.0643831,0.07244956,-0.3646006,-0.53708065,-0.1918214,-0.25223452,-0.3206713,-0.26892385,-0.87282866,-0.254748,0.16596106,0.6822404,-0.51850504,0.034147978,0.4111973,0.5357345,0.9004341,0.52913874,-0.5577777,0.117398486,-0.41512644,0.5633714,0.30857676,-0.31905186,0.33521086,-0.9767477,-0.24728778
P06983,-0.084890485,0.7512648,0.007994368,0.11465468,-0.4431509,0.12212218,0.038894184,-0.5457002,0.48864976,-0.06376176,0.7040317,0.54760766,-0.50261855,0.51642615,-0.1076446,-0.80155337,-0.38430116,0.23839107,-0.19431068,0.851491,0.31825835,0.031099806,0.27152056,-0.12489742,-0.03436387,0.05769199,-0.36175555,0.38236713,0.5095874,0.5444713,0.07439695,0.26556483,0.00041712075,0.8432706,-0.31466797,-0.5515429,-0.56436765,0.67341316,0.37229553,0.43696928,-0.9125267,-0.35845333,-0.16142154,0.36602643,0.11057845,-0.6511305,-0.44292495,0.43934628,0.15972202,-0.18331957,0.29851404,-0.2542798,-0.17983356,0.76223654,0.26380888,-0.21372285,0.86030483,0.04711677,0.11341475,0.71207434,-0.16459297,-0.47168788,-0.17006093,0.29883033
P11880,0.113962725,0.5844497,-0.07815078,0.07712816,-0.30973592,0.044435706,0.14423546,-0.46541813,0.46739987,0.0027710423,0.62547904,0.5720837,-0.5081359,0.46159944,-0.1780268,-0.93315524,-0.5212432,0.28816417,-0.2551794,0.72195685,0.41869956,0.089037806,0.20763871,-0.004884936,-0.06040595,-0.091912344,-0.34197092,0.5467277,0.5084561,0.5753918,0.2251666,0.107337356,-0.0070180222,0.883883,-0.36452895,-0.42170215,-0.38563597,0.56859744,0.3302967,0.63020575,-0.87633294,-0.27346036,-0.26276192,0.5669924,0.17635003,-0.50805175,-0.4290727,0.41851667,-0.12069874,-0.088519946,0.21611452,-0.2753319,-0.24790585,0.64653045,0.24035253,-0.21086875,0.96162605,0.2665102,-0.07067583,0.69965506,-1.0021031e-05,-0.45584843,0.085306466,0.3322843
O75821,-0.89072204,-0.016010337,0.018100321,0.11618875,-0.26605323,-0.2219749,0.32815298,-0.7824409,-0.47691277,0.6838289,-0.019898057,0.12619455,0.39167956,0.19461653,1.1576866,0.8258567,-0.22222182,0.4675825,-0.6284343,0.31177902,-0.486404,0.23225129,-0.60904014,-0.25510454,-0.024513375,0.67450786,-0.041717753,-0.54909825,0.46402523,0.20145595,-0.98078966,0.17532015,0.38137087,-0.19176759,0.62247556,-0.21724898,0.1143371,-0.363162,0.063455135,0.27792597,0.3050489,-0.573061,0.73534477,-0.095621586,0.43287575,0.17834304,0.18971194,0.40311727,0.7770232,0.17305169,0.39916196,-0.5828347,-0.5242527,-0.9089856,0.2416916,0.59871113,0.52968454,-0.8343389,-0.13338459,-0.14056867,-0.9272305,-1.0293443,-0.41102174,0.5383907
Q9NUX5,-0.61353254,-0.13347295,-0.34385955,0.20874386,-0.04081248,0.0066539412,0.38154194,-0.0974064,-0.19934326,0.11449134,0.28859007,0.530035,0.16019517,0.005758472,0.12271024,0.1329866,-0.29619133,0.46309417,-0.50732994,0.5070835,-0.04574302,0.23792326,0.016690927,0.061531782,0.10807042,-0.07781237,-0.39512175,0.26084235,0.16580671,0.4130146,0.07923964,0.0077108843,0.47226194,0.4522315,0.1894184,-0.44050413,0.077758744,-0.12122448,0.33742297,0.51187843,-0.31648594,-0.20337257,0.13203172,0.061300345,0.36033878,-0.25537223,-0.055659182,0.26932076,-0.10086286,-0.009575158,0.1280703,-0.54780173,-0.30869162,0.23537044,-0.21367678,0.011664031,0.58265173,0.14855275,0.19136252,0.22901635,-0.26455584,-0.51823884,0.11928274,0.12561855
P16885,-0.4166091,0.2787298,-0.15919152,0.20078236,-0.2302411,-0.049225103,0.30415973,-0.4457628,0.05176412,0.19069904,0.40553075,0.55527854,-0.07882068,0.30750957,0.17017493,-0.3326053,-0.43177375,0.3913758,-0.427885,0.65266114,0.06018457,0.17610474,0.05384756,0.0724968,0.01709785,0.019773975,-0.4069478,0.229252,0.40825552,0.5146669,-0.123104334,0.09089887,0.3511528,0.5464403,0.004128754,-0.39807463,-0.17325896,0.1380128,0.3455385,0.6090207,-0.5502105,-0.40061936,-0.00900352,0.2679088,0.32030612,-0.3483597,-0.27241164,0.4934115,0.09017696,-0.031541646,0.24199548,-0.5285613,-0.2777309,0.20673984,0.09962459,0.007853182,0.8946189,0.023554148,0.009067163,0.3537676,-0.3882969,-0.63615656,0.0054640323,0.27616078
Q969T4,-0.88104,0.24738339,0.017396778,0.086370416,-0.38431937,-0.23820117,0.32194707,-0.9373762,-0.32140785,0.698407,0.11102909,0.215136,0.25896752,0.34177288,1.1273174,0.5482095,-0.28665197,0.6053793,-0.6526256,0.53982025,-0.42278612,0.20940676,-0.55837655,-0.21759401,-0.06111254,0.6601789,-0.19647415,-0.3995753,0.61742324,0.3537202,-1.010749,0.21262611,0.26044947,-0.00082308426,0.53063357,-0.2796389,0.006040007,-0.16508237,0.16592807,0.37481445,0.005944944,-0.7383461,0.67676467,0.07884402,0.40329292,0.03276263,0.016606726,0.5144574,0.8259313,0.2496761,0.50907457,-0.63405365,-0.58698964,-0.7684033,0.27745846,0.5924752,0.73716736,-0.80780923,-0.18693686,0.10806857,-0.9040837,-1.1553543,-0.34684116,0.59542066
O75971,-0.8353112,-0.6490245,-0.36969572,0.276953,0.32490423,0.11454502,0.323342,0.49230072,-0.5057484,-0.010196231,-0.037280753,0.12596941,0.50147593,-0.41117275,0.2186626,0.9136241,0.15777123,0.13871133,-0.32987243,-0.095984414,-0.2948345,0.17218043,0.0771917,-0.14346634,0.39361057,-0.17269102,-0.18956634,-0.19595209,-0.3447261,0.0011834204,0.091787755,0.001917138,0.5884971,-0.21461053,0.305662,-0.34422767,0.22039849,-0.4201093,0.1938798,0.015410572,0.46947315,0.11683147,0.41561937,-0.5804442,0.3832593,-0.08454171,0.39527172,-0.13496535,-0.11811975,-0.112630025,-0.13249111,-0.23966405,-0.053684074,0.07251805,-0.37271038,-0.015995841,-0.1924135,0.071838826,0.49444878,-0.12194918,-0.17244574,-0.054216474,-0.08154857,-0.39331153
P54066,-0.38099325,0.8849776,0.26345977,0.21577461,-0.4453555,0.17348547,-0.25613463,-0.44689685,0.4382206,-0.39534792,0.7145317,-0.13159743,-0.30549306,0.35104993,0.1202248,-0.13180181,0.48825032,-0.45624992,0.35548437,0.3099641,-0.04528193,-0.28759792,0.61444145,-0.5365108,0.20339647,0.25792986,-0.039149582,-0.60069937,0.041516807,-0.067422286,-0.31233847,0.7665307,-0.119960375,-0.0022484697,-0.21471363,-0.43570933,-1.0338836,0.8931324,0.121388875,-0.5133407,-0.2816233,-0.28645176,0.15762216,-0.5903659,-0.1075034,-0.8742029,-0.07358947,0.16339532,0.9501044,-0.5092794,0.1269156,0.3108036,0.4332275,0.7171741,0.49574798,-0.42031622,-0.021738514,-0.67648447,0.66239995,0.19348162,-0.6141692,0.12737179,-1.1399562,-0.2351444
Q9BRJ7,-0.085380375,-0.13608882,-0.34099397,0.13839006,0.026295174,-0.13503662,0.4473643,-0.18154702,-0.046107907,0.16642553,0.30482823,0.5340736,-0.061660245,0.100950204,-0.026300382,-0.3589902,-0.5446873,0.32839066,-0.47046965,0.4254543,0.20284851,0.22716054,0.04543232,0.2699261,-0.072806686,-0.24122766,-0.34483558,0.5501706,0.28476644,0.43615705,0.21877353,-0.18567766,0.33701947,0.5679334,-0.10228151,-0.17526726,0.061291665,-0.07339309,0.23830765,0.79901993,-0.48673475,-0.0539002,-0.26175186,0.4706822,0.36438897,-0.06481752,-0.1883451,0.3701346,-0.40979487,0.04807003,0.03907928,-0.4782224,-0.3102575,0.15821628,-0.051295605,-0.05077939,0.8797321,0.42151922,-0.1242869,0.28680867,-0.034256555,-0.36058757,0.36637765,0.2530765
Q6GB54,-0.0047151,0.9095383,0.14203928,0.112871915,-0.48882923,0.17389789,-0.090279624,-0.52738225,0.5864201,-0.15521073,0.8260393,0.44412214,-0.6315885,0.5899127,-0.17117923,-0.8409237,-0.18483491,0.0026477873,-0.031008251,0.81178427,0.32943273,-0.10863212,0.41736358,-0.19596766,-0.05532686,0.08538319,-0.31992352,0.2861616,0.49177763,0.37836173,0.073979065,0.40839636,-0.14951402,0.7924723,-0.47469142,-0.59473884,-0.8004553,0.8577,0.27791733,0.22764643,-0.94402546,-0.37926096,-0.23406646,0.22230011,-0.038383137,-0.75198185,-0.44525656,0.39641774,0.3011397,-0.30068046,0.285876,-0.030489732,-0.017518561,0.8872462,0.34851307,-0.32644126,0.73669595,-0.07688442,0.24902517,0.6948891,-0.21176074,-0.29451004,-0.39522085,0.23186505
P02942,-0.16385618,0.67740095,0.0013942076,0.13152795,-0.4278862,0.02001794,0.15417641,-0.72612137,0.32704678,0.21917832,0.5584722,0.56010866,-0.33263433,0.51157033,0.19973114,-0.6806342,-0.5466301,0.35734323,-0.34171,0.8167592,0.19694293,0.11183374,0.005264947,-0.06718875,-0.06582482,0.1547662,-0.36928827,0.31209233,0.5697353,0.5656862,-0.2451474,0.15519658,0.07196678,0.71504706,-0.10921953,-0.41468847,-0.37293112,0.4034905,0.3457899,0.63188565,-0.832268,-0.4797772,-0.07128272,0.50637233,0.19672652,-0.39076436,-0.40893915,0.54637516,0.23508646,-0.03229567,0.34863022,-0.44098797,-0.3276153,0.29963362,0.2975311,-0.0019019581,1.0680151,-0.05526512,-0.13561854,0.61571753,-0.39023316,-0.71522087,-0.05103847,0.48649138
P32835,-0.6787703,0.4924464,0.07769083,0.13229032,-0.4471747,-0.23056439,0.2482421,-1.0371447,-0.0847088,0.5682188,0.25335574,0.25048193,0.0822414,0.4356691,0.96280277,0.18612096,-0.30763575,0.4079529,-0.508615,0.5362916,-0.27124345,0.11775206,-0.3414202,-0.19808203,-0.09440155,0.6095035,-0.19247799,-0.39646298,0.6164185,0.3861558,-1.0109073,0.2976221,0.18556309,0.04380397,0.29399177,-0.28950828,-0.2624439,0.056598425,0.14971268,0.34306604,-0.14376324,-0.7264015,0.50576055,0.09950004,0.32891682,-0.1035181,-0.14412394,0.5979163,0.86741906,0.14211044,0.479493,-0.4798122,-0.40006557,-0.58043015,0.48424444,0.42608586,0.84684545,-0.7980146,-0.17308995,0.15317947,-0.9052624,-1.0364245,-0.47371033,0.5340591
P18239,-0.45865944,0.7250241,0.16179873,0.17711784,-0.46628347,-0.16740143,0.12480828,-1.1184015,0.14560252,0.39161906,0.4026742,0.20227689,-0.080550954,0.50515705,0.78722805,-0.10135402,-0.28857344,0.14706396,-0.3141029,0.49141318,-0.13316071,0.026210846,-0.13969557,-0.2527958,-0.12300897,0.6248343,-0.10570535,-0.4377552,0.6064417,0.32498878,-0.98674154,0.4042119,0.07775698,0.03772476,0.096078806,-0.32214472,-0.57422286,0.28875118,0.08894424,0.2084319,-0.26021415,-0.6200287,0.35638815,0.05936563,0.2700272,-0.23171039,-0.22546113,0.6047396,0.9300405,-0.05874142,0.43737814,-0.29683638,-0.18028495,-0.34379393,0.6607363,0.22642943,0.80451316,-0.8061407,-0.09717838,0.17502911,-0.88799304,-0.8272089,-0.66620934,0.48154002
P0AG40,0.0007776469,0.5849755,-0.09137817,0.10982369,-0.32864186,0.054695103,0.15945537,-0.49789277,0.43344906,0.0075186417,0.6143801,0.5894238,-0.4707123,0.46246728,-0.14319211,-0.86540097,-0.52191514,0.30793434,-0.2820477,0.7630771,0.3674376,0.10005441,0.20360096,-0.007285215,-0.043561336,-0.058019653,-0.37410134,0.50298536,0.5159967,0.6026224,0.15501092,0.12080004,0.058809303,0.858017,-0.31101084,-0.45424667,-0.39075065,0.5355349,0.35738656,0.6185013,-0.85127753,-0.3012545,-0.22928032,0.5215855,0.19084921,-0.5310733,-0.44141033,0.44475123,-0.059175212,-0.10452098,0.24827048,-0.32990515,-0.24575183,0.6330411,0.23270823,-0.18205866,0.9768792,0.21824625,-0.04377944,0.68891805,-0.071102425,-0.49699453,0.044812635,0.33417594
P16686,0.12141481,0.26689222,-0.29090333,0.0880495,-0.12989011,-0.060064543,0.32537574,-0.3282383,0.30802578,0.018422283,0.5052249,0.6212107,-0.37402326,0.30835214,-0.23895186,-0.8602291,-0.5896833,0.41878423,-0.37010574,0.60012966,0.4367525,0.189913,0.16158223,0.17873546,-0.041061047,-0.27333456,-0.40910858,0.66581583,0.42280698,0.63025934,0.38362834,-0.054630306,0.1566753,0.85127264,-0.31218597,-0.31727678,-0.1529152,0.34135678,0.3295706,0.78886974,-0.77179307,-0.16098918,-0.30230677,0.65499586,0.31804624,-0.36703146,-0.3648751,0.39440134,-0.40437844,-0.0006189868,0.13071105,-0.3918695,-0.33454284,0.55018926,0.12214734,-0.18116444,0.99179596,0.5010158,-0.13103688,0.6017891,0.12816913,-0.42079666,0.35811034,0.28086624
A8C5S7,-0.14197846,1.1625388,0.18966332,0.092659004,-0.62843674,0.27124763,-0.25816998,-0.63974375,0.6612768,-0.27478537,0.90506923,0.38541862,-0.6533922,0.59843546,-0.11459786,-0.70423996,0.061962403,-0.00023710728,0.05818835,0.83460844,0.28192914,-0.22601876,0.5139064,-0.41949102,-0.019555453,0.2390421,-0.357588,0.05175146,0.4083813,0.29922256,-0.09605631,0.65536237,-0.25002313,0.71365625,-0.44346148,-0.7066732,-1.0163469,1.0573097,0.26632732,-0.05723682,-1.0314243,-0.50969523,-0.049145423,0.02388645,-0.18922122,-0.9190265,-0.41593763,0.3510406,0.66924083,-0.33534855,0.38059908,0.11012405,-0.031972673,1.014784,0.41155687,-0.31405687,0.5014719,-0.3878864,0.4991311,0.744021,-0.37247586,-0.29872128,-0.63334113,0.16511607
P0DPB6,-0.79591167,0.43478528,0.077867724,0.26169595,-0.30442095,0.013399701,0.057848714,-0.59234416,-0.053254668,0.10358827,0.3695824,0.09552202,0.178721,0.24260801,0.659415,0.3678646,0.09365178,0.06848028,-0.18274562,0.34066272,-0.30074698,0.06831815,0.03017726,-0.37543067,0.17894065,0.4503738,-0.03871897,-0.6543613,0.20550857,0.17166758,-0.70936817,0.50502104,0.2873157,-0.15082945,0.25386578,-0.4026432,-0.4345171,0.18353719,0.16606316,-0.09477949,0.036867805,-0.4354866,0.512684,-0.46756598,0.30314448,-0.3982113,0.084284,0.35131812,0.845893,-0.21685672,0.2650886,-0.2102352,-0.025898907,-0.05469887,0.32464242,0.06875368,0.30215037,-0.70492905,0.3436152,-0.00947839,-0.88102055,-0.55043834,-0.7670742,0.09102845
Q9NQX3,-0.47649547,0.4091675,-0.1005735,0.16342665,-0.3314926,-0.0985976,0.32649562,-0.6763535,0.026895616,0.39904895,0.35569352,0.55888766,-0.035339564,0.36144572,0.4218575,-0.30517226,-0.5708214,0.54468656,-0.5440182,0.7285522,-0.011330947,0.20200676,-0.17830065,0.022706702,-0.037237342,0.17169419,-0.40915942,0.19975679,0.52821714,0.5774544,-0.38503626,0.076544546,0.2846581,0.5564758,0.14432764,-0.32617536,-0.08063629,0.08982828,0.36176255,0.7101816,-0.58472955,-0.5601399,0.10269995,0.41653547,0.3017721,-0.23412178,-0.29769543,0.5813194,0.2638667,0.11529961,0.34311974,-0.63616824,-0.46528924,-0.071286425,0.14598675,0.19054028,1.0537401,-0.14874609,-0.19114226,0.4219358,-0.55663216,-0.9127048,0.052256957,0.49079096
P20042,-0.92535865,-0.01614087,0.15176274,0.17781423,-0.24531128,-0.12560982,0.18352225,-0.6974724,-0.4510939,0.5566301,-0.0049893856,-0.052624658,0.37871596,0.08956715,1.1483287,1.0196279,-0.11491457,0.17083448,-0.46437508,0.1355618,-0.5164527,0.16044465,-0.5371311,-0.43248945,0.0901265,0.7709917,0.114831045,-0.80062616,0.26444593,0.0825132,-1.0419537,0.24195826,0.33335924,-0.45386243,0.56638896,-0.15434754,0.006376587,-0.33644304,-0.0014029518,0.08082275,0.53301257,-0.45505035,0.8091047,-0.376184,0.28186214,0.13470276,0.31748545,0.26648715,0.96164864,0.049718216,0.25644952,-0.4262071,-0.29557094,-0.834184,0.24947992,0.52889216,0.24356587,-0.9634471,0.015414894,-0.2902699,-0.9944781,-0.78671867,-0.6614983,0.3671519
C0LGQ5,0.011286944,0.3941977,-0.10427813,0.1507722,-0.15414411,0.069361284,0.07206102,-0.11635797,0.35611767,-0.24257293,0.64917827,0.4020061,-0.4668545,0.29252443,-0.37464133,-0.6549202,-0.15737478,0.01392867,-0.071071215,0.5336183,0.33683425,-0.038356006,0.49175632,0.07044439,0.06579256,-0.24456467,-0.32559967,0.42618424,0.21515365,0.33693305,0.45253286,0.16387594,0.034281537,0.6674791,-0.52048504,-0.46604222,-0.48999816,0.5954776,0.28464603,0.35583097,-0.6769087,-0.07348056,-0.31239212,0.14773485,0.07995863,-0.5921042,-0.31820205,0.22731963,-0.14325131,-0.23973337,0.028482974,-0.08474123,0.056066666,0.92613167,0.12925734,-0.40920088,0.583002,0.28678542,0.25264114,0.4983318,0.10642159,-0.03704612,-0.111540444,-0.07953271
P06745,-0.25763324,0.77758634,0.048134312,0.16610096,-0.48351696,0.06612573,0.09267308,-0.72396046,0.37909582,0.12668914,0.61128664,0.52668035,-0.3463927,0.562368,0.16531311,-0.6528363,-0.43605784,0.27147287,-0.2661002,0.84918565,0.15902193,0.056832984,0.11776858,-0.12718299,-0.046542164,0.19509843,-0.37098134,0.20462614,0.58977807,0.5264917,-0.28776035,0.27590433,0.07847926,0.6821119,-0.13997042,-0.52165383,-0.52587664,0.51418704,0.35492232,0.47493243,-0.8340514,-0.50317436,-0.04456372,0.36085054,0.1669153,-0.5380834,-0.4252405,0.5585001,0.36139783,-0.13793552,0.3771626,-0.37782317,-0.21446225,0.41736847,0.34308574,-0.068952456,0.98002315,-0.15872467,0.0022934303,0.60080934,-0.45051193,-0.66224843,-0.23853773,0.40674454
P13929,-0.2586444,0.91741264,0.1253918,0.16417082,-0.57552224,0.032100055,0.04557167,-0.906411,0.37884,0.19987625,0.6336778,0.4681829,-0.3416233,0.6376574,0.31444344,-0.59044415,-0.39586154,0.22334182,-0.2363148,0.84905005,0.08945663,0.006322736,0.04470282,-0.19910127,-0.110458404,0.34977397,-0.33171946,0.075078785,0.6707816,0.44783598,-0.5107354,0.3749242,-0.0110696405,0.5746186,-0.09038042,-0.54677314,-0.66045886,0.54129076,0.29524192,0.3669217,-0.84848505,-0.571754,0.023713253,0.32468006,0.14603256,-0.5135325,-0.4260942,0.60362107,0.5697712,-0.16282241,0.4337797,-0.32483253,-0.1945588,0.28728133,0.47074157,-0.027003072,0.97338897,-0.35804838,0.0017663538,0.5620097,-0.61807394,-0.70853895,-0.40287358,0.49267703
P03372,-0.87668097,-0.076325506,-0.2254593,0.15189086,-0.1664501,-0.1269569,0.46757528,-0.50585395,-0.43670845,0.653021,0.055335052,0.46577862,0.39989126,0.16628361,0.76919687,0.42401552,-0.48166382,0.7244681,-0.77409244,0.5735604,-0.35555577,0.33954665,-0.5119218,0.0075478256,-0.019541893,0.26297846,-0.37757087,-0.0138680525,0.43461537,0.41312197,-0.5695838,-0.017924894,0.51288766,0.27990958,0.5612057,-0.31157038,0.33345234,-0.37979946,0.32096162,0.6094015,-0.15478991,-0.5413859,0.41493225,0.17879868,0.4522614,0.06316185,-0.014394738,0.49432054,0.30215484,0.24093427,0.33517814,-0.78547794,-0.66719186,-0.5483561,-0.11727433,0.4832788,0.8137481,-0.2966047,-0.1486696,0.17719325,-0.69882786,-1.0642167,0.10704008,0.5214248
P01597,-0.5413048,-0.7793338,0.1290642,-0.04582593,-0.09907742,-0.21201724,0.2740326,-0.33147347,-0.77149093,0.86654806,-0.50072753,-0.08123785,0.7389453,-0.28480384,1.1350911,1.3959502,-0.27023754,0.12726189,-0.53548,-0.30868423,-0.62378114,0.2728484,-1.070809,-0.3470791,-0.12742797,0.55210614,0.27760315,-0.49970827,-0.0057806848,-0.40502936,-1.0218576,-0.19074732,0.4189376,-0.6914688,0.856307,0.23765671,0.5111884,-1.0928731,-0.11962157,0.11388611,0.7776996,-0.017761055,0.9320395,-0.023612313,0.31660703,0.82876724,0.78852326,-0.0039812084,0.48728654,0.16322277,-0.1019942,-0.48157996,-0.39928654,-1.4675021,-0.1167783,0.6681721,-0.13140246,-0.4489739,-0.4535455,-0.61093533,-0.7471591,-0.549754,-0.19779839,0.48252547
O75344,-0.6961677,-0.07552005,-0.21006201,0.14184174,-0.19149901,-0.17674868,0.47981477,-0.5437959,-0.38611722,0.6106706,0.119132236,0.43672982,0.3548599,0.16646096,0.75948083,0.35545105,-0.5554033,0.6097919,-0.7507142,0.5181216,-0.27364564,0.32289648,-0.53880584,0.015990138,-0.10907015,0.27308252,-0.2989017,0.08499473,0.46006688,0.39133853,-0.52298653,-0.07166558,0.43532553,0.30564627,0.51322794,-0.22211914,0.2923468,-0.36443803,0.24861744,0.69097704,-0.21584634,-0.45213372,0.29837155,0.27986437,0.39594373,0.11716263,-0.016154952,0.50489974,0.23958218,0.25300568,0.2949904,-0.7517994,-0.6251457,-0.5871036,-0.07881005,0.42423287,0.8499879,-0.2634439,-0.22178811,0.12299484,-0.66397965,-0.96159554,0.11625166,0.5406423
Q03790,-0.10794455,0.6484529,-0.25527954,0.07903932,-0.080905184,0.20795825,-0.07592633,0.21288912,0.50879353,-0.6468577,0.73433965,0.46508718,-0.6976177,0.07675078,-0.73833334,-0.74439555,0.14522058,0.35207364,0.112553775,0.6826223,0.45198053,-0.18569729,0.89828026,-0.18916948,0.29364738,-0.39887,-0.45459813,0.35464796,-0.0744098,0.47933418,0.92240834,0.36605334,-0.007178493,0.85399145,-0.73165905,-0.7403182,-0.62902904,1.1334968,0.47115025,0.16103773,-0.82551545,-0.13255376,-0.19344044,-0.1668472,-0.15567186,-1.0073636,-0.5146988,0.079658255,-0.1151453,-0.20819806,-0.0009515211,0.10435909,-0.029500391,1.6626766,-0.05540433,-0.5194024,0.19122179,0.2801231,0.87905604,0.9817919,0.43577337,0.14577244,-0.14286646,-0.49749592
Q9NQX1,-0.7532717,-0.20481646,-0.17454618,0.13871229,-0.15531968,-0.19118336,0.4571662,-0.53384686,-0.5271316,0.6872118,-0.016584203,0.31461477,0.48033,0.1214438,0.8944843,0.61090845,-0.45270368,0.5655644,-0.7469248,0.35999852,-0.39508134,0.29518083,-0.6257123,-0.042933673,-0.111796126,0.36348534,-0.20360313,-0.11408591,0.42434627,0.24309683,-0.6434499,-0.035820168,0.4713078,0.09741546,0.60101825,-0.20680705,0.34062603,-0.46475554,0.19028747,0.55981904,0.045801826,-0.44081903,0.45023635,0.1432777,0.4380581,0.22006036,0.11046991,0.45130506,0.34279454,0.23631679,0.28816634,-0.70408505,-0.61634165,-0.8027516,-0.02540652,0.4992684,0.6814247,-0.4247313,-0.19376886,-0.058604166,-0.73197114,-0.95586735,-0.0014560819,0.51192325
P0AC19,0.048290312,0.59514534,-0.009582375,0.14719148,-0.3136342,0.05602524,0.10984958,-0.44355997,0.4267849,-0.06130632,0.69770455,0.4843296,-0.51185495,0.5000111,-0.18743603,-0.8324742,-0.35604537,0.07225046,-0.15419462,0.71736467,0.346689,0.033402108,0.32431832,0.003061466,-0.05677526,-0.083651975,-0.32966715,0.44644758,0.47302306,0.44480282,0.20923238,0.17895332,0.0191985,0.76230615,-0.4303948,-0.4448366,-0.54314494,0.60355216,0.29388878,0.46131855,-0.80607563,-0.24276476,-0.3282156,0.36547518,0.13926832,-0.556088,-0.40999523,0.40636218,-0.013822681,-0.20953254,0.18953368,-0.20343193,-0.05647472,0.731692,0.2602146,-0.292718,0.86766696,0.17308097,0.07174058,0.5888623,-0.08251701,-0.28682506,-0.14384075,0.23802543
P17555,-0.34946305,1.0038052,0.07041241,0.12079526,-0.5054955,0.22612512,-0.25805113,-0.38782176,0.54962087,-0.5206302,0.7923171,0.22277884,-0.509709,0.36065558,-0.20566577,-0.38238156,0.40339386,0.09306467,0.19392955,0.6323668,0.1906149,-0.21036974,0.6732621,-0.5763353,0.21259163,0.12375894,-0.3195814,-0.24435838,0.007071656,0.2584911,0.10725577,0.7722681,-0.08846412,0.5147003,-0.40108073,-0.6872366,-0.9218676,1.1430507,0.33314013,-0.25350314,-0.702541,-0.45220336,0.216124,-0.39417627,-0.15393525,-1.0082654,-0.2601783,0.1662696,0.75433886,-0.30503625,0.24170366,0.18148789,0.010150034,1.1640992,0.28832504,-0.33185455,0.0409038,-0.44308442,0.82285357,0.63748413,-0.2647037,-0.1603364,-0.75788224,-0.21439847
P01575,-0.0074093044,-1.2560941,-0.16125612,0.07768421,0.7756394,-0.14581881,0.4038691,0.86712664,-0.6015145,0.19738032,-0.45878494,-0.25938812,0.4781415,-0.7548488,0.034565665,0.82946944,-0.024812527,-0.43117812,-0.22104344,-0.7869826,-0.23072416,0.06250311,-0.1094683,0.19091454,0.12953182,-0.56260943,0.2222339,0.1444974,-0.5686165,-0.56296045,0.3183038,-0.6169886,0.39146027,-0.5456876,-0.010785989,0.43199474,0.6350667,-0.7549185,-0.09379763,0.17992978,0.971154,0.66053945,-0.007041298,-0.22406447,0.16336276,0.61272854,0.5641399,-0.40114397,-0.72386247,0.033623293,-0.66296315,-0.0009694733,0.19785212,-0.4965511,-0.45024297,-0.030050807,-0.39470464,0.46553743,-0.15069431,-0.50222754,0.35435218,0.6232653,0.2566917,-0.44764096
P02767,-0.46378723,0.22752163,-0.15683074,0.19463381,-0.14909728,0.0867261,0.08726599,-0.06767774,0.06890306,-0.23650038,0.4930005,0.25300467,-0.048427932,0.07013347,-0.0075552016,0.026096046,0.074757405,0.06738986,-0.115103155,0.37246168,-0.007948849,0.007363254,0.35778084,-0.16000268,0.18482858,-0.003785178,-0.21685228,-0.03496137,0.019188134,0.19743842,0.10606849,0.29703623,0.24411899,0.27084795,-0.053312358,-0.47666973,-0.40112033,0.33358407,0.25477213,0.0558258,-0.2836624,-0.12006374,0.11856815,-0.2874559,0.17458549,-0.55625623,-0.038676597,0.16463642,0.21936382,-0.24802302,0.051632926,-0.13801306,0.049015094,0.59584713,0.026332958,-0.26193526,0.2007554,-0.063822076,0.5004553,0.23832677,-0.24816602,-0.10956126,-0.37225008,-0.18578698
P06307,-0.15497985,-1.2121958,-0.07364543,0.06887635,0.5598234,-0.27333397,0.3964023,0.36496633,-0.8057238,0.5353654,-0.65535474,-0.23013416,0.77307355,-0.6112354,0.5551472,1.0872014,-0.20385623,-0.15776512,-0.36921355,-0.7445374,-0.5018712,0.2321508,-0.63127995,0.0541521,0.018796843,-0.1798963,0.33828908,-0.1776128,-0.39742428,-0.5956314,-0.2666405,-0.5516057,0.47233155,-0.80978155,0.4573256,0.52905977,0.7010659,-1.0334244,-0.06261871,0.22062926,1.0394645,0.42689028,0.3801708,-0.14520863,0.39266077,0.84133667,0.6824175,-0.24082509,-0.31635824,0.1560446,-0.4752945,-0.2981292,-0.03268392,-1.119938,-0.2849805,0.31283385,-0.31534177,0.14010821,-0.40715727,-0.701676,-0.094238386,0.19597429,0.17299014,-0.11406833
O70201,-0.81533754,-0.24308273,-0.24471812,0.16282144,-0.11509621,-0.18531215,0.48309606,-0.45809677,-0.5534835,0.63186777,0.005151674,0.36105478,0.5032127,0.10208271,0.83312774,0.6257715,-0.43994674,0.6087173,-0.75367886,0.38109124,-0.4119652,0.32836416,-0.5661322,-0.008817658,-0.07553692,0.3143392,-0.23843697,-0.107701376,0.40179932,0.2893155,-0.56120396,-0.039810915,0.55144894,0.12913398,0.627798,-0.2466509,0.34659806,-0.48307428,0.21165699,0.55364376,0.03941232,-0.42332545,0.40913475,0.091934286,0.4819247,0.1568593,0.08509981,0.4623641,0.28830254,0.20751528,0.27299628,-0.73579615,-0.59564435,-0.7060712,-0.1019537,0.47573376,0.6682191,-0.35761082,-0.100586034,-0.045749843,-0.7208359,-0.93010116,0.016113043,0.47048587
P09429,-0.93063414,-0.26927644,0.11269201,0.117629215,-0.19563748,-0.19938688,0.28194252,-0.724353,-0.6324196,0.7395139,-0.1774547,-0.077891454,0.4718632,0.03915634,1.275721,1.2244031,-0.20920563,0.27173874,-0.59940803,0.1327584,-0.54491806,0.22400162,-0.816755,-0.39271268,0.0050326176,0.84927535,0.13666041,-0.6703875,0.3622831,0.0029646233,-1.0716469,0.07166483,0.36231962,-0.49195793,0.7272706,-0.085014746,0.21731275,-0.59096384,-0.06275564,0.20946333,0.58811814,-0.406166,0.9031879,-0.17292556,0.38855168,0.40808755,0.4579107,0.23005289,0.8262625,0.12570165,0.27037594,-0.5840212,-0.501836,-1.1157327,0.18540023,0.69476485,0.2418976,-0.87526155,-0.19218841,-0.35848683,-0.93445694,-0.8672304,-0.43531483,0.54044014
Q96B02,-0.82284343,0.34606272,0.009650274,0.11271028,-0.4134343,-0.235864,0.30475253,-0.92658335,-0.24075873,0.6330631,0.18319559,0.2781899,0.20314002,0.38239142,0.9998303,0.3651737,-0.31242636,0.5634669,-0.60879177,0.5603997,-0.37334985,0.18900943,-0.451517,-0.16643849,-0.060786683,0.5783663,-0.23707977,-0.36121595,0.605399,0.38878828,-0.94278425,0.24727523,0.27129257,0.07900338,0.44815567,-0.3013005,-0.0696917,-0.073846325,0.20209283,0.38660753,-0.08886187,-0.73850083,0.56595194,0.08244365,0.37119743,-0.07570402,-0.07698261,0.56310415,0.79858637,0.20652212,0.47914538,-0.60256344,-0.5214696,-0.64566356,0.30841422,0.49892205,0.80472326,-0.7490968,-0.15574402,0.1433487,-0.9063146,-1.1237252,-0.36416435,0.54832166
P00445,-0.2466311,0.96697176,0.06403066,0.118440606,-0.5391659,0.23716173,-0.16310462,-0.43038484,0.5963353,-0.36574113,0.83130413,0.371284,-0.55662817,0.4751,-0.16608018,-0.6045309,0.07258921,0.1015473,0.042444497,0.79681915,0.2635249,-0.15483107,0.5677045,-0.3813736,0.082241654,0.11339581,-0.3656277,0.048147168,0.27900413,0.38710606,0.07949597,0.59877455,-0.055321746,0.72172195,-0.424126,-0.702086,-0.8740315,1.0022739,0.35607386,-0.014580011,-0.87878215,-0.41779765,7.299334e-05,-0.076745726,-0.08459285,-0.9499321,-0.376861,0.32701328,0.54168403,-0.3111983,0.31219646,0.038664673,-0.027081352,1.0879768,0.29035723,-0.33996886,0.41151327,-0.24994166,0.57513607,0.7060523,-0.23088805,-0.24422154,-0.5653327,-0.017844135
P0CT31,-0.3761393,1.0601943,0.22462839,0.18219802,-0.61577463,0.084959865,-0.09979218,-0.9784954,0.46316212,0.027765363,0.6843221,0.27650192,-0.30172205,0.6333745,0.4195538,-0.43526393,-0.059188597,0.03670889,-0.030368015,0.67912346,0.02115202,-0.07972316,0.23986456,-0.45595664,-0.02832267,0.5012431,-0.21277784,-0.3910215,0.5329444,0.266658,-0.70768493,0.6934933,-0.05891279,0.26463124,-0.08772627,-0.6053454,-0.9628692,0.6921922,0.17106417,-0.1065737,-0.67271596,-0.5913124,0.24367642,-0.05293309,0.14587824,-0.6568525,-0.29606086,0.53616375,0.95561886,-0.32213235,0.46144792,-0.08980119,0.0038781576,0.3645723,0.66391575,-0.09038504,0.6213819,-0.70343244,0.28220597,0.4293001,-0.7869389,-0.58640116,-0.8371344,0.31648898
P08254,-0.45142278,-0.8169792,0.02156499,0.06016522,0.09412536,-0.19807708,0.33578628,-0.19971003,-0.7670346,0.7371918,-0.47214663,-0.0899159,0.75922745,-0.2691271,0.92233884,1.2137147,-0.3112816,0.029907815,-0.5222262,-0.3811443,-0.58001,0.2207091,-0.8797422,-0.18781129,-0.13937706,0.35338527,0.23814748,-0.36305013,0.010048014,-0.40007,-0.748566,-0.2554741,0.4364317,-0.584396,0.74657345,0.2445806,0.5301148,-0.9689081,-0.079681136,0.18831187,0.76598173,0.039782632,0.61992425,-0.031200714,0.33768237,0.7347135,0.6405351,0.030383224,0.25117454,0.13101943,-0.12198911,-0.4465435,-0.29820526,-1.306468,-0.11660475,0.5353518,-0.063455746,-0.39128697,-0.36226177,-0.64581144,-0.63689536,-0.40862274,-0.116971105,0.37896442
P07492,-0.24827361,-1.2610762,-0.1686676,0.051122606,0.5375588,-0.26019716,0.441069,0.3865886,-0.8269813,0.5449713,-0.6523046,-0.13111743,0.81352127,-0.658341,0.58275336,1.1246022,-0.30775994,0.016565628,-0.46806538,-0.65017,-0.48618305,0.302777,-0.6946955,0.06454146,0.01437455,-0.18222064,0.2835316,-0.08096409,-0.38077933,-0.44150007,-0.23009655,-0.61073464,0.5364373,-0.68415415,0.5485528,0.45760703,0.8032987,-1.0808703,0.0005694702,0.31102946,0.9679845,0.44418976,0.43046272,-0.0812667,0.42369646,0.8229619,0.6501774,-0.2102792,-0.38578025,0.20335259,-0.46185413,-0.4051535,-0.15651746,-1.0599674,-0.37928316,0.34780222,-0.26577574,0.21047083,-0.39923912,-0.62249804,-0.052947268,0.08871457,0.2900816,-0.084918305
P0AFX0,-0.118697375,0.8782596,0.3222782,0.12813002,-0.40050665,0.12510715,-0.34842038,-0.34625378,0.50361353,-0.47417888,0.7246402,-0.23186329,-0.45301569,0.34949216,-0.11006929,-0.26421732,0.5690228,-0.7128509,0.46327096,0.16031499,0.016659185,-0.43828505,0.7498312,-0.41423994,0.14825462,0.1710979,-0.015077129,-0.51853275,0.0028479854,-0.2268691,-0.13852207,0.67985445,-0.27000928,-0.04835723,-0.401891,-0.312273,-1.119004,0.9933672,0.05286718,-0.5411319,-0.32028186,-0.1600201,-0.091642655,-0.51932406,-0.27539748,-0.862846,-0.13721892,0.09139519,0.8504042,-0.5408212,-0.009631917,0.44423085,0.62271535,0.81550956,0.5198339,-0.5399849,-0.11381684,-0.60209864,0.6522545,0.15001388,-0.43094456,0.4047707,-1.1628909,-0.33470953
Q96SB4,-0.83963466,0.31377563,-0.13809554,0.13524573,-0.33152595,-0.09519255,0.3624918,-0.6349287,-0.16213879,0.5239136,0.25298893,0.52123475,0.19157892,0.3269407,0.62885916,0.077943936,-0.47336048,0.71741486,-0.6773917,0.75155985,-0.24653126,0.273754,-0.32818365,-0.028978735,0.04237457,0.2688186,-0.47466916,0.00868332,0.51901406,0.5574835,-0.5471445,0.11117826,0.37420234,0.44670323,0.42935076,-0.3774901,0.09581393,-0.06806952,0.40662202,0.60592246,-0.4500031,-0.6749469,0.3392633,0.25636202,0.35623822,-0.22039428,-0.192875,0.5585199,0.42089733,0.2037503,0.3943995,-0.76527685,-0.5866554,-0.23716138,-0.027004715,0.36668694,0.9182389,-0.31361717,-0.116551585,0.38237464,-0.71491116,-1.1165329,0.01249738,0.491283
P06151,-0.28998947,0.7797625,0.08887545,0.18721619,-0.49809763,0.010048452,0.0965103,-0.7940705,0.30648357,0.17493352,0.59269875,0.44280258,-0.28013983,0.5687123,0.28162763,-0.5251628,-0.3640731,0.18926856,-0.2478515,0.77378815,0.081166044,0.036422446,0.07277811,-0.1511746,-0.07659921,0.2691023,-0.3128912,0.077374205,0.58904546,0.42102835,-0.41109717,0.32984176,0.072690666,0.53434116,-0.09781373,-0.48471642,-0.5701405,0.47379333,0.29353246,0.39164832,-0.7339882,-0.5224764,0.011984825,0.25927743,0.18164362,-0.48556954,-0.3705202,0.5646668,0.48104742,-0.1504287,0.36996093,-0.34173298,-0.17769954,0.26972747,0.40309379,-0.045734342,0.9154964,-0.294877,0.01057075,0.47455147,-0.57330966,-0.65076166,-0.3614834,0.40636086
P0C0L5,-0.19364846,-0.85847306,-0.2835925,0.04115302,0.21200363,-0.1986421,0.55602837,-0.08561306,-0.62516063,0.70617497,-0.27317762,0.30069306,0.5530347,-0.19869182,0.5748419,0.5650055,-0.7382464,0.37191904,-0.7590393,0.030115116,-0.23122045,0.32158983,-0.7224193,0.18284541,-0.26945364,0.021613777,-0.034845095,0.45005736,0.20371352,0.027825728,-0.14096932,-0.54252,0.44869858,0.10141526,0.48273173,0.14905754,0.710544,-0.8537629,0.10384702,0.8462602,0.11453634,0.121892616,0.108710855,0.48309293,0.40653092,0.68933636,0.27633193,0.22996205,-0.42992446,0.31904423,-0.07593478,-0.6804092,-0.5753173,-0.93041253,-0.35442695,0.44725707,0.5400106,0.18679188,-0.46750236,-0.20777696,-0.19774456,-0.52089024,0.52244,0.45649275
P0ABU9,0.034076914,0.8158057,0.15455323,0.112475164,-0.32318348,0.13723901,-0.21841982,-0.17162748,0.6059668,-0.48946115,0.8058799,0.03991677,-0.6510926,0.40520903,-0.40568185,-0.6273906,0.32147944,-0.46207428,0.3054507,0.37984294,0.25267404,-0.35081276,0.8225659,-0.17742363,0.14677505,-0.08054124,-0.23713945,-0.054592464,0.067810744,0.037586004,0.24746554,0.5093405,-0.2146967,0.40115777,-0.65074736,-0.42483702,-0.9883133,1.0497352,0.16269082,-0.17980826,-0.6246499,-0.16320467,-0.32059282,-0.229521,-0.21066788,-0.87990075,-0.32016972,0.16711539,0.43065116,-0.45859987,0.016767114,0.33066562,0.43499237,1.0593573,0.38917923,-0.5728146,0.20415302,-0.16921864,0.57120943,0.44478163,-0.09813754,0.3042765,-0.74299467,-0.29923797
O64903,-0.2363322,0.6066351,-0.18143152,0.120789066,-0.34148452,0.18579033,0.032667734,-0.22647302,0.4879714,-0.34945253,0.7352797,0.5487347,-0.49005687,0.30390865,-0.32177433,-0.6580142,-0.19557261,0.3419735,-0.15385985,0.83570826,0.36450106,0.014316238,0.510539,-0.12013301,0.12732583,-0.10093163,-0.43872172,0.37369937,0.26694044,0.6088741,0.38379297,0.3153191,0.14122845,0.8823002,-0.41055605,-0.67919695,-0.5478432,0.7676634,0.4674267,0.29515564,-0.8480585,-0.21930309,-0.07503735,0.122205,0.11786196,-0.8421601,-0.40799382,0.29703528,0.055709075,-0.2194154,0.23289257,-0.19331564,-0.14605664,1.1664724,0.09086563,-0.32815498,0.570009,0.19571729,0.42918646,0.7643862,0.09843016,-0.25208426,-0.15450662,-0.07989944
P04626,-0.29557467,-0.8704374,-0.25579992,0.0051977877,0.13290413,-0.17976981,0.5389086,-0.20970748,-0.72000575,0.8835462,-0.32821137,0.35593486,0.6930727,-0.1803081,0.8372483,0.69433856,-0.7983182,0.5548134,-0.8858151,0.13109855,-0.3080582,0.43130887,-0.96567833,0.1051863,-0.3239744,0.13879094,-0.026404448,0.47028646,0.2774868,0.005628705,-0.29415533,-0.561902,0.461976,0.08415049,0.664631,0.14455086,0.8394678,-0.97347474,0.12560672,0.85897,0.08304922,0.04838917,0.28936908,0.5611708,0.45426172,0.7956436,0.38238963,0.27455014,-0.3123468,0.42671227,0.0056842268,-0.8317331,-0.78171146,-1.1101495,-0.38311765,0.601669,0.6015526,0.101587184,-0.55819637,-0.18575159,-0.3104481,-0.7284697,0.5814475,0.61543673
P00883,-0.41865036,0.81579137,0.09075804,0.17477278,-0.5414187,-0.0713574,0.15166113,-0.9682595,0.23624106,0.36066824,0.5058146,0.4466488,-0.18887082,0.5937915,0.51322347,-0.41045356,-0.43623114,0.33607984,-0.35705283,0.7964925,-0.02342683,0.06220702,-0.10132626,-0.14943641,-0.10002822,0.40442988,-0.34802395,-0.030537684,0.688817,0.48186046,-0.6842251,0.3252075,0.07934173,0.45178816,0.051831223,-0.46365863,-0.5025655,0.37206203,0.29426715,0.44388235,-0.69193506,-0.6626315,0.15622021,0.31399715,0.21800736,-0.39560258,-0.3785969,0.65305394,0.63967913,-0.037376262,0.45313492,-0.44217288,-0.2896341,-0.013505474,0.45918837,0.12716138,1.0251348,-0.46390438,-0.10405434,0.46972606,-0.733494,-0.8902632,-0.36209765,0.52262276
P09960,-0.21779177,0.55088097,-0.054816887,0.1561536,-0.3583517,-0.01117297,0.22505206,-0.62880564,0.27808025,0.19147958,0.5042171,0.57247174,-0.27777743,0.45973036,0.15152709,-0.6379557,-0.5517507,0.36084953,-0.36517662,0.77033734,0.18099597,0.13105346,0.047254004,-0.004836172,-0.046105284,0.07803027,-0.38102162,0.32242367,0.5428144,0.588137,-0.17505693,0.12121749,0.17360875,0.69420755,-0.10377919,-0.3920932,-0.30688894,0.3366733,0.35569808,0.6635467,-0.75323045,-0.44572994,-0.08892625,0.4630712,0.23376705,-0.39939952,-0.3930439,0.5520759,0.14086233,-0.027333995,0.30587026,-0.4644954,-0.3018661,0.28056192,0.23392484,-0.011213716,1.0459391,-0.002082441,-0.11249567,0.5411547,-0.36644602,-0.68393797,-0.00950437,0.4178304
P00558,-0.28377545,1.0061439,0.12584075,0.14118013,-0.6343635,0.15997855,-0.08764507,-0.73197985,0.5162417,-0.066041075,0.7627916,0.46129248,-0.43499976,0.61335516,0.10504536,-0.62046045,-0.18094862,0.18599302,-0.11316608,0.8936096,0.16501118,-0.059373043,0.2774518,-0.3309811,-0.037145246,0.28016302,-0.36603975,0.05115303,0.54750556,0.42454928,-0.27893862,0.5370874,-0.042335488,0.6839594,-0.20425951,-0.68196493,-0.81373966,0.7859131,0.35353228,0.14248139,-0.9392093,-0.53611875,0.034518875,0.15172032,0.0477954,-0.77874565,-0.41122618,0.5014732,0.6121539,-0.26635528,0.4256182,-0.1754334,-0.11914007,0.70548344,0.39931875,-0.18215895,0.7182729,-0.3474955,0.299588,0.65275013,-0.4779867,-0.5386572,-0.52181876,0.2933879
P52735,-0.7024317,0.13057706,-0.16089623,0.12599409,-0.29446012,-0.19797365,0.43641683,-0.66562545,-0.28543496,0.6353436,0.16703227,0.47917166,0.24432677,0.2858095,0.745429,0.16613518,-0.55272985,0.6689549,-0.7204131,0.6351931,-0.25532418,0.28539047,-0.4670942,0.033609062,-0.087965384,0.27513674,-0.3866433,0.05272008,0.5370125,0.47147572,-0.58224475,0.016274419,0.40017006,0.3761653,0.43903497,-0.24659513,0.20054924,-0.2110035,0.32721195,0.70206857,-0.33912495,-0.60150254,0.2815059,0.32978866,0.35659984,-0.013845876,-0.13580942,0.5821642,0.35768428,0.2783304,0.35577327,-0.7523606,-0.62501466,-0.51877534,0.019662846,0.4281045,0.97151,-0.3243612,-0.24350321,0.22488691,-0.7056867,-1.0521369,0.06734669,0.5599542
O04019,-0.588815,0.57946616,0.15650207,0.1901787,-0.41185334,-0.16937385,0.14837164,-1.0271981,0.03663903,0.40421507,0.3337564,0.15406793,0.027381748,0.45324132,0.8714166,0.1021655,-0.21625999,0.14870852,-0.32681888,0.41639277,-0.23606804,0.056753837,-0.16136228,-0.25205508,-0.05519535,0.6244955,-0.081188425,-0.5713686,0.53208834,0.30515867,-1.0216341,0.3922328,0.1673527,-0.06707747,0.1793955,-0.30159825,-0.4693904,0.17742954,0.0792825,0.16741455,-0.07814626,-0.63404846,0.43799382,-0.07321588,0.31309327,-0.190815,-0.13683242,0.5777847,0.9445811,-0.046041325,0.41476414,-0.30767572,-0.16402178,-0.4333194,0.6041423,0.28094226,0.7215165,-0.86632395,-0.046964817,0.048579656,-0.9406028,-0.8320775,-0.6953406,0.43001223
P04418,0.31950969,0.116338454,-0.27036977,0.11026262,0.2909302,0.2430059,-0.09920855,0.6851834,0.3427352,-0.5800986,0.49115545,0.3600856,-0.5333854,-0.17817527,-1.0669777,-0.68796736,0.16190967,-0.15178734,0.21911111,0.14542213,0.41992462,-0.24023314,0.8766808,0.16957784,0.25785568,-0.78706956,-0.32034525,0.5524398,-0.37095425,0.042664647,1.093666,0.034467097,-0.02951815,0.5681717,-0.8366492,-0.43124866,-0.45172635,0.7106563,0.3474205,0.09626662,-0.5800374,0.36742648,-0.5970627,-0.13336718,-0.212883,-0.6251006,-0.29268846,-0.15118957,-0.6272445,-0.3474322,-0.34621853,0.26093942,0.32188776,1.4326553,-0.24894787,-0.7135754,0.042957753,0.7101113,0.6596628,0.6250726,0.7050556,0.66906667,0.060589015,-0.6387725
O88587,-0.25440025,0.16450304,-0.2411804,0.13860334,-0.16885556,-0.06914644,0.37306973,-0.4381865,0.052678872,0.23238677,0.3620276,0.59562665,-0.08891685,0.22176492,0.16392075,-0.40762037,-0.6073807,0.4884273,-0.5107814,0.6367598,0.15847188,0.2514059,-0.068308525,0.12073392,-0.041895624,-0.044155896,-0.38310176,0.45205012,0.39268047,0.57367873,-0.03261094,-0.0815987,0.2933288,0.6514302,0.024188273,-0.2667517,-0.003021568,0.037419677,0.32039833,0.79639584,-0.60646576,-0.29950795,-0.062278293,0.5037314,0.3306379,-0.18318242,-0.25694516,0.45712385,-0.11071919,0.09998827,0.20798236,-0.5855946,-0.43470588,0.12789454,0.031920347,0.056553297,0.9888829,0.2041608,-0.18013191,0.43543297,-0.23420331,-0.65340394,0.2734771,0.39759922
P13569,-0.122808754,0.0897811,-0.014811003,0.18890883,-0.09679496,-0.11205736,0.1943378,-0.27402237,0.0059999526,0.08378241,0.35934126,0.1402601,-0.04731297,0.19843063,0.12419687,-0.124782905,-0.17113054,-0.23919055,-0.16303658,0.15916063,-0.018743936,-0.016839063,0.18199714,0.090426,-0.0643395,0.023016587,-0.13030104,-0.010046918,0.22905768,0.055671766,-0.1601663,0.064940505,0.20145443,0.102584034,-0.1388908,-0.14835915,-0.3310809,0.13038263,0.0957422,0.31140232,-0.19532736,-0.07578416,-0.21096244,0.030167427,0.20217818,-0.19459653,-0.1026868,0.3333173,0.12940861,-0.20852873,-0.00997597,-0.14996015,0.15224038,0.056745708,0.25178283,-0.17509672,0.5221592,-0.085972734,0.060279723,-0.046550855,-0.3216859,-0.0444318,-0.3205803,0.021263177
P76015,0.08850515,0.7451988,0.032140896,0.10388903,-0.3269954,0.15682003,-0.03481263,-0.2769586,0.59341395,-0.28329444,0.8128464,0.44435892,-0.68911856,0.47524217,-0.3953083,-0.92096335,-0.1678769,0.025590986,-0.018283486,0.736662,0.4400596,-0.09236974,0.5572205,-0.080673344,0.012383308,-0.13150997,-0.33005816,0.4486929,0.37818393,0.43775505,0.42612612,0.30844072,-0.11335594,0.86992633,-0.6270743,-0.56172717,-0.7079093,0.8922488,0.3049016,0.2958608,-0.8995182,-0.2234116,-0.3391282,0.2171326,-0.01260351,-0.7843228,-0.45585987,0.30150363,0.014114059,-0.28472573,0.16609436,0.0070249997,0.015213657,1.0938755,0.23668517,-0.43290037,0.6656214,0.18030639,0.2928918,0.7378845,0.08480984,-0.1332678,-0.23403472,0.050033532
A5JQI1,-0.1787571,0.9137008,0.13511252,0.15390678,-0.5565357,0.102008805,-0.022767246,-0.7502039,0.4627435,0.029998593,0.71334183,0.45910716,-0.4331836,0.61984533,0.11796443,-0.675672,-0.28648975,0.12855247,-0.13803077,0.83636737,0.17654105,-0.032811202,0.20641586,-0.22809374,-0.07927191,0.25215885,-0.31846625,0.12498686,0.579441,0.4058628,-0.2774401,0.41564333,-0.039508916,0.6499134,-0.22775513,-0.58135307,-0.7324181,0.67668897,0.30023867,0.27873954,-0.8766251,-0.4941121,-0.05297772,0.24272662,0.08831596,-0.635834,-0.41409203,0.519564,0.48996833,-0.24189706,0.37834612,-0.20972463,-0.11491349,0.5500263,0.42140302,-0.15673545,0.8389995,-0.26080978,0.14212161,0.5951016,-0.46811014,-0.52826726,-0.4324671,0.36475095
O15198,-0.8380171,-0.11212404,-0.06208934,0.13140674,-0.21041556,-0.20074278,0.37958872,-0.66785425,-0.4962233,0.69066054,-0.03223093,0.19458221,0.44643182,0.16244349,1.0636306,0.7560077,-0.30541945,0.47828463,-0.6712546,0.3101338,-0.4617892,0.25550762,-0.6137423,-0.16920625,-0.06817949,0.5384487,-0.09873697,-0.38974372,0.43339524,0.20820612,-0.8824552,0.07843641,0.4297724,-0.101650745,0.6151551,-0.2192612,0.20433325,-0.4208234,0.10603736,0.3756502,0.2154588,-0.5023937,0.61879104,-0.020342417,0.44820574,0.21601637,0.16581434,0.4344846,0.597104,0.17744292,0.34969464,-0.6068482,-0.54977185,-0.8891891,0.14640741,0.5588194,0.59729683,-0.6697481,-0.15689409,-0.1251351,-0.8628436,-0.975726,-0.25225222,0.52480406
P0C7P0,-0.60194695,-0.66064334,-0.30723614,0.10877366,0.07336866,-0.14342208,0.6096534,-0.22414292,-0.6492145,0.7363032,-0.14685576,0.37947157,0.64681345,-0.11872535,0.8136673,0.7325917,-0.6712749,0.59524524,-0.8664406,0.2703066,-0.31087446,0.4449555,-0.8185465,-0.0007032603,-0.18006623,0.16670537,-0.1427311,0.26426858,0.27708316,0.16535482,-0.3339747,-0.3641057,0.522036,0.1746339,0.70738006,-0.054547004,0.6940818,-0.8063872,0.16580793,0.7500157,0.06852148,-0.11866519,0.37050423,0.3262916,0.4768078,0.53148514,0.2959467,0.29840723,-0.14335375,0.33117193,0.1072301,-0.8080864,-0.74079883,-0.8756254,-0.3877543,0.5296696,0.6013875,-0.025858238,-0.3260136,-0.052915573,-0.46545434,-0.827865,0.39886245,0.5399965
Q92569,-0.7118647,0.20788679,-0.12477057,0.16218343,-0.29691377,-0.17033024,0.37769073,-0.66832125,-0.23183794,0.5436964,0.20588994,0.45479482,0.20853697,0.3116112,0.69559586,0.13509974,-0.44558573,0.5768643,-0.6299783,0.60080326,-0.25311255,0.23642448,-0.34077752,0.0075214133,-0.048785295,0.2948969,-0.36076415,-0.06828509,0.5091286,0.43821484,-0.6100129,0.09942923,0.4050722,0.3025895,0.36774632,-0.3134755,0.05199763,-0.1278911,0.29834893,0.5784133,-0.2887672,-0.6107156,0.2996565,0.20255741,0.37216336,-0.107949644,-0.1533674,0.580507,0.434396,0.17038114,0.3645837,-0.67024475,-0.505539,-0.41648424,0.12102024,0.35738716,0.9111027,-0.37787098,-0.1342983,0.20031622,-0.7338424,-0.9828514,-0.07617519,0.47274125
P76014,0.12413184,0.6539613,-0.05642064,0.09862329,-0.25860277,0.12754448,0.025165766,-0.22163479,0.57926166,-0.29851896,0.786015,0.48776564,-0.67452645,0.42473447,-0.45530185,-0.9676563,-0.22822428,0.11347112,-0.06248653,0.73071206,0.4920295,-0.042632483,0.54318255,-0.018523283,0.019490685,-0.20037645,-0.34030902,0.53509766,0.37689608,0.5097878,0.5403518,0.24114668,-0.06281782,0.91388303,-0.62531334,-0.55391085,-0.62898135,0.8550328,0.33096984,0.36613747,-0.89131606,-0.160183,-0.35595018,0.27924207,0.05547178,-0.76776665,-0.45588377,0.29600772,-0.13500528,-0.25954247,0.1438447,-0.04190923,-0.029477712,1.1231695,0.19804348,-0.44084716,0.69228137,0.30738986,0.2717025,0.7698204,0.20737645,-0.13240333,-0.112275295,0.021339169
Q74JU6,-0.13358387,1.1208055,0.20737441,0.117604166,-0.60927147,0.22487088,-0.22002688,-0.6349741,0.6388703,-0.28045788,0.89887077,0.3075501,-0.61381525,0.60661334,-0.09385148,-0.66452706,0.1024121,-0.1313254,0.10098478,0.7622436,0.23799963,-0.24185629,0.52980244,-0.39965746,-0.023856644,0.22557023,-0.32583737,-0.020411242,0.3867893,0.21536097,-0.124765724,0.6648825,-0.22898144,0.60834175,-0.43225923,-0.6525514,-1.0462036,1.0226237,0.22594947,-0.11711222,-0.9320509,-0.46776196,-0.085522704,-0.04931957,-0.16219284,-0.8963002,-0.38318327,0.35850894,0.6863067,-0.38370633,0.33803806,0.14932272,0.07795188,0.9388766,0.44710115,-0.34464118,0.4759218,-0.41686922,0.5019229,0.63533247,-0.43194628,-0.20825227,-0.72287005,0.137256
P9WQP3,-0.141034,0.5624319,-0.05499714,0.14032005,-0.34626177,0.018085238,0.1716419,-0.55019575,0.3295994,0.0934953,0.5495442,0.5758681,-0.34063134,0.44575033,0.018148176,-0.7135486,-0.4972063,0.35097942,-0.3208416,0.77085173,0.24858986,0.11856368,0.13141575,-0.025336906,-0.02602515,0.031596273,-0.36698508,0.36935744,0.49465492,0.5681564,0.0049326643,0.14318031,0.13343595,0.7474367,-0.1924423,-0.42486355,-0.3465505,0.4273843,0.37022975,0.61045855,-0.77576345,-0.38949367,-0.11644874,0.43357915,0.22748807,-0.4728592,-0.38721868,0.49072987,0.08272382,-0.071344696,0.27437493,-0.4147175,-0.27478135,0.46565682,0.21590596,-0.08621367,0.9592236,0.075863905,-0.026170038,0.5975051,-0.22889167,-0.60131216,-0.008599333,0.34343532
A8AY46,0.008288011,0.90342444,0.13627575,0.106992655,-0.4777589,0.17722145,-0.091394275,-0.5055204,0.59460676,-0.16752702,0.82998115,0.44764638,-0.6458249,0.5814704,-0.19491518,-0.8560929,-0.18499166,0.006445393,-0.029068783,0.81060386,0.34468347,-0.1093075,0.42971078,-0.18916716,-0.04932842,0.067848876,-0.32050705,0.30707243,0.48283413,0.3867058,0.10849255,0.39938214,-0.15602764,0.8083847,-0.49260724,-0.59405494,-0.79306746,0.86763984,0.27944535,0.23562485,-0.9498557,-0.3672972,-0.2441572,0.22745869,-0.043362353,-0.757344,-0.4473907,0.38549578,0.27509302,-0.29752773,0.2771812,-0.02347153,-0.020290341,0.91238654,0.33777383,-0.335912,0.7336475,-0.05141616,0.2504719,0.70986843,-0.18144207,-0.2832388,-0.37624875,0.2209702
P39310,-0.05723366,0.2589685,-0.31784427,0.07462222,-0.182821,-0.034242447,0.30737084,-0.337946,0.2662319,-0.012724228,0.46037304,0.67061746,-0.2893138,0.2326791,-0.19195244,-0.7317472,-0.56919664,0.5871863,-0.43291736,0.69733024,0.38194567,0.22312969,0.109822355,0.10578033,0.009894025,-0.17421123,-0.4546045,0.6155598,0.35906443,0.7024971,0.3650189,-0.027248245,0.20357653,0.85849017,-0.15493748,-0.34860852,-0.10095937,0.31786218,0.43312284,0.77471673,-0.78580004,-0.22445302,-0.13397202,0.5793763,0.3337529,-0.4168439,-0.32434705,0.381867,-0.2990613,0.049999535,0.1832597,-0.49652582,-0.45125088,0.58246064,0.03585546,-0.09402896,0.90135,0.43817073,-0.038432397,0.6560802,0.09751956,-0.54624265,0.3665594,0.24280113
P0AEU7,0.056276083,0.8243494,0.14050475,0.058903717,-0.22798209,0.15279949,-0.32052988,0.016221205,0.64114565,-0.70171857,0.74057466,-0.04765913,-0.73275906,0.21493456,-0.6174293,-0.5758357,0.5237495,-0.4921033,0.44135106,0.24332212,0.2881599,-0.44173476,0.9858683,-0.26811415,0.27362493,-0.16141215,-0.19284327,-0.15686034,-0.18157983,-0.028836861,0.41786727,0.5495936,-0.27562705,0.29673746,-0.73680055,-0.3786268,-1.0196948,1.2048686,0.18921989,-0.32341152,-0.5268588,-0.09059076,-0.2521541,-0.41987094,-0.34344828,-0.94723815,-0.29836595,-0.021139791,0.41958982,-0.44640356,-0.107653275,0.4769854,0.50016785,1.2758964,0.31962082,-0.6340146,-0.12960273,-0.16010077,0.7524046,0.5044816,0.08155571,0.50732505,-0.77590376,-0.5460502
P05030,-0.28198257,0.66670394,0.059487585,0.21070404,-0.4105579,0.07305938,0.05220996,-0.52695274,0.34521982,-0.054283746,0.6466904,0.36609375,-0.29401428,0.48049286,0.07567042,-0.48134333,-0.13642116,0.019110173,-0.108811945,0.6456044,0.13048996,-0.009694904,0.31516296,-0.15862468,0.020292114,0.12995467,-0.30550003,0.013833579,0.3820506,0.32052255,-0.17213425,0.38392508,0.10981209,0.4852433,-0.23574838,-0.51860964,-0.63678455,0.57006747,0.27299306,0.21534836,-0.6391654,-0.38470805,-0.028931297,0.026492564,0.16927357,-0.6096944,-0.29546413,0.43549386,0.40044352,-0.275529,0.26585162,-0.17668578,-0.0008178912,0.55090773,0.35354778,-0.21819767,0.6616933,-0.19543642,0.2381568,0.39771158,-0.41465092,-0.35512656,-0.4563542,0.11452618
P47068,-0.31867212,0.87239534,-0.07097295,0.09189607,-0.3423394,0.22036889,-0.20467904,-0.1230648,0.497726,-0.5739562,0.7758053,0.3297565,-0.5721112,0.2011916,-0.4418619,-0.43600965,0.3548071,0.28237334,0.11686966,0.66476035,0.2738384,-0.1677879,0.7485792,-0.5117022,0.28971836,-0.09963651,-0.40816998,-0.006322477,-0.12791596,0.35751987,0.47136036,0.6274225,-0.07361028,0.6609649,-0.5266868,-0.74217236,-0.7567672,1.1615878,0.43172464,-0.09394865,-0.7279674,-0.38443255,0.16893065,-0.3638114,-0.18973547,-0.99614686,-0.35478288,0.060472824,0.44303223,-0.1921337,0.11684024,0.12762135,-0.069098145,1.4186451,0.06341361,-0.35626665,-0.005911723,-0.17394201,0.9041401,0.82172066,0.042503282,-0.112226695,-0.4828166,-0.34154123
O22822,-0.06988578,0.419076,-0.15642442,0.14292318,-0.23306768,0.033543322,0.16975383,-0.30611408,0.34161162,-0.124936365,0.5973795,0.5514503,-0.40859914,0.3439149,-0.25611442,-0.7081256,-0.36723506,0.28457853,-0.22941077,0.69649196,0.3388403,0.08101588,0.32083178,0.04513897,0.016714733,-0.14735928,-0.36971074,0.4805846,0.36588854,0.54082155,0.34311584,0.13390452,0.14272034,0.7867814,-0.35734963,-0.4784094,-0.38322753,0.5093659,0.3640799,0.5310489,-0.75436795,-0.1956805,-0.20212021,0.32388306,0.21280278,-0.5645199,-0.36182874,0.3578218,-0.13402866,-0.1487259,0.15438077,-0.29027084,-0.16828239,0.78267574,0.1199431,-0.25062463,0.77104145,0.28593856,0.13486764,0.58515763,0.03016442,-0.32996702,0.02401603,0.11868921
P37887,-0.03880103,0.94706833,0.136385,0.104280986,-0.5071396,0.19155231,-0.12311822,-0.51011026,0.6025529,-0.20959625,0.84767765,0.4269509,-0.64320314,0.5652198,-0.19550547,-0.8027234,-0.12061891,0.009296186,-0.0070660263,0.82278854,0.32947755,-0.13649495,0.45411032,-0.23581925,-0.031138722,0.09099692,-0.32644564,0.26321468,0.44496176,0.37394157,0.1018929,0.4505533,-0.16926134,0.79320776,-0.48219758,-0.6168458,-0.83223104,0.91976315,0.29436383,0.17198676,-0.9632319,-0.37622944,-0.19640389,0.15998355,-0.077619284,-0.80759436,-0.43310937,0.36561108,0.34968293,-0.30786794,0.28584728,0.0056431107,-0.025676366,0.9606487,0.32922742,-0.34286484,0.66251135,-0.109023675,0.32500774,0.71703,-0.20582157,-0.26721367,-0.4285652,0.18702096
P08312,-0.20482498,0.7393551,0.027332,0.1380607,-0.46166542,0.07207515,0.09326598,-0.6635803,0.40057698,0.08822199,0.61748374,0.54973644,-0.3772208,0.53592193,0.09243859,-0.7058757,-0.4415146,0.3068679,-0.2737338,0.8645936,0.2108043,0.07511468,0.13648894,-0.12202399,-0.03639781,0.14748028,-0.37628156,0.2714043,0.5592197,0.5520476,-0.1604791,0.24895948,0.07342139,0.74052197,-0.16189083,-0.50479007,-0.48793867,0.5309579,0.38096765,0.50359523,-0.86562335,-0.46698436,-0.06988893,0.3942862,0.17698476,-0.54534394,-0.42252424,0.52782315,0.2715637,-0.122116566,0.3515842,-0.37681824,-0.23792557,0.50440633,0.2917243,-0.08513893,0.95576084,-0.072752565,0.01769071,0.64157885,-0.35006845,-0.6332179,-0.16849479,0.38240185
P21583,-0.4420261,-1.2121426,-0.31920093,0.16438842,0.60923404,-0.07731942,0.45261496,0.7467005,-0.7162598,0.26136452,-0.45574647,-0.06886916,0.669102,-0.715089,0.28853038,1.0297527,-0.10897257,0.03683112,-0.41877842,-0.524688,-0.32780743,0.21540216,-0.25743788,0.034228504,0.21231496,-0.37601385,0.06595823,0.023929898,-0.46371877,-0.25658983,0.16200213,-0.462766,0.5913964,-0.3946198,0.3054096,0.14297134,0.7169131,-0.860362,0.08060692,0.24942818,0.86469185,0.4187658,0.29811433,-0.25387594,0.34523773,0.49541342,0.545664,-0.27076662,-0.5291234,0.104720876,-0.44965562,-0.278019,-0.054325406,-0.47927904,-0.51354456,0.11984617,-0.3027022,0.30210555,-0.018265761,-0.41312867,0.15083735,0.1579907,0.2888352,-0.35940713
O88554,-0.8230984,0.37244985,-0.08727719,0.14730445,-0.37921387,-0.12804759,0.32796395,-0.71751237,-0.17231947,0.5143283,0.2737552,0.45054063,0.18901145,0.36583838,0.69769186,0.15595607,-0.40690005,0.6319621,-0.6258123,0.69248366,-0.28424963,0.23987433,-0.35027498,-0.08116688,0.011163872,0.35247517,-0.4013149,-0.10037528,0.5469619,0.48681885,-0.6356826,0.17957762,0.3319519,0.34276217,0.42436537,-0.3943193,-0.0009885579,-0.03778459,0.339641,0.5125135,-0.37265718,-0.6734311,0.387482,0.17049012,0.34213588,-0.22864486,-0.16030821,0.55540854,0.53409934,0.16567414,0.40429297,-0.70078194,-0.53093576,-0.2985828,0.075527385,0.3540537,0.859062,-0.44038153,-0.08470214,0.3015539,-0.79265225,-1.0936294,-0.142557,0.48412108
P19414,-0.059891254,0.90267026,0.13752902,0.12056154,-0.49823818,0.16251308,-0.10004416,-0.5318508,0.5624402,-0.16982266,0.79180723,0.41272342,-0.57350945,0.5692004,-0.13285476,-0.7693923,-0.1410715,0.020665117,-0.01967834,0.78348315,0.2835232,-0.10850717,0.42633298,-0.2318092,-0.030685414,0.110200256,-0.31023514,0.19863987,0.44482583,0.36114645,0.032711674,0.44306585,-0.112882085,0.73257715,-0.4368765,-0.5898216,-0.7975445,0.8566343,0.29106492,0.19253884,-0.89618903,-0.3928702,-0.15929955,0.14867777,-0.013317656,-0.7695622,-0.41726372,0.39488873,0.37692642,-0.29700416,0.28341776,-0.033549298,-0.02253623,0.8575916,0.35428378,-0.30633792,0.6666101,-0.13742189,0.2977544,0.6499082,-0.24732865,-0.29587543,-0.4408338,0.1841301
P15822,-0.7884027,-0.15741765,-0.5127967,0.10174115,0.010323469,0.16774622,0.2840322,0.27384365,-0.10027601,-0.15102363,0.26652497,0.65948546,0.122137964,-0.18924102,-0.1669541,0.110027514,-0.16127095,0.7942551,-0.53942406,0.6642274,0.008034095,0.21935716,0.19713064,-0.030044459,0.36117572,-0.23001559,-0.5448307,0.3857765,-0.061461937,0.53814393,0.47469056,0.12070625,0.47382683,0.6438064,0.15084606,-0.68016076,0.20754156,-0.016931029,0.5611884,0.34901357,-0.3804723,-0.14790192,0.36588264,-0.10469619,0.36846557,-0.49665558,0.005464658,0.069288045,-0.27103683,0.04593663,0.108457685,-0.509461,-0.44189212,0.7220014,-0.49268427,-0.018306784,0.31088632,0.37262058,0.47546157,0.55743647,0.0671553,-0.5397922,0.30316067,-0.14760917
P0C0V0,-0.059335217,0.75326335,0.056069728,0.1134076,-0.45077905,0.06495691,0.05399929,-0.64430064,0.43042687,0.058356166,0.6551054,0.5160986,-0.4454712,0.5403628,0.021707403,-0.7654398,-0.4216488,0.22690684,-0.220928,0.8189094,0.26776725,0.044416085,0.1580192,-0.12489563,-0.07562715,0.1179083,-0.32103395,0.3333637,0.5411638,0.4895252,-0.055416573,0.24704506,-0.024959221,0.7617353,-0.25057226,-0.47220296,-0.525095,0.5917286,0.34077156,0.48531166,-0.88526654,-0.40122953,-0.13681492,0.40691108,0.13154748,-0.53282577,-0.41130117,0.4745573,0.21747878,-0.13822852,0.3022438,-0.28597543,-0.21141851,0.5568389,0.30657294,-0.14280608,0.9120682,-0.03007108,0.017195873,0.6375848,-0.27759132,-0.5424748,-0.17148826,0.39131808
P32527,-0.55164856,0.8781056,0.004843845,0.13665986,-0.550537,0.19632624,-0.14885917,-0.4631719,0.40529874,-0.3071627,0.70257455,0.34069714,-0.2854256,0.38360742,0.06677857,-0.24437506,0.19456011,0.30150926,-0.044185765,0.71991104,0.08721818,-0.051074296,0.41122228,-0.5274521,0.205381,0.21660864,-0.33215547,-0.21952967,0.15430397,0.38713133,-0.10020372,0.70148927,0.07543065,0.5006034,-0.13988766,-0.7121426,-0.7094698,0.8341383,0.40336725,-0.10389085,-0.6913366,-0.49346885,0.35505268,-0.2879729,0.05161606,-0.8960752,-0.20188388,0.28442788,0.71750104,-0.22882263,0.33020616,-0.07370131,-0.14832349,0.90024745,0.2283792,-0.18456161,0.23835562,-0.4089147,0.6439423,0.5772337,-0.42891878,-0.45481881,-0.6146293,-0.07919515
P40763,-0.5471611,0.21664962,-0.13081704,0.19277208,-0.25502568,-0.13897336,0.37655473,-0.6003876,-0.11784281,0.43161455,0.2746138,0.502473,0.08695011,0.32248017,0.52883273,-0.10948709,-0.4761564,0.4477383,-0.5370599,0.61023676,-0.12440471,0.21462262,-0.17603192,0.08004764,-0.055390622,0.17845899,-0.377266,0.047085684,0.47641176,0.47566605,-0.48882642,0.057569865,0.4075812,0.359729,0.19358146,-0.29968292,-0.05686405,-0.06682262,0.28334895,0.628556,-0.39305127,-0.5199341,0.110007614,0.25040862,0.37456867,-0.1458238,-0.2246927,0.60663646,0.28246018,0.0883372,0.3154362,-0.59633285,-0.39496407,-0.24227665,0.17333116,0.22281694,0.9986818,-0.2060249,-0.12653908,0.24376807,-0.6218586,-0.80454206,-0.03182646,0.4093092
O96033,-0.5884558,0.50197804,0.014222297,0.26365635,-0.364948,-0.032298956,0.16346696,-0.63083273,0.06207319,0.11336356,0.48994315,0.27018744,0.01843141,0.37224555,0.4376711,-0.02453895,-0.12749118,0.09289034,-0.25745055,0.53686494,-0.11583565,0.08377918,0.059760578,-0.18018055,0.029144175,0.29181552,-0.21980624,-0.22898914,0.3897975,0.2868237,-0.5010799,0.36323056,0.2470311,0.1943309,0.10726883,-0.42583,-0.4635952,0.26853538,0.22923434,0.19200279,-0.32800624,-0.44039908,0.20381775,-0.106270894,0.27504998,-0.44167137,-0.13275051,0.46835986,0.58536595,-0.18547104,0.2885066,-0.32525474,-0.07175501,0.098895386,0.31438556,-0.034364652,0.61685336,-0.43669546,0.1857254,0.15575927,-0.71210074,-0.5481142,-0.52685237,0.20036906
A1B198,0.23678425,0.63719803,0.0140160015,0.094224386,-0.15056592,0.12938409,-0.07803434,-0.018500594,0.59343916,-0.4277123,0.7794173,0.3289301,-0.7409737,0.35398006,-0.62123835,-0.94688183,-0.007947706,-0.13163921,0.11464012,0.53958887,0.47162253,-0.19243711,0.7509765,0.018019497,0.09162398,-0.34795737,-0.30479962,0.4850702,0.1757944,0.29664555,0.6879004,0.2533091,-0.19322821,0.76999265,-0.8169044,-0.46798497,-0.70949984,0.9652773,0.2759482,0.24675077,-0.8223842,-0.06815092,-0.4828894,0.10425017,-0.11253312,-0.7959212,-0.4421346,0.15658036,-0.15808569,-0.28755194,-0.01401858,0.16584638,0.18787436,1.2459619,0.1782582,-0.5646124,0.4820646,0.30972403,0.38319078,0.681061,0.3007853,0.18318877,-0.19714531,-0.21043101
D5GCF2,-0.36403018,0.64804596,-0.18913795,0.10203348,-0.25959542,0.21384107,-0.1272381,0.04494928,0.40648362,-0.58504397,0.6934829,0.40172175,-0.4938128,0.12917727,-0.45966235,-0.38547194,0.28918198,0.37528408,0.059547424,0.6146803,0.2437007,-0.108287364,0.75982237,-0.39754608,0.3164229,-0.1725693,-0.42680204,0.021880891,-0.1378804,0.4149731,0.5639157,0.56329644,0.08094763,0.65843236,-0.48180792,-0.776621,-0.6224751,1.0045376,0.4631117,-0.04184115,-0.6360284,-0.29716405,0.14268327,-0.38992655,-0.08069289,-0.98294187,-0.3460364,0.08245984,0.26340154,-0.19860803,0.08172324,0.08087486,-0.06185917,1.4183776,-0.019235905,-0.36330554,0.02147837,-0.039446153,0.9459812,0.7638655,0.11007778,-0.085281536,-0.38810363,-0.4293709
P04156,-0.8583163,-0.61079687,-0.0064280042,0.09272292,0.04290383,-0.034026083,0.21828806,-0.119321525,-0.73756146,0.5733828,-0.4093231,-0.0608384,0.7169492,-0.37969193,0.9960847,1.4377962,-0.076710165,0.20979238,-0.48799208,-0.19515607,-0.64503115,0.2056653,-0.7130531,-0.44794634,0.124830216,0.48463568,0.14788602,-0.61056936,-0.18377316,-0.2596711,-0.80242026,-0.060576346,0.49389026,-0.6264221,0.7986951,0.0058511123,0.41874582,-0.800339,0.0013854876,-0.01154995,0.7664786,-0.048500147,0.93199927,-0.41503206,0.27999267,0.5121349,0.63420147,-0.043336995,0.5576439,0.11200799,-0.037501916,-0.4171731,-0.39967087,-0.9811146,-0.20092843,0.569356,-0.29363018,-0.61163,0.035449952,-0.39313698,-0.73434603,-0.49104568,-0.31449378,0.15561455
P32790,-0.22772813,0.841215,-0.07770853,0.096193,-0.29392686,0.22930643,-0.19456989,-0.04132709,0.5376273,-0.60206676,0.7680608,0.3181891,-0.6489789,0.21386263,-0.5206616,-0.54286,0.32647672,0.21037313,0.17057478,0.6242776,0.31862396,-0.21319318,0.83538234,-0.41611573,0.28725067,-0.1646383,-0.40704066,0.036808338,-0.099905916,0.3629017,0.550174,0.5840617,-0.06681428,0.6878188,-0.62549084,-0.72613907,-0.79111814,1.1904229,0.41090897,-0.057856992,-0.73439795,-0.32197672,0.024310939,-0.324898,-0.19850764,-1.0159289,-0.40545687,0.085949145,0.3446882,-0.24090977,0.09554231,0.17480013,0.008003686,1.4597104,0.097012386,-0.43170413,0.05031781,-0.09540872,0.8898117,0.82026744,0.11442198,-0.003286453,-0.4736327,-0.39633211
P01317,-0.3809159,-1.2198609,-0.21033795,0.046311066,0.43126598,-0.21453056,0.4670761,0.25832915,-0.8586081,0.6368566,-0.6192428,-0.0011334568,0.86694926,-0.61208147,0.7299924,1.1768415,-0.4323851,0.19585687,-0.60043365,-0.4845243,-0.49960297,0.3880003,-0.8365726,0.011136532,-0.049596097,-0.069464505,0.2386453,-0.03917675,-0.25633115,-0.3081222,-0.35902128,-0.6079046,0.5922712,-0.5661618,0.6900762,0.34085017,0.85341614,-1.1534561,0.037969485,0.38312638,0.8318154,0.37068996,0.5271454,0.010004289,0.47221014,0.8404749,0.63051164,-0.11676466,-0.33600882,0.24015687,-0.35561386,-0.53344554,-0.32978722,-1.0859381,-0.4135334,0.43594158,-0.13670254,0.15929814,-0.42637053,-0.5473702,-0.16296904,-0.1327593,0.34836635,0.077825055
P16435,-0.6078521,0.6002215,-0.0035105804,0.15141888,-0.46113983,-0.097030096,0.2607594,-0.8010971,0.08033252,0.42919323,0.38924068,0.503297,-0.032186985,0.48658046,0.5350083,-0.25170332,-0.47093934,0.53301996,-0.5082249,0.8029157,-0.09690265,0.1608362,-0.18774442,-0.072504416,-0.01990189,0.3055803,-0.4293322,0.013274264,0.60803026,0.56258744,-0.5746918,0.22007607,0.22252554,0.4934733,0.20240602,-0.39857054,-0.20135099,0.19555157,0.38358018,0.5817168,-0.6181525,-0.6968998,0.22577617,0.32106233,0.26974702,-0.34346437,-0.31654385,0.6285185,0.5081148,0.10163905,0.41714874,-0.6151169,-0.43764895,-0.095696345,0.22201133,0.23109835,1.0132536,-0.3627872,-0.13619736,0.44375598,-0.7084619,-1.0241725,-0.15283878,0.47983974
O13877,-0.47607857,0.5371752,0.08001182,0.27259615,-0.3276032,0.025495157,0.04563354,-0.5036068,0.18433988,-0.08109764,0.5458269,0.1048615,-0.057850286,0.35679483,0.29199618,-0.06970365,0.097883545,-0.20456445,-0.016928278,0.3757783,-0.085165724,-0.026646314,0.31983113,-0.23261702,0.09716889,0.23894322,-0.13941838,-0.40447673,0.23624776,0.12096213,-0.43189514,0.4600574,0.18436071,0.057578374,-0.03721343,-0.39024103,-0.6661695,0.4306891,0.15598255,-0.05994609,-0.23520328,-0.31702995,0.11195746,-0.30939686,0.2142826,-0.55279785,-0.09037582,0.38267794,0.65014774,-0.3563971,0.19290984,-0.08514792,0.19661677,0.27985704,0.4164519,-0.20181018,0.40025777,-0.4631583,0.35698393,0.085866936,-0.64143836,-0.21556172,-0.7622166,-0.014386592
Q9BYF1,-0.09861562,0.3777475,-0.079925224,0.17457016,-0.23164664,-0.008956985,0.18986478,-0.36529717,0.25388882,-0.004400566,0.5508007,0.45291427,-0.2951006,0.36986712,-0.052711736,-0.5833699,-0.34214646,0.11891203,-0.2196717,0.59784263,0.2192039,0.08050748,0.25037926,0.04980579,-0.015990164,-0.055810086,-0.31459248,0.31483042,0.37959826,0.40499467,0.09269462,0.120683946,0.17167708,0.5888654,-0.2723366,-0.37424928,-0.3896927,0.370816,0.26944044,0.49888432,-0.6292647,-0.22933821,-0.21293113,0.26614037,0.22734058,-0.43644345,-0.29950124,0.4198056,0.0027819509,-0.1518366,0.1516867,-0.2967544,-0.087459825,0.4948489,0.19780949,-0.19510585,0.7991059,0.13333902,0.07559951,0.40889546,-0.16508639,-0.30443898,-0.09911701,0.15323146
P52987,0.049533606,1.0875705,0.1982037,0.06281257,-0.4273871,0.271725,-0.27283067,-0.30547765,0.73866683,-0.4258437,0.9306359,0.30005324,-0.84796464,0.49087253,-0.44113657,-0.8806949,0.17061871,-0.17227969,0.17876244,0.71649945,0.43795508,-0.3220716,0.75402194,-0.29060152,0.08481632,-0.024684153,-0.34016955,0.2350785,0.25282365,0.24972153,0.32639453,0.5509558,-0.37839773,0.77921265,-0.7467384,-0.60451555,-0.9716599,1.213322,0.24803197,0.010455772,-1.010963,-0.35170385,-0.279849,-0.008552961,-0.32602084,-0.95631063,-0.44353798,0.17976855,0.36077797,-0.33051348,0.1951499,0.28341985,0.09467608,1.2729144,0.31626835,-0.48626882,0.41783303,-0.13018276,0.521314,0.82330614,-0.046674296,-0.015791329,-0.5094594,-0.07754989
P03971,-0.29477423,-0.9905245,-0.68165666,0.0408704,0.50057876,-0.013990981,0.655613,0.5774781,-0.46320513,0.27653915,-0.21785294,0.62197065,0.3369421,-0.5498237,-0.12747592,0.30550236,-0.47876152,0.7559065,-0.7268203,0.17995884,0.202558,0.39710546,-0.31304303,0.24124166,0.12354696,-0.6215012,-0.44435608,0.9146594,-0.19768806,0.21906748,0.6267221,-0.55675966,0.45941377,0.49983907,0.18258646,-0.1570988,0.8203647,-0.683995,0.2715406,0.8682805,-0.1056299,0.24160738,0.18049216,0.44666368,0.39416936,0.4847504,0.32852232,-0.11136783,-1.0618874,0.35465103,-0.20459366,-0.6017282,-0.7385552,-0.0755993,-0.6796931,0.19497025,0.40878254,0.8781522,-0.14857805,0.3890127,0.4553827,-0.42430744,1.076138,0.10824376
Q8G5B7,-0.138844,1.1147987,0.19804047,0.11426652,-0.5974546,0.23134616,-0.22596437,-0.59949523,0.6450033,-0.30898538,0.9021728,0.29874018,-0.6222546,0.5872422,-0.11740473,-0.65812504,0.12377217,-0.12909508,0.11086507,0.75365716,0.24862684,-0.24591811,0.55492985,-0.4009665,-0.0010529347,0.20477876,-0.32996672,-0.01794969,0.35324556,0.22103572,-0.0902435,0.6631614,-0.22740957,0.6144335,-0.45214036,-0.65314436,-1.0384455,1.0428274,0.23145312,-0.12233621,-0.92896736,-0.45537028,-0.08049709,-0.068431936,-0.16892543,-0.9067924,-0.37711573,0.33889747,0.6757209,-0.3812456,0.325277,0.16040504,0.07937114,0.9776583,0.4329817,-0.3578886,0.44866252,-0.39913327,0.5199109,0.6449457,-0.40191418,-0.1849227,-0.7147832,0.10051794
P68767,0.06689896,0.6651473,-0.006344446,0.097045936,-0.365037,0.075172745,0.09322619,-0.5220848,0.4764243,-0.0029126704,0.6713108,0.538972,-0.52642727,0.51872456,-0.1319426,-0.89356285,-0.46300554,0.19686404,-0.20391595,0.7681017,0.36460692,0.049922995,0.24029247,-0.043440744,-0.07118115,-0.023327455,-0.32983738,0.47050875,0.52774894,0.52104366,0.12870066,0.16904712,-0.023503594,0.8430416,-0.3690414,-0.4575584,-0.48438644,0.6038761,0.31385863,0.5441628,-0.8846541,-0.3113962,-0.2633072,0.48936802,0.13471556,-0.537193,-0.4429064,0.43719047,0.0038439576,-0.14138371,0.24438784,-0.24205557,-0.17933421,0.65871555,0.27781537,-0.21731877,0.94796675,0.15986823,-0.02214285,0.68214726,-0.09938269,-0.43425205,-0.05377293,0.34360918
O15393,-0.72081506,-0.74572146,-0.04214804,0.088625796,0.04013558,-0.15703405,0.37639546,-0.2497196,-0.81634706,0.75311106,-0.43282992,-0.026882812,0.7757444,-0.26357663,1.0573928,1.3350049,-0.28955245,0.25603652,-0.6041119,-0.22275458,-0.60648555,0.2826149,-0.92090684,-0.29204425,-0.06652747,0.4578078,0.17591341,-0.45120385,0.06801668,-0.25945988,-0.8035525,-0.15540697,0.5059214,-0.50991315,0.86617255,0.057931885,0.5569962,-0.9443754,-0.043775596,0.19695927,0.7489019,-0.0823434,0.82334495,-0.11473986,0.40139368,0.6692098,0.63245726,0.061149865,0.3602797,0.15401737,-0.017691426,-0.53100294,-0.469753,-1.2383406,-0.1394627,0.59856224,-0.03658119,-0.5167251,-0.2523722,-0.5222651,-0.7480845,-0.6442865,-0.14429206,0.39541742
C5M3T7,-0.09568244,0.89296716,0.09027068,0.12138134,-0.49075076,0.20707123,-0.09638138,-0.44719306,0.6064552,-0.2414751,0.8254024,0.45501477,-0.6141244,0.5430781,-0.20774809,-0.80049217,-0.13142124,0.06568116,-0.028708443,0.8368508,0.33299124,-0.10136406,0.49284166,-0.22950609,-0.0003743656,0.05332312,-0.356605,0.2558913,0.4301803,0.4321723,0.13259314,0.44580522,-0.07368321,0.82687503,-0.47580057,-0.6471494,-0.7998386,0.9093397,0.34011266,0.17915389,-0.9274208,-0.37914774,-0.17672732,0.14127809,-0.032726575,-0.8516233,-0.446346,0.38078365,0.32467166,-0.30687523,0.294319,-0.030885164,-0.02740876,1.0036837,0.29550615,-0.34653205,0.64684105,-0.0792879,0.3658583,0.7298894,-0.15577884,-0.2781611,-0.4128821,0.12490079
P19544,-1.0006803,-0.2798453,-0.24689181,0.1573146,-0.06601198,-0.07018713,0.5003804,-0.3844981,-0.5729055,0.70741355,-0.092842355,0.38179988,0.5601804,0.03225135,0.8751097,0.7574657,-0.4489135,0.75242734,-0.82246685,0.46530128,-0.43939722,0.3929957,-0.67597294,-0.11802816,0.01675265,0.2996562,-0.31125128,-0.089978784,0.35314462,0.3141429,-0.59740305,-0.047227833,0.5660395,0.15159237,0.72354615,-0.33266348,0.49276435,-0.5540519,0.29972768,0.5035829,0.078940846,-0.4483222,0.6341561,0.054261707,0.51186633,0.20309673,0.17804526,0.35018313,0.2648503,0.24753429,0.301261,-0.78138936,-0.7545402,-0.6744282,-0.2555642,0.571128,0.56499654,-0.33100963,-0.11189974,0.110825524,-0.6967737,-1.0942119,0.12055828,0.49204534
P19971,-0.22500157,0.25796703,-0.1885629,0.13638934,-0.22504376,-0.07049619,0.35783133,-0.5570818,0.07607061,0.2857996,0.39954478,0.57095957,-0.109386444,0.26756936,0.26122203,-0.4185865,-0.656001,0.4546435,-0.5072348,0.6536091,0.14828601,0.24076426,-0.1363855,0.08782144,-0.08462846,0.030189484,-0.35853738,0.44312364,0.44557524,0.5652299,-0.1569574,-0.07928047,0.23097381,0.6474163,0.034476303,-0.25143906,-0.03645754,0.05478862,0.2877068,0.80777615,-0.6397969,-0.32674524,-0.05898819,0.55045485,0.30529988,-0.14209217,-0.27721426,0.48224637,-0.030144405,0.1109958,0.24164236,-0.5751212,-0.44755334,0.059581548,0.09816553,0.078907795,1.0567715,0.13003501,-0.25774452,0.44197062,-0.31304425,-0.6872703,0.23290372,0.48958546
P01563,-0.08168286,-1.2665983,-0.12814973,0.08365167,0.6887901,-0.21698663,0.43981543,0.6689749,-0.6937824,0.38840398,-0.5571076,-0.2040596,0.60526514,-0.6803602,0.26685792,0.89614785,-0.1768471,-0.26717553,-0.33898035,-0.74044824,-0.33282197,0.15314475,-0.36011636,0.17186585,0.056317743,-0.38921246,0.26006436,0.046179634,-0.42254877,-0.5128939,0.08480844,-0.6148261,0.43966448,-0.5909308,0.20616582,0.4565119,0.7219681,-0.907375,-0.0639532,0.2850476,0.98164314,0.54127157,0.11993255,-0.12887993,0.28526002,0.72423995,0.573985,-0.2864866,-0.6106174,0.093889646,-0.57469153,-0.17180681,0.0842517,-0.79248875,-0.40072438,0.12739813,-0.28272945,0.33595157,-0.28761488,-0.5783111,0.16536029,0.35573813,0.264125,-0.2758079
O75563,-0.89204276,-0.17029467,-0.16689382,0.18143134,-0.1259847,-0.15262859,0.42345476,-0.50164366,-0.52125335,0.5975999,-0.011776172,0.2779371,0.500434,0.09627109,0.8728726,0.7107277,-0.3328694,0.54421884,-0.6995396,0.33643883,-0.43088752,0.2945038,-0.54258174,-0.11113761,-0.018932022,0.385599,-0.17850773,-0.27137238,0.37435582,0.23885304,-0.6610718,0.06064352,0.51467776,0.02338193,0.6253319,-0.27673453,0.28395858,-0.42100972,0.20001024,0.4176853,0.15367633,-0.45284534,0.555252,-0.04244905,0.4673735,0.117220744,0.13854043,0.38994893,0.42097417,0.15950233,0.2929883,-0.6547825,-0.54785746,-0.69407845,-0.029392075,0.4704253,0.53522205,-0.5015748,-0.060117044,-0.08093044,-0.780259,-0.9530957,-0.13294737,0.41882652
P0AAI4,-0.19377512,0.96945906,0.19209929,0.1845715,-0.5813179,0.110580325,-0.06062506,-0.7982267,0.47951952,-0.015173353,0.7662105,0.34853128,-0.42038643,0.65588427,0.17363141,-0.6022354,-0.13675004,-0.06358943,-0.037504002,0.7546298,0.121063754,-0.09233004,0.28614908,-0.2840167,-0.08648883,0.30821937,-0.29074746,-0.05084927,0.53979427,0.26044732,-0.39643613,0.5256221,-0.06562523,0.49922508,-0.23197368,-0.591326,-0.8870887,0.7145756,0.21345821,0.07633379,-0.8058463,-0.50084364,-0.048675247,0.08418206,0.06607199,-0.6643807,-0.3825075,0.5113404,0.6449371,-0.34185904,0.37308067,-0.08664073,0.034367863,0.5339882,0.5226563,-0.2051917,0.73023057,-0.4143402,0.24162903,0.4851025,-0.5980774,-0.40766045,-0.65218765,0.30894414
O75112,-1.0566896,-0.14021552,-0.12972099,0.118784964,-0.02918664,0.11323722,0.21135119,-0.15556198,-0.44273856,0.323113,-0.1539471,0.20995285,0.53160495,-0.2233049,0.7508931,0.9503616,-0.042084776,0.6122121,-0.53775,0.25741288,-0.40685725,0.23619446,-0.42464772,-0.52014387,0.24987271,0.38296708,-0.070671946,-0.42019767,-0.025707709,0.1213384,-0.45059875,0.22126457,0.4301643,-0.12832013,0.6684438,-0.42339012,0.30810678,-0.32394275,0.26072088,0.036400996,0.3010605,-0.2804359,1.023824,-0.4599942,0.39446053,0.019616991,0.39502305,0.014389904,0.42581213,0.115733966,0.18867916,-0.42989862,-0.6024311,-0.32486522,-0.2296608,0.4074908,-0.13021325,-0.51251435,0.27984917,0.10556969,-0.6292744,-0.8485392,-0.20296864,0.07084665
O15054,-0.8717197,-0.52540797,-0.538792,0.06633933,0.19976078,0.21370143,0.4226746,0.46542934,-0.30555746,0.061742492,-0.041499704,0.65669024,0.36223853,-0.39576682,0.018554699,0.45318818,-0.29782978,0.975946,-0.7315056,0.56636226,-0.06393793,0.3509227,-0.1623148,-0.16752562,0.37930343,-0.28583908,-0.5247251,0.5198587,-0.20711982,0.45562762,0.47935817,-0.09924066,0.49802265,0.59035975,0.40013483,-0.5745036,0.62798446,-0.39752662,0.5325792,0.47545955,-0.15690383,-0.085889235,0.6181323,-0.044160802,0.433668,-0.10814087,0.24847871,-0.10441431,-0.484143,0.2536406,0.066595346,-0.6369465,-0.7395973,0.350896,-0.7637181,0.25065595,0.16282864,0.45268118,0.29744712,0.55340123,0.12186822,-0.7010722,0.6545891,-0.0012037549
P15291,-0.5028146,-0.4213621,-0.4629495,0.094505906,0.10621883,-0.04858169,0.55438125,-0.12182887,-0.3118112,0.40055534,0.0107702315,0.65803266,0.28765565,-0.12673967,0.26461276,0.103227586,-0.66491115,0.82320833,-0.78561276,0.5191072,0.01650174,0.42568737,-0.36676863,0.14315078,0.020394612,-0.12645508,-0.42437834,0.5334234,0.16302638,0.5195368,0.07046051,-0.29534963,0.5162464,0.5698429,0.3634133,-0.2068512,0.5313904,-0.45160213,0.36638144,0.88439655,-0.3288172,-0.19546576,0.20961216,0.45902926,0.46694264,0.18428113,0.041649252,0.30079123,-0.3667627,0.29998177,0.14072087,-0.802484,-0.750159,-0.21313484,-0.37942868,0.33242372,0.76893383,0.3537897,-0.19374964,0.35491693,-0.13412653,-0.8306781,0.6567273,0.41647297
P0DP23,-0.63657117,0.54387534,0.07808968,0.06591563,-0.5143861,-0.2915051,0.27282134,-1.1675646,-0.049342707,0.64447963,0.27241516,0.2587128,0.04497114,0.4942449,1.060668,0.17452979,-0.36112583,0.5076631,-0.58133173,0.59518266,-0.25864863,0.08324287,-0.4298933,-0.22722541,-0.1626701,0.7111441,-0.23739898,-0.33462858,0.7533526,0.41697478,-1.1075685,0.29462504,0.06374834,0.07383023,0.31255588,-0.2820143,-0.27905855,0.08419177,0.12592392,0.4084134,-0.22420819,-0.8193518,0.53677875,0.2708875,0.30563727,-0.078920946,-0.19076023,0.6354876,0.9396206,0.250135,0.56927073,-0.5141073,-0.47105572,-0.68800914,0.5218606,0.53018075,0.926155,-0.85468775,-0.25497204,0.23829615,-0.887133,-1.1209755,-0.43327206,0.6179024
P17931,-0.8639325,0.21283263,0.104083665,0.15863444,-0.107283324,0.2695598,-0.18815356,0.03457585,-0.1228417,-0.21671787,0.12219671,0.07065606,0.23756832,-0.175477,0.25313327,0.6466614,0.49508655,0.22885528,0.0026683211,0.17839055,-0.2925197,-0.01771116,0.10839259,-0.76818335,0.40717146,0.31686196,0.0487492,-0.5904603,-0.32584274,-0.09924187,-0.09554881,0.5947529,0.12401753,-0.18975578,0.29449236,-0.5225059,-0.24417578,0.29853037,0.24329361,-0.3912168,0.1833112,-0.27941513,0.9497099,-0.8984395,0.057098866,-0.4870413,0.35866675,-0.2192781,0.67003065,-0.17343475,0.012376696,-0.012510385,-0.1781265,0.37847722,-0.12920274,0.043632396,-0.6024842,-0.55219316,0.7820387,0.20248356,-0.45355487,-0.32609728,-0.612039,-0.32257068
P00390,-0.24134491,0.556548,-0.08243655,0.15441056,-0.3537184,0.079010054,0.1397998,-0.4812111,0.33831584,-0.018993959,0.6043951,0.5495769,-0.32673806,0.4029869,-0.023346592,-0.6003587,-0.385236,0.31014878,-0.27576947,0.78399223,0.2416832,0.100470856,0.21220769,-0.052144505,0.022053625,0.023659825,-0.3904078,0.33863083,0.4126774,0.5494732,0.030584686,0.18536294,0.13915168,0.742357,-0.19766653,-0.50492835,-0.39842966,0.47533897,0.3747687,0.5048106,-0.78532535,-0.34535864,-0.059596427,0.31195074,0.20021851,-0.5528301,-0.36476135,0.4217144,0.11734823,-0.12315697,0.26907957,-0.37075958,-0.22558784,0.62432104,0.18098788,-0.14513612,0.8399699,0.0830373,0.082542345,0.59028816,-0.2052327,-0.512129,-0.07844569,0.23502207
Q9UTI7,-0.12910533,0.8572684,-0.0733619,0.076418966,-0.33752757,0.26670036,-0.1592874,-0.0902044,0.62681687,-0.53357923,0.82889456,0.42043614,-0.71388096,0.29581302,-0.49493024,-0.7340311,0.11259047,0.21867597,0.09324175,0.7717061,0.41314656,-0.19044413,0.76997757,-0.30268943,0.19146413,-0.14485742,-0.41530496,0.27319798,0.097687155,0.4854021,0.55680573,0.4713436,-0.08373711,0.87907785,-0.6525225,-0.7325848,-0.7697735,1.1555183,0.4155325,0.10340856,-0.9181328,-0.27928576,-0.121145554,-0.08824453,-0.17652845,-1.0186834,-0.47641006,0.18822257,0.203671,-0.2553282,0.17028353,0.10957804,-0.06038588,1.4543693,0.11022123,-0.44777268,0.31241676,0.040479198,0.7232197,0.9094681,0.16257423,-0.04312308,-0.3344429,-0.2534545
P23202,-0.001576513,0.6992836,-0.20355164,0.08992301,-0.06441553,0.22293364,-0.09348011,0.2021443,0.57428986,-0.64924985,0.7788993,0.41425747,-0.76437336,0.12612033,-0.7630813,-0.844622,0.13467431,0.20442003,0.15178227,0.6494118,0.4887787,-0.21720241,0.93466544,-0.15138148,0.2721132,-0.42501968,-0.41944218,0.41253063,-0.027314672,0.45416844,0.9218656,0.3423794,-0.08474273,0.8481704,-0.81626993,-0.6830542,-0.699953,1.1684188,0.41890112,0.16749743,-0.854623,-0.08141735,-0.31866777,-0.12330558,-0.18172547,-1.0083107,-0.5243229,0.08339952,-0.15535714,-0.23761345,-0.0014016777,0.16705504,0.036180664,1.6563565,0.0007758765,-0.5802513,0.24939668,0.3064543,0.80544114,0.97029096,0.44779092,0.22573522,-0.16072664,-0.48346463
C5M5Z6,0.1014626,0.7281696,-0.13197793,0.06709112,-0.1572054,0.19707723,-0.05916941,0.024936127,0.6559883,-0.5290202,0.791893,0.46942997,-0.78199023,0.2632776,-0.66951114,-1.0023274,-0.0422808,0.21158546,0.061536297,0.70866406,0.54868096,-0.16507317,0.8008111,-0.09852058,0.13637917,-0.33127898,-0.37297118,0.5397781,0.20773996,0.5437287,0.8190686,0.31954175,-0.116735436,0.9714022,-0.7640355,-0.6577418,-0.6922398,1.1180432,0.3887808,0.27581805,-0.9247961,-0.12661107,-0.33341563,0.10111703,-0.09664336,-0.994957,-0.5347939,0.17877929,-0.18751697,-0.24625242,0.081353575,0.12949745,-0.03242081,1.4694641,0.11100238,-0.5449432,0.44398916,0.32869273,0.574775,0.948684,0.40711206,0.03839995,-0.10218343,-0.2637849
O00399,-0.412052,0.3094816,-0.024139374,0.24760915,-0.24231754,-0.10938915,0.22334908,-0.51454026,0.0006777458,0.13429573,0.4062413,0.26208335,0.03802769,0.31339428,0.3255256,-0.080484405,-0.20646799,0.022801911,-0.27794665,0.37291208,-0.097481064,0.05381646,0.08655945,-0.036339425,-0.03566474,0.19951412,-0.19028367,-0.15421437,0.36307213,0.22293171,-0.37523043,0.23935515,0.2968336,0.1817097,0.04208585,-0.316094,-0.37501425,0.18780993,0.18563166,0.30055577,-0.23778008,-0.34325507,0.033973902,-0.047073327,0.30469793,-0.33517,-0.14742482,0.47315797,0.40162504,-0.19006175,0.19592896,-0.301084,-0.014070164,-0.01489751,0.29987362,-0.048782773,0.62843055,-0.3249305,0.13852483,0.034731627,-0.60163987,-0.41421714,-0.42062923,0.1671624
P06367,-0.63974226,0.27389464,0.3340375,0.25371552,-0.26192072,-0.06464567,-0.021171138,-0.77993983,-0.1881416,0.39941233,0.2583238,-0.2042819,0.21551505,0.2164382,1.0303935,0.74711585,-0.03938736,-0.2538292,-0.22694951,-0.001666233,-0.4786054,0.012484571,-0.24734652,-0.4376854,0.06618561,0.7285714,0.22542645,-0.9063706,0.17346713,0.007890791,-1.0948379,0.29136148,0.16393855,-0.5243076,0.25361523,-0.083703175,-0.3660019,-0.022328062,-0.080785625,-0.073625624,0.46713266,-0.39404157,0.4905783,-0.46137896,0.08901852,-0.08040449,0.14574568,0.32051727,1.1790868,-0.13352482,0.17365679,-0.1997595,0.1205686,-0.5840929,0.4058214,0.30059415,0.25591248,-1.0730942,0.12334461,-0.39025724,-1.018875,-0.40132183,-0.9757179,0.2654915
O54288,0.2582139,0.66478807,-0.05253905,0.089493126,-0.08375558,0.15236244,-0.06657703,0.0509928,0.63289547,-0.4889396,0.7889692,0.36948314,-0.7906501,0.30183247,-0.7098841,-1.040951,-0.017097376,-0.032495975,0.11006874,0.57186586,0.5407626,-0.19520257,0.8103836,0.018399313,0.115906134,-0.43043002,-0.31718063,0.57980156,0.1797314,0.3765974,0.8271282,0.248918,-0.20539683,0.8556718,-0.8710687,-0.5186515,-0.7047267,1.0465384,0.31413856,0.27742133,-0.8712458,-0.04484802,-0.5008683,0.12240284,-0.112647444,-0.86480975,-0.49099758,0.13053332,-0.27958012,-0.26860887,-0.009312071,0.19218113,0.13099693,1.3770022,0.1442897,-0.605622,0.47805214,0.39683175,0.42742926,0.80468106,0.4181258,0.19472675,-0.09748018,-0.25982875
P09608,0.124286145,0.6323689,-0.12445599,0.08279476,-0.16457774,0.15171868,-0.017873108,-0.024865,0.5845879,-0.46773162,0.7611442,0.46571222,-0.7121598,0.30087855,-0.61236984,-0.95166737,-0.104448184,0.17964289,0.023790732,0.6765171,0.50234216,-0.1207936,0.7135848,-0.029481463,0.103337884,-0.32534385,-0.35556424,0.5476768,0.23775265,0.5012874,0.76221335,0.2785525,-0.07109373,0.9233234,-0.72365844,-0.604775,-0.6431864,0.97310424,0.36865994,0.315405,-0.8794555,-0.09845024,-0.3460076,0.14585736,-0.012291994,-0.8853792,-0.4824383,0.19733976,-0.21766615,-0.24348366,0.0694564,0.06907405,-0.003159698,1.3501308,0.11198002,-0.5198516,0.49174464,0.3621446,0.46445745,0.8231734,0.35663635,0.025129972,-0.079239085,-0.19526109
P0A912,-0.18211098,0.9586389,0.15343954,0.093010545,-0.37957776,0.19866247,-0.32195088,-0.2286558,0.5846725,-0.6089349,0.7577119,0.023098215,-0.59985435,0.27462438,-0.33861464,-0.43708962,0.5137464,-0.23512197,0.34708306,0.41282782,0.21267144,-0.3353773,0.80992514,-0.47758788,0.26088148,0.048867762,-0.22385941,-0.29560882,-0.087066606,0.05900994,0.1762861,0.7194447,-0.2189874,0.32793656,-0.52672166,-0.5124426,-1.0007488,1.1873643,0.23956144,-0.35432404,-0.56529695,-0.2978426,0.05320373,-0.45448965,-0.24578997,-0.9680708,-0.22612089,0.043507494,0.6813838,-0.38134134,0.075831145,0.35229445,0.26888165,1.1786983,0.35998192,-0.48369166,-0.10177459,-0.3873694,0.78271675,0.53682536,-0.16255714,0.1695122,-0.84011406,-0.386003
P62829,-0.67413163,0.27449065,0.27444765,0.23014535,-0.2891141,-0.1476827,0.07097049,-0.8934788,-0.1994531,0.47366676,0.22620642,-0.12837642,0.20702544,0.26781908,1.1178823,0.674316,-0.1410481,-0.08885377,-0.32922557,0.06736011,-0.4462644,0.05965723,-0.3309397,-0.37698922,0.028827477,0.77645504,0.16144675,-0.8697525,0.32292712,0.13016728,-1.1619136,0.28540832,0.18190879,-0.44166318,0.3040615,-0.10507448,-0.3141739,-0.06401338,-0.085362606,0.069187835,0.4358561,-0.50949526,0.5299346,-0.32230538,0.18963811,-0.025704354,0.10503473,0.40678585,1.1457773,-0.046176225,0.2675977,-0.2918637,-0.01843201,-0.7238161,0.48654965,0.38913056,0.42642993,-1.0807369,0.0007249862,-0.34173322,-1.0417385,-0.60413575,-0.85593134,0.38825378
A0A075TRK9,0.1441079,0.70925033,0.05031544,0.07938936,-0.24548154,0.13683607,-0.12999168,-0.11653045,0.5744714,-0.41992328,0.769754,0.30830592,-0.6830582,0.35675338,-0.50721765,-0.8307841,0.029127084,-0.0921643,0.1224162,0.5617172,0.38675678,-0.20400538,0.70666057,-0.101794496,0.085262075,-0.20512295,-0.28230214,0.3523211,0.1599626,0.26895383,0.5454029,0.3332997,-0.1898112,0.71490425,-0.70290595,-0.4839329,-0.7475384,0.96867096,0.27351123,0.17470825,-0.79863846,-0.1448436,-0.3420989,0.032017335,-0.13021414,-0.82279617,-0.40494654,0.17615418,0.053379074,-0.2786036,0.030782238,0.14827931,0.14043742,1.1726493,0.19959174,-0.49562445,0.39964378,0.1391827,0.45551732,0.6622248,0.1637753,0.100560054,-0.30753687,-0.17051625
B2UP57,0.2940122,0.5598479,-0.10223776,0.06725852,-0.0618436,0.10450475,-0.014276445,0.039651588,0.5638938,-0.42670903,0.73838985,0.3948271,-0.7226656,0.2620084,-0.6888829,-1.0105692,-0.08658019,0.029009447,0.06366196,0.5428711,0.5402658,-0.14437751,0.702993,0.0677214,0.082730144,-0.45001337,-0.30968785,0.6329246,0.18181741,0.36542496,0.8268469,0.17355052,-0.17949116,0.8377302,-0.8126892,-0.47523138,-0.598237,0.9225915,0.30996633,0.3523795,-0.8686722,0.005532194,-0.47642982,0.21526697,-0.051219564,-0.7517692,-0.43727782,0.12369985,-0.3790101,-0.22535871,-0.038501963,0.12060401,0.07285997,1.2859195,0.10999834,-0.57349384,0.51006377,0.49081957,0.32812202,0.7665304,0.45343435,0.17149799,0.017498784,-0.21973298
P0AE85,-0.095751055,0.3051875,-0.17384462,0.11080136,0.026413161,0.1925474,-0.1240439,0.38166824,0.2702544,-0.6049341,0.58463603,0.2068567,-0.46567178,-0.062027402,-0.6469591,-0.3336149,0.30751163,-0.08311311,0.19975993,0.29202062,0.211935,-0.20685646,0.779456,-0.0663231,0.3196092,-0.36887485,-0.268614,0.16770568,-0.26126227,0.09938194,0.7521715,0.26125267,0.010696642,0.41684297,-0.5382816,-0.50576997,-0.57217336,0.76119745,0.31080917,-0.05422549,-0.450078,0.11043815,-0.22108674,-0.36471957,-0.14091012,-0.74478436,-0.19937137,-0.07688971,-0.09342101,-0.3318768,-0.20735452,0.17283848,0.28155753,1.3133177,-0.1066023,-0.594286,-0.08183183,0.24531618,0.793928,0.526116,0.29454583,0.42135704,-0.3181061,-0.5754893
P63085,-0.63363385,0.5613852,0.005948647,0.14547105,-0.47363088,-0.16613813,0.28240663,-0.91622347,-0.013753574,0.54541606,0.33614808,0.4327655,0.0188286,0.48757467,0.72954607,-0.08723809,-0.4489655,0.5215867,-0.53425914,0.73343873,-0.18878862,0.1448591,-0.29446596,-0.07599825,-0.08418144,0.4193994,-0.3864795,-0.10160892,0.6465782,0.5040553,-0.78345555,0.2238278,0.21306032,0.3462799,0.25440577,-0.3627466,-0.20560102,0.118582726,0.30513746,0.54184085,-0.4842679,-0.7414682,0.3020979,0.28547826,0.27944317,-0.22625823,-0.28315985,0.6561358,0.6471391,0.14629222,0.4554266,-0.59052736,-0.4592208,-0.34254706,0.32395142,0.3306287,1.0292844,-0.52049357,-0.18519694,0.35723144,-0.8084812,-1.0571531,-0.23394743,0.54529226
P06850,-0.037593573,-1.3372917,-0.17187737,0.006350981,0.710618,-0.26428214,0.47369102,0.64629436,-0.7385286,0.5186977,-0.6095863,-0.11428057,0.6221524,-0.7190228,0.3516238,0.86640817,-0.3417944,-0.07503705,-0.45109653,-0.6620327,-0.297252,0.2705254,-0.5583755,0.23790029,0.06088945,-0.38597852,0.27205217,0.20783706,-0.40085667,-0.40258884,0.11085218,-0.7704262,0.42597878,-0.55486286,0.29945087,0.5252763,0.8793338,-1.0110112,-0.016988717,0.48772675,0.8824768,0.58466065,0.18233484,0.030024327,0.3501684,0.83829916,0.5864518,-0.28372183,-0.75400686,0.22220032,-0.58989716,-0.32452178,-0.12413642,-0.8845421,-0.4608242,0.22469893,-0.16453327,0.5280556,-0.46084446,-0.48230094,0.23552985,0.25892606,0.5021772,-0.20534292
Q9D1M4,-0.786607,0.0038842037,-0.1891135,0.20214882,-0.19060896,-0.122341335,0.40333802,-0.50419164,-0.33911678,0.4511969,0.18333045,0.371164,0.3380981,0.15977758,0.6988991,0.41146797,-0.37716103,0.49046603,-0.6268947,0.48401195,-0.2903012,0.28636774,-0.3799237,-0.059252214,-0.015902806,0.29369828,-0.2520945,-0.08445707,0.39126134,0.3624247,-0.5345136,0.04464368,0.45445475,0.2017891,0.48159817,-0.30113006,0.12523545,-0.26046732,0.24052423,0.50745463,-0.12846611,-0.43588433,0.35455036,0.06467805,0.3998943,-0.046556536,0.005409457,0.4520815,0.34727436,0.12179418,0.28510925,-0.65174425,-0.46745014,-0.41058856,-0.02793498,0.31667283,0.69192326,-0.32814556,-0.039866693,0.090424985,-0.69558245,-0.8495618,-0.090541184,0.3837747
P01031,-0.25002265,-0.5319202,-0.16184156,0.07958329,0.036700163,-0.24285236,0.46116915,-0.3114755,-0.51170313,0.62624574,-0.1253279,0.18442383,0.4823957,-0.031109191,0.6540307,0.5122612,-0.586878,0.2133447,-0.6387517,0.025428686,-0.28625008,0.20697612,-0.59956056,0.09541772,-0.26173177,0.1796549,-0.017109923,0.1425519,0.28371668,0.0051062107,-0.3820523,-0.2881899,0.39036795,0.010405187,0.43524554,0.10106687,0.4213751,-0.6056957,0.0677846,0.6601693,0.11684233,-0.04717115,0.12607987,0.3215535,0.36898786,0.47531533,0.19860682,0.33271363,-0.05127861,0.20650196,0.014351517,-0.54637796,-0.41913483,-0.9157337,-0.09403141,0.38018224,0.5364326,-0.12690963,-0.3567867,-0.29484317,-0.44032997,-0.50642174,0.17143294,0.4369812
O35235,-0.56333303,-1.114857,-0.38057184,0.14381775,0.37510532,-0.09140281,0.5991141,0.24043825,-0.86230165,0.66637886,-0.42989802,0.24616422,0.7699646,-0.46734545,0.67771035,1.0202998,-0.54321563,0.5350642,-0.7546709,-0.09151302,-0.40915972,0.43048176,-0.75341547,0.015239716,-0.05597857,-0.07125918,-0.0026992708,0.2181065,-0.03270187,0.0018471256,-0.11746395,-0.52188414,0.6624199,-0.080845416,0.6820146,-0.020574972,0.8664832,-1.0431947,0.15204856,0.6162073,0.51982826,0.15208688,0.4489508,0.11269419,0.531925,0.6783455,0.44967782,0.037506692,-0.4531822,0.26534635,-0.14044298,-0.6823746,-0.5718333,-0.8424099,-0.5307163,0.4340162,0.1917593,0.16494887,-0.23781362,-0.2609051,-0.19891727,-0.49065098,0.47796977,0.23147154
Q06406,-0.3879245,0.75728035,0.3285311,0.20835757,-0.345977,0.21602605,-0.36093286,-0.1195599,0.36658368,-0.5115345,0.6591719,-0.27138785,-0.36966833,0.1810556,-0.077302635,0.027303565,0.7708726,-0.62928057,0.55575067,0.09453918,-0.12180501,-0.4171183,0.7687373,-0.5894853,0.32079607,0.097378165,0.023123577,-0.7037392,-0.17956686,-0.26307207,-0.12475161,0.7962489,-0.20646569,-0.17671494,-0.3251288,-0.4299675,-1.0169649,0.95862347,0.11593334,-0.68622786,-0.07764185,-0.19667776,0.1502823,-0.84322375,-0.28695095,-0.94078714,-0.033611752,-0.08217938,0.8553194,-0.5584262,-0.07158406,0.5330805,0.62494504,0.93819374,0.36637715,-0.55981815,-0.34649163,-0.6343034,0.8363482,0.1244732,-0.473144,0.4620886,-1.2225685,-0.54072446
O53580,-0.11393451,0.58380437,-0.008361709,0.1457687,-0.3621516,-0.022108044,0.19291343,-0.6527168,0.29205298,0.20799434,0.5267502,0.53553283,-0.31924555,0.48033205,0.14966217,-0.6756179,-0.54017615,0.2899988,-0.33340535,0.73639226,0.20514102,0.10190159,0.04150153,-0.0170715,-0.08349261,0.08041763,-0.32782334,0.33729917,0.549246,0.5190589,-0.16232707,0.13314539,0.10519442,0.6780801,-0.17275655,-0.36598393,-0.3440163,0.37067088,0.31797576,0.64229816,-0.7524143,-0.4165519,-0.12539068,0.4731329,0.21480137,-0.36157137,-0.38539162,0.53075117,0.1413054,-0.042651076,0.28670496,-0.39725453,-0.27722377,0.26999623,0.28092954,-0.03813669,1.0356001,-0.008946739,-0.14027402,0.5244849,-0.35053337,-0.6291815,-0.036407694,0.4419729
P06243,-0.054120764,0.678669,-0.18160442,0.08085142,-0.17724401,0.21567185,-0.084079534,0.07457275,0.56575876,-0.5670436,0.75915897,0.46246427,-0.7079619,0.20060802,-0.6274757,-0.80135536,0.049176343,0.28331694,0.07045111,0.71584344,0.45410275,-0.16118562,0.82045454,-0.15081507,0.21677242,-0.3186242,-0.42905778,0.40452537,0.07650409,0.5135887,0.7817163,0.36450425,-0.022219546,0.89603204,-0.71037865,-0.71176785,-0.6633194,1.0764006,0.4436601,0.2032411,-0.87158114,-0.1535287,-0.2232334,-0.042599745,-0.097429335,-0.98698,-0.5016996,0.14738417,-0.07945689,-0.22848752,0.07699928,0.087362185,-0.031189289,1.5288682,0.03577997,-0.5034637,0.321836,0.25824034,0.709868,0.90862674,0.35364813,0.058437616,-0.16085817,-0.36179125
P28741,-0.6604321,0.52330554,0.053211704,0.15544766,-0.45241997,-0.19135372,0.2543649,-0.97450924,-0.054793075,0.531626,0.30280244,0.31648803,0.06387094,0.46537253,0.8499634,0.077199474,-0.33774772,0.4115943,-0.49574178,0.60056365,-0.24537268,0.12319234,-0.29725698,-0.1476264,-0.086139455,0.5261252,-0.26547325,-0.3026211,0.61569196,0.41327617,-0.9165648,0.28559032,0.20943761,0.14787418,0.2654642,-0.3389911,-0.26894823,0.08780643,0.20275262,0.39238584,-0.27419627,-0.7182636,0.4109764,0.13172214,0.31684825,-0.1688105,-0.19598839,0.6214391,0.77774906,0.109740004,0.46307805,-0.50072724,-0.38871604,-0.45619208,0.4304979,0.35753274,0.8981762,-0.6924853,-0.14460674,0.20773008,-0.87957925,-1.0136808,-0.41273454,0.5096838
O43704,-0.45337036,0.423714,-0.067586705,0.16562307,-0.35385105,-0.10263808,0.2914953,-0.67918086,0.033959847,0.3450841,0.38179976,0.49071017,-0.039826497,0.36412933,0.42368743,-0.24718831,-0.50552344,0.44936612,-0.4886068,0.69566107,-0.023565501,0.17839783,-0.16904545,-0.029810593,-0.062886044,0.20983973,-0.33790356,0.15158483,0.52412677,0.5038145,-0.38933477,0.11470445,0.2488783,0.4932982,0.13393864,-0.33035293,-0.15346691,0.12647544,0.32523346,0.63379747,-0.5510869,-0.5039865,0.115488335,0.3370131,0.276689,-0.25488275,-0.25292343,0.5526895,0.30751503,0.07718221,0.32175925,-0.5740912,-0.4012959,-0.05534233,0.17372297,0.1487337,0.9575496,-0.19931023,-0.13973874,0.36889356,-0.5605311,-0.82320046,-0.05738254,0.4392334
O88470,-1.0498343,0.004615985,-0.2088914,0.10746551,-0.15188994,0.03383538,0.4100884,-0.34283063,-0.3244674,0.5491839,0.063223734,0.4877374,0.40986103,0.050101347,0.69686013,0.5014553,-0.435232,0.83214754,-0.81901795,0.6791851,-0.32843465,0.36469227,-0.51274127,-0.20138368,0.15054159,0.23667055,-0.42662406,0.019970205,0.301373,0.45564848,-0.4603056,0.059163522,0.47263935,0.3428277,0.63113403,-0.43140787,0.39157054,-0.32270026,0.44557062,0.46197927,-0.18260054,-0.49738726,0.66461295,0.050078623,0.45232806,-0.048637055,0.096351504,0.31842157,0.27298805,0.23899956,0.33385855,-0.76010513,-0.75630265,-0.29447,-0.34059364,0.4759778,0.5576301,-0.24043347,-0.0142578855,0.3761632,-0.6411178,-1.1435119,0.15074909,0.42221892
P03452,-0.21182519,-0.36023358,-0.18359976,0.10583554,0.01587741,-0.240296,0.45618647,-0.32692656,-0.3509894,0.56882536,-0.030418456,0.308956,0.26742786,0.046464227,0.5355875,0.12874548,-0.6027274,0.23045686,-0.6016536,0.1889483,-0.13022608,0.20144011,-0.35481042,0.23849335,-0.21959856,0.067180276,-0.15175816,0.19301027,0.33430424,0.19610026,-0.3564207,-0.2560704,0.4173495,0.12479758,0.17470816,0.034763396,0.28568158,-0.45938912,0.1326024,0.7333372,-0.08459497,-0.09857109,-0.05123823,0.38573048,0.4032822,0.34996384,0.00526873,0.47086784,-0.1024928,0.16900124,0.06492934,-0.51681304,-0.37012067,-0.65415704,0.070572704,0.26560524,0.841939,0.0044513494,-0.3733751,-0.105266154,-0.3569383,-0.49924973,0.20654225,0.3666535
O13289,-0.19294009,0.9296063,0.11921425,0.1358362,-0.5503601,0.17840296,-0.119473696,-0.5263626,0.5472449,-0.2324293,0.7866217,0.38299626,-0.516189,0.5494112,-0.09892663,-0.6414894,-0.025450416,0.045346074,0.009265155,0.7682738,0.21645023,-0.12813504,0.46982273,-0.31958047,0.008148637,0.14914858,-0.34330273,0.046105202,0.38876727,0.34020045,-0.022437233,0.55622905,-0.05170954,0.67468053,-0.37373868,-0.6579082,-0.8512166,0.89000744,0.3144687,0.05655928,-0.8411079,-0.4405258,-0.0479599,-0.002049448,-0.020747911,-0.86425257,-0.3845277,0.38825926,0.5217395,-0.32101607,0.30912322,-0.0075351708,0.0017667003,0.89067906,0.35895652,-0.30321562,0.53046983,-0.26579517,0.44423142,0.60877985,-0.3234234,-0.30132374,-0.56948423,0.09797596
P51881,-0.4898539,0.64849263,0.113878265,0.14135848,-0.4843677,-0.23268685,0.20010328,-1.1510015,0.064303055,0.5088918,0.3441378,0.24115217,-0.04034193,0.49092123,0.8886212,-0.026819885,-0.36785537,0.27244982,-0.43171692,0.5201537,-0.16490112,0.052007794,-0.26748028,-0.20694537,-0.16453499,0.6402695,-0.1542296,-0.35259497,0.66633934,0.37693253,-1.0352936,0.33111674,0.08577221,0.07203774,0.16666895,-0.28380418,-0.44358972,0.18497315,0.097905375,0.33314946,-0.25358218,-0.6743138,0.3893911,0.17285809,0.27709484,-0.1382568,-0.23376471,0.6298619,0.9003964,0.07252158,0.46910593,-0.38243115,-0.3086494,-0.5092078,0.61833596,0.3366187,0.90171695,-0.8020035,-0.20432681,0.1936177,-0.8888798,-0.9445783,-0.5435656,0.56368476
A0A3Q8IFX2,0.034331687,0.9425651,0.16196327,0.104088366,-0.41366848,0.1983971,-0.19420195,-0.2945629,0.66902333,-0.3993099,0.8722486,0.25282323,-0.731265,0.50344294,-0.37421378,-0.79897803,0.13079348,-0.22622582,0.17234963,0.6299762,0.34855115,-0.27672952,0.70994717,-0.22994897,0.06941597,-0.03654766,-0.30559444,0.15461044,0.2559237,0.21863496,0.26331592,0.51201266,-0.24242792,0.6725324,-0.67403847,-0.55942255,-0.94941574,1.0842352,0.22727907,-0.0020301193,-0.84521085,-0.2936022,-0.29099077,-0.042890422,-0.20385888,-0.9141908,-0.40814283,0.24648495,0.3704751,-0.37914443,0.16479295,0.22998706,0.19263245,1.114272,0.350297,-0.4919075,0.4344539,-0.12014504,0.49417374,0.65967554,-0.09677006,0.04137546,-0.57647526,-0.088438794
P0AG86,-0.36752826,0.8705513,0.12611355,0.20990314,-0.53250575,0.10062536,-0.050000727,-0.6385201,0.41456112,-0.14188805,0.70605475,0.2692113,-0.305816,0.5340746,0.14572324,-0.43059725,0.038774826,-0.024355497,0.0010232925,0.6730536,0.07138191,-0.06611749,0.3793731,-0.34917477,0.04524113,0.25376913,-0.28029138,-0.21442617,0.38185018,0.25065503,-0.29631665,0.6100572,0.05741524,0.38874307,-0.17882678,-0.57059574,-0.8444243,0.7279179,0.2754935,-0.05279547,-0.62372106,-0.46543506,0.084700555,-0.14047086,0.11713919,-0.7633382,-0.25521103,0.44629022,0.69396573,-0.33753222,0.32244402,-0.08248438,0.06679544,0.5999876,0.44909635,-0.23069677,0.49932653,-0.44276917,0.420681,0.41294524,-0.5540469,-0.36023042,-0.7294395,0.08565974
P34896,-0.3875152,0.7800011,0.08037339,0.17436443,-0.5143177,-0.03249974,0.13888237,-0.8860529,0.24833782,0.29665744,0.53007305,0.45463926,-0.2037543,0.5629483,0.43459776,-0.43486446,-0.42188966,0.30780417,-0.33498377,0.79070663,0.011941865,0.069833845,-0.0542553,-0.14377296,-0.08003606,0.34761626,-0.33985013,0.024359819,0.6313758,0.47502267,-0.5759304,0.30183208,0.08671274,0.4911187,0.017053552,-0.46638107,-0.48634198,0.3845405,0.29770562,0.4567647,-0.71390367,-0.60451376,0.11779831,0.304398,0.21328412,-0.41326106,-0.36561683,0.611992,0.55879843,-0.06406384,0.41901675,-0.4292453,-0.27684736,0.08749972,0.4131973,0.07222126,0.9907177,-0.37445527,-0.07648023,0.4734193,-0.67023015,-0.81636024,-0.32091618,0.4802581
Q9Y7F0,-0.21460634,0.9861809,0.1121483,0.13114546,-0.56502044,0.21166813,-0.15152603,-0.5212142,0.59273875,-0.2887227,0.82673186,0.37006804,-0.546776,0.5363424,-0.11176668,-0.6388585,0.026553847,0.03978967,0.03514476,0.80138665,0.24494682,-0.14955522,0.5088961,-0.36328626,0.02819733,0.1508337,-0.34518665,0.043264266,0.3640587,0.3497651,-0.015821528,0.5925517,-0.0825687,0.68596214,-0.3995947,-0.671265,-0.9008993,0.96155775,0.32553566,0.00068479776,-0.8841175,-0.43491846,-0.03303287,-0.027926188,-0.066448,-0.9103299,-0.3793131,0.36966068,0.5651927,-0.32645357,0.32772246,0.028781366,-0.008370575,0.9748261,0.34808645,-0.3233428,0.4922424,-0.28579652,0.49552098,0.66577077,-0.30697435,-0.26923037,-0.5940329,0.069208354
P01556,0.18597236,0.3698335,-0.26768926,0.10429278,0.13904323,0.17204763,-0.0388667,0.40529737,0.41232982,-0.5898369,0.6442375,0.40301958,-0.62912935,-0.00623668,-0.8853682,-0.8121866,0.0844182,0.086468145,0.12680048,0.43051457,0.46002483,-0.19215003,0.8459464,0.11986117,0.23868763,-0.63578033,-0.36084735,0.5713928,-0.10885072,0.27838966,1.0492713,0.16002992,-0.04783658,0.74304444,-0.8085203,-0.54696906,-0.52546567,0.8716254,0.39000896,0.22047698,-0.7470111,0.17423879,-0.48882753,-0.040510826,-0.09767154,-0.770967,-0.39809987,-0.01507969,-0.5048291,-0.26847565,-0.16723631,0.16122416,0.16035329,1.5180824,-0.11536865,-0.67064315,0.23654012,0.58268994,0.6345483,0.76224923,0.5915437,0.40782994,0.040864915,-0.5205635
O76927,-0.65001535,0.5675718,0.31565207,0.27898455,-0.3391211,0.04961933,-0.11919838,-0.6874919,0.06392555,0.10737379,0.43665338,-0.15058756,0.098437816,0.2882479,0.7711102,0.39295512,0.17793286,-0.26892093,0.0012644231,0.18136275,-0.3600735,-0.05970145,0.10543638,-0.50341284,0.15760617,0.57475364,0.1664284,-0.89839643,0.14490297,0.01925087,-0.8834123,0.5536471,0.10660916,-0.36279497,0.13339561,-0.27693963,-0.6231713,0.3248087,0.053530507,-0.2841162,0.17936881,-0.40142173,0.46092972,-0.5923908,0.10864174,-0.44037658,0.07485751,0.32688498,1.1489363,-0.29796237,0.19069722,-0.01653326,0.25531545,-0.09628248,0.46563056,0.021440707,0.18288016,-0.98536927,0.36842045,-0.16968513,-0.95872426,-0.29921755,-1.109463,0.03697869
O95631,-0.52933407,-0.5644735,-0.25532144,0.041064538,-0.021248396,-0.19381861,0.5638966,-0.38880917,-0.62285894,0.85316217,-0.1785949,0.38016245,0.6115312,-0.009432159,0.904583,0.60439837,-0.72525644,0.69317776,-0.902568,0.33101118,-0.32827514,0.41560572,-0.8723096,0.02946347,-0.24858716,0.21990016,-0.18225957,0.28041795,0.39690852,0.17574687,-0.427338,-0.3098815,0.47344092,0.2131191,0.67660046,-0.021995947,0.70841724,-0.7352941,0.21045747,0.8264635,-0.035920117,-0.23726235,0.36733863,0.4707897,0.46941432,0.55125254,0.24687913,0.40634045,-0.046191163,0.42633897,0.1850639,-0.84393245,-0.8430673,-1.0118753,-0.27231643,0.618806,0.73724115,-0.11905606,-0.4413463,-0.06469458,-0.51658034,-0.9549291,0.42945307,0.6430321
P02294,-0.82660913,0.13030317,0.30790278,0.22532818,-0.27334946,-0.037147533,-0.032975703,-0.69621193,-0.34378794,0.43796107,0.15783542,-0.18662569,0.30883646,0.08557748,1.0842459,1.0076569,-0.040486068,-0.14938995,-0.29751536,0.010630827,-0.53596294,0.063079864,-0.36766043,-0.52208924,0.1169844,0.79726326,0.2095442,-0.9247687,0.072053194,-0.01127737,-1.0731754,0.28191227,0.20290866,-0.6346825,0.36699048,-0.06799525,-0.19535446,-0.17216633,-0.040730484,-0.0810923,0.52955717,-0.35784134,0.67539656,-0.54364264,0.043702725,-0.015571296,0.284377,0.2286243,1.1996732,-0.046005934,0.12289181,-0.28814632,-0.019103933,-0.61788136,0.2652226,0.39457685,0.11045094,-1.055082,0.16662034,-0.38794065,-1.026494,-0.47701594,-0.90435344,0.2055832
B2RHG1,0.23044592,0.20321316,-0.2717134,0.062245667,0.11797835,0.09340565,0.05201876,0.33047792,0.335124,-0.40033254,0.52515084,0.4530687,-0.5345141,0.014990903,-0.7825421,-0.78512025,-0.03313639,0.1691094,0.017061949,0.41356662,0.46845865,-0.09197334,0.64256346,0.16953748,0.15325996,-0.6105909,-0.3610524,0.6509623,-0.028035076,0.27259308,0.97385204,0.076873936,-0.004284635,0.7355356,-0.70708275,-0.46706977,-0.34361646,0.6602681,0.3723052,0.35857075,-0.74630374,0.16215126,-0.41111982,0.14777306,0.026281837,-0.5700424,-0.30314094,0.018767493,-0.6190466,-0.18656212,-0.1690204,0.05734643,0.010590497,1.2522573,-0.11944187,-0.54976684,0.3357358,0.67760724,0.40333727,0.67218333,0.5797591,0.24444583,0.2141743,-0.3756355
P0DPD7,-0.42763677,-0.088261545,-0.3709923,0.12138673,-0.05620456,-0.076808915,0.48274538,-0.32868013,-0.113953814,0.31717712,0.21172038,0.66647935,0.09858027,0.073813714,0.2182815,-0.1984673,-0.65727794,0.6990075,-0.66842943,0.61785114,0.08720614,0.35726845,-0.19311272,0.16783544,-0.005192939,-0.08127724,-0.44330698,0.4802776,0.309379,0.61424583,-0.008412372,-0.17993402,0.4239733,0.64864355,0.22582099,-0.2330203,0.26091975,-0.20013177,0.35953736,0.8777265,-0.5201701,-0.31122628,0.055895787,0.5135915,0.40528566,-0.05444157,-0.16052568,0.42098668,-0.21491358,0.21559946,0.20072052,-0.73853654,-0.59729624,-0.035710946,-0.16108385,0.2010082,0.94962704,0.27141932,-0.205912,0.40738696,-0.22495998,-0.8033737,0.47823775,0.43298185
O49523,0.011772849,0.31674254,-0.21463662,0.14234036,-0.13913147,0.01709006,0.18416494,-0.16881876,0.31598505,-0.19999436,0.591896,0.538551,-0.42887276,0.3030183,-0.39740643,-0.7360179,-0.31694427,0.25114086,-0.1903723,0.61905944,0.37297016,0.06044078,0.42117614,0.1313023,0.032362025,-0.2708662,-0.38348103,0.53500295,0.30925345,0.49815083,0.5357659,0.11250543,0.15924323,0.79274577,-0.45663494,-0.47421458,-0.37120083,0.51285017,0.3512893,0.5146952,-0.7208027,-0.10063325,-0.2981562,0.29529023,0.22297058,-0.5759307,-0.3614287,0.30028528,-0.2823364,-0.17471217,0.08086625,-0.23407504,-0.1021492,0.8979182,0.08040716,-0.33150792,0.70175123,0.40922445,0.19805998,0.5578594,0.16582145,-0.19232029,0.06700267,0.013272686
P63279,-0.79757345,0.41602305,0.036911264,0.09470147,-0.45429537,-0.2499533,0.28574112,-1.007397,-0.19515026,0.6482747,0.20146337,0.2641574,0.15197334,0.42934564,1.0441402,0.32629132,-0.3114106,0.5689561,-0.59279096,0.5965606,-0.36280233,0.16353638,-0.44738385,-0.18624163,-0.07716957,0.6279776,-0.2458271,-0.37064552,0.6542046,0.41290092,-1.005842,0.2659919,0.20992675,0.07119754,0.41667452,-0.30207837,-0.13343501,-0.024488939,0.19391695,0.38061062,-0.122706465,-0.78522325,0.57951784,0.12269134,0.35987756,-0.086080484,-0.105919816,0.5857643,0.8650094,0.2280515,0.5201373,-0.58805704,-0.51770973,-0.65865135,0.37439698,0.5207018,0.8430077,-0.7954626,-0.18029532,0.18553697,-0.90818805,-1.1419805,-0.3991384,0.57711464
O75937,-0.82516026,0.52250737,-0.043061286,0.18737055,-0.42558274,-0.08257815,0.24985494,-0.73988885,-0.041240726,0.39198822,0.36523283,0.4414989,0.12912156,0.46044633,0.6198658,0.023759823,-0.28784108,0.5226965,-0.502966,0.71495664,-0.25342187,0.19576204,-0.16333634,-0.12945636,0.06130706,0.34730357,-0.412623,-0.21224363,0.5379137,0.47863048,-0.6556808,0.31799456,0.31527564,0.31025472,0.3330727,-0.46937707,-0.20870894,0.10452363,0.3471683,0.37247476,-0.4185964,-0.7087827,0.36600894,0.06432798,0.36009878,-0.39883983,-0.21222386,0.58486193,0.6204074,0.050578028,0.42346165,-0.6028756,-0.38673824,-0.12152006,0.17987858,0.2590462,0.8256889,-0.47541237,0.038601212,0.3258872,-0.8239406,-1.0357528,-0.30540174,0.37969714
P06168,-0.0873124,0.9028545,0.10700813,0.11738536,-0.4837394,0.19844994,-0.124843866,-0.42430845,0.6002398,-0.27714652,0.8211572,0.3947638,-0.60733527,0.5292647,-0.21465468,-0.7544391,-0.041232035,0.008577578,0.026695251,0.775533,0.31005657,-0.1370687,0.53834563,-0.25362366,0.024011504,0.052851006,-0.341922,0.18088113,0.36008686,0.36350295,0.1388732,0.48259744,-0.097367354,0.75448453,-0.49784854,-0.6268622,-0.8317813,0.94239277,0.31339827,0.11431697,-0.88731885,-0.3710953,-0.15758157,0.054208383,-0.05670609,-0.862809,-0.41616777,0.34733686,0.37783197,-0.31648183,0.26557443,0.028886449,0.011612359,1.0070593,0.31637895,-0.362437,0.56081015,-0.122556016,0.42284608,0.6873623,-0.16907151,-0.20902798,-0.4770772,0.058659196
Q24803,0.1584705,0.8308847,0.13776292,0.092403695,-0.32572448,0.16358227,-0.1388683,-0.22958598,0.6398929,-0.34092852,0.8444691,0.3171663,-0.7549915,0.49053326,-0.44818458,-0.9187171,0.009406172,-0.17666206,0.117966205,0.63483536,0.41437197,-0.2165341,0.67555106,-0.10779628,0.04183523,-0.13871996,-0.29825473,0.3392205,0.29575908,0.26685262,0.42472884,0.3850248,-0.23793954,0.7569697,-0.7306658,-0.5135717,-0.8398073,1.0116206,0.24200273,0.15310048,-0.871957,-0.22995858,-0.39936018,0.09249837,-0.14861727,-0.8315126,-0.43664017,0.24124183,0.1307897,-0.3329563,0.11038913,0.16887993,0.16646387,1.1192069,0.29713395,-0.5001475,0.54057646,0.07253768,0.3767646,0.67872787,0.05358851,0.033344686,-0.391675,-0.046267226
P04819,-0.2819826,0.7502763,-0.13727054,0.09221349,-0.40633664,0.2374586,-0.08609004,-0.17056423,0.5252102,-0.45571372,0.7821861,0.4761862,-0.5502286,0.30101472,-0.35105953,-0.57309777,0.014277764,0.3304846,-0.03037703,0.8170216,0.3204037,-0.08741464,0.60741484,-0.28898355,0.17854865,-0.076434985,-0.43779826,0.23060574,0.15046379,0.53771603,0.40834227,0.4628842,0.068229504,0.84875387,-0.4575902,-0.7552478,-0.66171485,0.96300185,0.47117284,0.12560685,-0.8715163,-0.28864256,0.0014436543,-0.06927594,-0.042778913,-0.96396774,-0.4050131,0.24887769,0.24165969,-0.23354626,0.22280815,-0.045931257,-0.12551887,1.3090041,0.0737022,-0.35883483,0.36481148,0.027353518,0.65479696,0.8099746,0.047798306,-0.18085603,-0.31319505,-0.18260527
Q9BSI4,-0.6980976,-0.8614303,-0.53030384,0.18858355,0.39460847,0.17659658,0.4791276,0.69998527,-0.49936226,0.11500373,-0.09388034,0.440816,0.42319617,-0.51925373,0.04384668,0.6883487,-0.14449354,0.56588095,-0.5534059,0.19436926,-0.08551297,0.30348235,-0.1049769,-0.03171122,0.3637936,-0.4609555,-0.36813325,0.45995477,-0.30556795,0.1747233,0.49880272,-0.26799056,0.54060715,0.3232903,0.27631825,-0.42798394,0.6277232,-0.5750191,0.31856555,0.4495108,0.14624208,0.15028621,0.36990723,-0.11541062,0.3534283,0.091266766,0.34734553,-0.21083389,-0.6597377,0.14309798,-0.13952008,-0.46873412,-0.44389603,0.20133482,-0.71651626,0.063875444,0.09319468,0.51117355,0.25679135,0.22685167,0.21038264,-0.2612783,0.5578148,-0.17468162
A2AR95,-0.82048345,-0.8264056,-0.2959175,0.15253724,0.12955706,-0.109564126,0.5785794,-0.14854926,-0.8652319,0.8222602,-0.36531413,0.24638982,0.8104357,-0.20098019,0.99551225,1.1143275,-0.5006455,0.6356443,-0.8290662,0.07363397,-0.5303351,0.45007467,-0.9043996,-0.10259763,-0.104423895,0.2431302,-0.05891891,-0.08516288,0.22154877,0.049575873,-0.5256185,-0.28333694,0.6790755,-0.11210632,0.87446105,-0.1526824,0.74931294,-0.94691664,0.13944301,0.5176783,0.45020878,-0.14179464,0.6483579,0.06734591,0.5931105,0.59683996,0.42524424,0.23331322,-0.0019142153,0.25020564,0.10528393,-0.7609653,-0.727984,-1.0419425,-0.33170292,0.5920989,0.33477077,-0.23991556,-0.2259202,-0.25878477,-0.5971625,-0.8486508,0.22429582,0.43798688
P02649,-0.34645274,-1.0415541,-0.07200712,0.014947677,0.2582611,-0.2533146,0.36597675,0.0068225428,-0.8588583,0.70620817,-0.6052996,-0.079723,0.8624311,-0.4874471,0.8155191,1.2830677,-0.32069945,0.0764105,-0.51513356,-0.53013307,-0.5844994,0.28491768,-0.9231354,-0.098011374,-0.09204319,0.12533244,0.27647984,-0.25953314,-0.22304085,-0.4887898,-0.6005472,-0.45106015,0.48505527,-0.7047184,0.74601364,0.37255293,0.6983667,-1.1228588,-0.033597372,0.21909574,0.8516191,0.26405728,0.6304692,-0.03922347,0.3812816,0.864725,0.727964,-0.11396804,-0.0053288313,0.19925971,-0.2870084,-0.47543553,-0.27438238,-1.2873673,-0.27481094,0.5037128,-0.2083398,-0.10450955,-0.42703906,-0.66279423,-0.39566052,-0.18595539,0.094230056,0.21314609
P32121,-0.70778227,0.05645684,-0.06254272,0.10976304,-0.30315605,-0.24771485,0.3838117,-0.74798065,-0.37050274,0.6654445,0.08535879,0.28888273,0.32886186,0.2678115,0.9783031,0.45586818,-0.38805205,0.49595818,-0.67234427,0.43086582,-0.373977,0.22908436,-0.5329966,-0.08465347,-0.13404867,0.47363678,-0.1890364,-0.23283099,0.51473355,0.2963581,-0.82214546,0.08928675,0.37329674,0.06221346,0.49787667,-0.20449367,0.11466372,-0.27890396,0.16128337,0.4893702,-0.030875841,-0.5621586,0.44869965,0.12663645,0.3982943,0.110081404,0.009489849,0.5491635,0.5730005,0.22218116,0.3737348,-0.6141522,-0.5450861,-0.78909147,0.20122941,0.49557889,0.78975767,-0.59745353,-0.20221561,-0.012309313,-0.8330711,-0.973595,-0.20247935,0.5419441
O43865,-0.46414128,0.7570342,0.107059926,0.16938354,-0.52370197,-0.10450916,0.1552831,-0.9881139,0.15970574,0.3809093,0.4684497,0.3697685,-0.12568848,0.5502638,0.608665,-0.26002407,-0.36973348,0.30309898,-0.3620548,0.7097203,-0.0826799,0.062229834,-0.1421714,-0.17534047,-0.102823615,0.46588656,-0.28459638,-0.14435822,0.6440167,0.42050868,-0.75310874,0.3452347,0.091167934,0.32564706,0.09642223,-0.42153177,-0.4828323,0.3183954,0.2384432,0.38465554,-0.56381387,-0.65405583,0.24424553,0.21979165,0.24363637,-0.33315322,-0.30724078,0.62147814,0.71091664,-0.026757255,0.43840173,-0.41818425,-0.2914064,-0.121401295,0.47912735,0.16075826,0.9306172,-0.5542884,-0.09611971,0.35915357,-0.79124355,-0.8835016,-0.4339106,0.49440193
P0AEJ6,0.09439838,0.5756381,0.010137587,0.16082054,-0.26779547,0.07406395,0.08825908,-0.36076078,0.45723727,-0.09049935,0.70638704,0.45884222,-0.5431388,0.508082,-0.24568388,-0.87709004,-0.30342156,2.6945025e-05,-0.10495243,0.6525439,0.37313104,0.0031387936,0.41209793,0.036293387,-0.025110167,-0.12916195,-0.32797396,0.41766456,0.4398902,0.4058547,0.25616264,0.18625554,0.013938889,0.74950504,-0.53052276,-0.46006733,-0.5659691,0.6335005,0.2581869,0.43698695,-0.7766593,-0.22692217,-0.37450165,0.32541978,0.13262422,-0.5734618,-0.41735855,0.385116,-0.047648482,-0.25157943,0.16161904,-0.14051601,0.022521269,0.78106594,0.2892938,-0.3435617,0.8467768,0.20325066,0.09436557,0.56113017,-0.027582556,-0.20767868,-0.16754803,0.15199955
L7NCQ3,-0.084573686,0.5187701,0.01069451,0.17637673,-0.3134542,0.0077647483,0.109952345,-0.45830438,0.28564447,-0.019908242,0.6087507,0.38152674,-0.34397024,0.4256408,-0.027716044,-0.563197,-0.27429175,0.020029586,-0.14739667,0.59233844,0.18557219,0.004427703,0.2621829,-0.028246641,-0.046576533,0.022160962,-0.26465186,0.24783583,0.39905253,0.32493395,0.019749526,0.21346918,0.07777829,0.5469764,-0.29679263,-0.4001565,-0.52103555,0.48072845,0.24296921,0.393738,-0.6406261,-0.25440913,-0.19871268,0.20169696,0.15352479,-0.48434812,-0.30878574,0.40300068,0.15257274,-0.20689681,0.16625574,-0.21049753,-0.027021836,0.5091515,0.27669528,-0.23244876,0.743504,0.0022968873,0.10232581,0.39290676,-0.2536036,-0.2766256,-0.25983548,0.17481169
P11859,-0.29736626,-1.1335008,-0.2878253,0.07583464,0.40770736,-0.14614582,0.53303444,0.30382708,-0.78975266,0.6159801,-0.44365835,0.14280526,0.65525746,-0.4910777,0.5103054,0.92613494,-0.5181174,0.26337692,-0.63671416,-0.25790223,-0.36306953,0.30842033,-0.6966121,0.08572896,-0.09824528,-0.13643049,0.07787813,0.29266918,-0.08451697,-0.15975255,-0.047935534,-0.597716,0.5188081,-0.18839307,0.5191186,0.15914854,0.8029135,-1.0180273,0.07909236,0.5970706,0.5368947,0.2936906,0.269255,0.1769962,0.38197902,0.72743547,0.45670387,-0.050026223,-0.5481695,0.24973752,-0.28711045,-0.5307226,-0.3932643,-0.8501551,-0.5152395,0.3578692,0.09741326,0.27464378,-0.34137112,-0.3327761,-0.06625514,-0.21699362,0.47411013,0.1571592
P49577,-0.15634364,0.94650435,0.15516303,0.16261886,-0.5462127,0.15237878,-0.089807495,-0.6348335,0.5343436,-0.12968484,0.7898546,0.37722564,-0.5032499,0.60238016,-0.008840084,-0.67636967,-0.103358515,-0.030755982,-0.013349168,0.7692731,0.21037938,-0.112671316,0.3856429,-0.27688506,-0.038614463,0.19397342,-0.30878034,0.059325423,0.47826037,0.31079638,-0.16529587,0.5091739,-0.076075576,0.6158546,-0.35571808,-0.6132946,-0.8673476,0.8193,0.2635019,0.09822485,-0.8400622,-0.442109,-0.09474861,0.0811583,0.01104418,-0.76267165,-0.38747737,0.44216517,0.53053564,-0.33929557,0.33559993,-0.04560246,0.018203992,0.74113846,0.43591616,-0.28263593,0.67070735,-0.27749187,0.30770263,0.5775852,-0.41017526,-0.32429546,-0.573459,0.2063404
Q9SSE7,-0.1648067,0.506797,-0.18261804,0.13678703,-0.2891996,0.10603798,0.12733445,-0.3113111,0.4063742,-0.19656083,0.64704096,0.5883607,-0.4316711,0.34051862,-0.27487183,-0.71104735,-0.34511113,0.3597962,-0.23318808,0.7846267,0.35325116,0.07419062,0.37733614,-0.008143783,0.06489836,-0.111233115,-0.43124133,0.44662043,0.35525152,0.6185446,0.33406588,0.19566166,0.16592902,0.85704666,-0.3480283,-0.58083534,-0.43240803,0.60043806,0.42828795,0.46703687,-0.8100768,-0.23469202,-0.13518369,0.28417453,0.19525526,-0.69214284,-0.40415993,0.3545554,-0.05485856,-0.17226125,0.21758926,-0.30300254,-0.18902437,0.9289056,0.1168025,-0.25937974,0.74001056,0.25770605,0.22813085,0.68156713,0.047246046,-0.36282578,-0.022443652,0.07149224
P0A870,-0.003992453,0.76982164,0.05342208,0.12680168,-0.41292006,0.14022991,0.0034052283,-0.4778214,0.5385582,-0.1221944,0.76462364,0.4986441,-0.58424044,0.5463457,-0.19188981,-0.8702453,-0.29990876,0.09376125,-0.10929931,0.81162584,0.36020488,-0.017631525,0.37664622,-0.1092018,-0.040303808,0.0052964985,-0.33810347,0.3808657,0.49645075,0.47335327,0.15296769,0.29464608,-0.045339502,0.834686,-0.4471412,-0.5567234,-0.65969586,0.75567394,0.32195565,0.36193442,-0.9020963,-0.3240399,-0.2579826,0.3107315,0.062806115,-0.6922673,-0.4506407,0.4109054,0.13659872,-0.25452065,0.26118758,-0.14198059,-0.06644456,0.8538302,0.2942544,-0.30682555,0.82014835,0.06689176,0.16618222,0.698567,-0.11457136,-0.33483857,-0.2484392,0.23420581
O35305,-0.72520435,-1.0243311,-0.53542906,0.1591659,0.38287994,0.026017796,0.6750131,0.34453365,-0.7291908,0.54525036,-0.3107214,0.49801406,0.6606919,-0.49386668,0.48692614,0.84893095,-0.5761942,0.86198914,-0.85264903,0.23078267,-0.23562692,0.5042163,-0.6258768,-0.015520126,0.08497283,-0.23226085,-0.25661647,0.4959879,-0.07856122,0.28012532,0.13669682,-0.4815744,0.68530285,0.30154833,0.62961024,-0.24561207,0.91306823,-0.93786955,0.29472366,0.7243088,0.23051663,0.059438128,0.5182755,0.18272388,0.55016065,0.51657754,0.38197848,0.00079751946,-0.6008298,0.33352458,-0.042307533,-0.7946729,-0.78463936,-0.45446032,-0.7328887,0.42937666,0.3139789,0.37685287,-0.11359405,0.13438533,-0.045687214,-0.7000173,0.72742385,0.24637267
A0AVT1,-0.49490133,0.44601622,-0.08745608,0.18261375,-0.34976622,-0.032195907,0.26832163,-0.60762024,0.08978425,0.26124388,0.4356947,0.5373727,-0.07167444,0.38113347,0.3254437,-0.3001843,-0.45149726,0.4363323,-0.45289704,0.7433839,0.01198639,0.17705047,-0.057743944,-0.019400924,0.002357576,0.15464303,-0.40581244,0.1705671,0.4852518,0.54181206,-0.3180182,0.13739647,0.2699461,0.55353856,0.09588333,-0.41628274,-0.20160742,0.18058808,0.3534882,0.5951808,-0.6219324,-0.5072578,0.09514169,0.30614266,0.28549618,-0.35142225,-0.29048204,0.53576344,0.27180085,0.011707135,0.32765844,-0.56662405,-0.3525152,0.1281539,0.15022977,0.080601655,0.9469452,-0.12693898,-0.059682943,0.4194081,-0.5198362,-0.78706133,-0.06106588,0.38434458
O15056,-0.35257256,0.13104299,-0.25397336,0.13052501,-0.1618624,-0.09853952,0.41388127,-0.46894738,-0.019917998,0.3453646,0.2756768,0.62749135,-0.028389394,0.22286215,0.25423226,-0.35141277,-0.6481323,0.6006191,-0.58553475,0.65098125,0.08486074,0.27306867,-0.13812631,0.15234002,-0.026474219,-0.02806566,-0.4361328,0.39547732,0.41236392,0.6249991,-0.13114387,-0.090187706,0.37178838,0.6281484,0.10811312,-0.25065315,0.09344566,-0.047138833,0.36053935,0.8595701,-0.58203447,-0.4020065,-0.012430958,0.5229274,0.35620615,-0.13172969,-0.2622586,0.51441604,-0.07226353,0.16711538,0.24081558,-0.6625248,-0.5121406,-0.0331544,0.011489975,0.1615648,1.0534037,0.14870945,-0.23130786,0.41112489,-0.3295396,-0.7971839,0.3221318,0.4490263
P31230,-0.8135927,0.5873246,0.029701099,0.14603385,-0.4843404,-0.120720446,0.2292849,-0.86646104,-0.03638698,0.4470329,0.3588267,0.37113607,0.10053319,0.45068613,0.75401056,0.08203903,-0.30495206,0.54097325,-0.51109946,0.7238127,-0.26017344,0.17933857,-0.28375828,-0.20031941,0.018542785,0.48741862,-0.3350978,-0.25548133,0.58713466,0.47150046,-0.7650939,0.33206537,0.21327373,0.26727757,0.3660716,-0.42689008,-0.21584888,0.13174269,0.3096305,0.36145964,-0.39693826,-0.7257534,0.47647822,0.09004709,0.33027625,-0.32484448,-0.16686761,0.56672627,0.73392713,0.09914741,0.45736334,-0.5956678,-0.4491018,-0.22455816,0.24134354,0.30885375,0.80181956,-0.6038582,-0.03579987,0.3326453,-0.85983753,-1.0992496,-0.3662598,0.4403566
P47135,-0.06432736,0.5608861,-0.28174758,0.089111246,0.033069182,0.20037562,-0.07442692,0.37786803,0.47240213,-0.68098545,0.69865733,0.44272894,-0.70565486,0.006341614,-0.8470501,-0.74235946,0.20892254,0.2807977,0.16637754,0.55763227,0.44909227,-0.20234975,0.9821064,-0.13930729,0.35327798,-0.5179682,-0.45278448,0.31574714,-0.170946,0.3958395,1.025042,0.34646496,0.0074426755,0.77112573,-0.8011706,-0.7070044,-0.6250474,1.1162608,0.4464447,0.108377874,-0.73568505,-0.05016123,-0.27743882,-0.24873403,-0.1691317,-0.9848879,-0.5060916,0.02224742,-0.20725025,-0.23219912,-0.092359014,0.16032456,0.07478762,1.71968,-0.09700808,-0.5830474,0.11700348,0.35438704,0.9381544,0.95427436,0.5145238,0.29368344,-0.14984865,-0.62501806
P17888,-0.1169958,0.49454424,-0.118862554,0.1109768,-0.32431018,-0.029074963,0.26999408,-0.62300074,0.27556756,0.24002141,0.47311062,0.6188894,-0.2933105,0.40956572,0.13151786,-0.7100378,-0.66289496,0.46781355,-0.4377318,0.74668026,0.25052977,0.18130744,-0.036256917,0.020559907,-0.057847526,0.019398019,-0.3990857,0.45159402,0.52841717,0.6467837,-0.09483807,0.030307423,0.14241004,0.7691248,-0.09180533,-0.31743193,-0.1783577,0.28537515,0.36517844,0.79054433,-0.78389245,-0.41877082,-0.1159438,0.62685406,0.24955289,-0.3166945,-0.3935496,0.5260166,0.0112481965,0.068632066,0.28970033,-0.5071006,-0.42343256,0.23993874,0.19468045,0.025819704,1.1195408,0.12212485,-0.23172137,0.6093515,-0.2693689,-0.73513997,0.18295854,0.4933216
P21399,-0.25215197,0.7854113,0.08650093,0.18130757,-0.4932107,0.02825046,0.09630071,-0.78958744,0.33687583,0.17609021,0.6049935,0.4709541,-0.31215912,0.5817149,0.25423655,-0.5861948,-0.4035846,0.20132795,-0.2494066,0.79615,0.10662234,0.036851116,0.08262234,-0.13487181,-0.08289905,0.2532957,-0.3301804,0.12625046,0.60429865,0.45144814,-0.39489087,0.3030622,0.06384873,0.58511335,-0.12149281,-0.4990599,-0.5656728,0.48068896,0.29546434,0.4286379,-0.7772738,-0.5178944,-0.023696624,0.3134614,0.18212347,-0.4837895,-0.40314028,0.57440704,0.4392346,-0.15521808,0.3758191,-0.3429671,-0.1802381,0.30220646,0.4042473,-0.052160833,0.96494174,-0.25024998,-0.012016632,0.5104046,-0.54450786,-0.6485678,-0.32288474,0.43051434
Q8TAD8,-1.050096,0.31087425,-0.1933739,0.14579186,-0.27993014,0.15935849,0.15141723,-0.27272898,-0.13025889,0.09375185,0.30686024,0.41199327,0.2801606,0.07788127,0.46011606,0.44642365,-0.042456277,0.6216043,-0.5017865,0.6193297,-0.29837155,0.20958555,-0.095318586,-0.40666506,0.2952365,0.24936822,-0.33576357,-0.19496225,0.1497446,0.40163773,-0.30604324,0.41468394,0.35704765,0.23284978,0.46439007,-0.6673506,-0.03547986,0.026480453,0.42528945,0.060260683,-0.2460512,-0.41308662,0.6956321,-0.33414674,0.36612162,-0.4844402,0.09865612,0.19729073,0.4368147,0.001112856,0.3031794,-0.4561857,-0.4322309,0.2555285,-0.18312353,0.14529392,0.2444969,-0.32921892,0.4158358,0.3631552,-0.64934564,-0.87012523,-0.24987859,0.09710193
P0ACN4,-0.030087829,0.66413736,-0.008602553,0.13306925,-0.29314265,0.13971628,-0.04328549,-0.1896113,0.4999456,-0.33971786,0.7723044,0.36240658,-0.58905023,0.3786046,-0.38244566,-0.7062914,-0.032861695,-0.030220188,0.023462221,0.6435791,0.34756434,-0.120959565,0.5957434,-0.085008994,0.0887036,-0.15656997,-0.3352492,0.3183293,0.22262792,0.33966532,0.40838596,0.32809308,-0.056884103,0.7146839,-0.58037364,-0.55082154,-0.6970684,0.85189676,0.31350613,0.1904231,-0.7820742,-0.16611427,-0.26893708,0.03389053,-0.03194731,-0.78142184,-0.37188974,0.23914972,0.092881896,-0.30075532,0.10196093,0.023108888,0.09092939,1.0998155,0.19485024,-0.45452487,0.5034729,0.11591388,0.41194305,0.6249396,0.043505996,-0.021457346,-0.3223541,-0.10331528
A0A024B7W1,-0.25535262,-0.52680224,-0.20790716,0.06425908,0.029245514,-0.23128864,0.4953106,-0.31653285,-0.47202933,0.7037662,-0.14198853,0.31987655,0.41829938,-0.0035654083,0.67218316,0.3364113,-0.6756643,0.34141442,-0.7141379,0.16486733,-0.20097063,0.26337367,-0.5677835,0.19192526,-0.26705834,0.11347416,-0.119932026,0.24925682,0.3301463,0.14930138,-0.39262185,-0.33634934,0.4305106,0.11425817,0.34667182,0.069227815,0.47742087,-0.62591004,0.12860659,0.790208,-0.030781189,-0.07499841,0.0723874,0.44528514,0.42419073,0.5065359,0.11361763,0.4302698,-0.1397888,0.26711082,0.07786983,-0.61273456,-0.5300956,-0.87422633,-0.049921464,0.4050815,0.7968193,-0.007090058,-0.45261657,-0.15532714,-0.3745886,-0.608453,0.31553608,0.4714351
P01027,-0.2830853,-0.53345674,-0.21634316,0.07012658,0.031545542,-0.22667107,0.5016767,-0.3212847,-0.51292676,0.6630954,-0.11105743,0.27774602,0.47401804,-0.0281419,0.6669861,0.45948815,-0.66215205,0.35287124,-0.71724904,0.13616924,-0.24830969,0.26517433,-0.63770217,0.11349577,-0.2620474,0.15176502,-0.07694596,0.25855425,0.31532833,0.098815665,-0.33509666,-0.32233188,0.40714797,0.1275887,0.45410714,0.05963932,0.4933315,-0.62695,0.11476089,0.76328427,0.014530911,-0.07451905,0.1358389,0.4058247,0.3931969,0.48963195,0.17052582,0.35970607,-0.1218558,0.27102298,0.055892676,-0.6313314,-0.53828675,-0.8832214,-0.15070067,0.41486964,0.6465973,-0.05900128,-0.39332604,-0.19026196,-0.41312075,-0.619368,0.29402778,0.49553448
P16045,-0.41628084,0.11275489,-0.089145735,0.1497642,-0.22092004,-0.17262825,0.31483462,-0.53243214,-0.16825128,0.33018625,0.25288406,0.30529058,0.16471307,0.19891438,0.5146198,0.09591993,-0.39261353,0.29017875,-0.49061644,0.4020449,-0.13837007,0.16116522,-0.23429301,-0.04705608,-0.116234615,0.25686774,-0.15865624,0.009182703,0.39013708,0.268476,-0.36990282,0.06701728,0.30958837,0.2458326,0.25652757,-0.18826835,-0.045765333,-0.048105672,0.21163344,0.5207963,-0.2333534,-0.33877283,0.1527006,0.16029331,0.31264576,-0.07451154,-0.06406581,0.45421004,0.29024416,0.07112132,0.19891399,-0.4954437,-0.30880097,-0.299869,0.11161122,0.17236093,0.6561569,-0.29024243,-0.050676763,0.0527888,-0.55447507,-0.6217153,-0.15246621,0.3224062
P32243,-1.0482681,0.003912054,-0.05240783,0.1471895,-0.19186334,-0.055258613,0.30044904,-0.59445256,-0.43063328,0.56924576,-0.049490318,0.20117751,0.43673804,0.07040685,0.9888807,0.8133457,-0.17485708,0.5777058,-0.6092182,0.3799978,-0.45107102,0.2638325,-0.52696717,-0.3425672,0.10403876,0.55948675,-0.1097835,-0.5131999,0.31647915,0.24345106,-0.8481059,0.22158322,0.4467439,-0.13216455,0.64036584,-0.34904265,0.17810145,-0.32737818,0.20030405,0.18902245,0.25449356,-0.51271874,0.8759727,-0.22943744,0.46424535,0.0807959,0.23830175,0.29600617,0.66353846,0.12219785,0.36554188,-0.56212014,-0.5826372,-0.6290161,0.056629706,0.52808726,0.3523885,-0.69022715,0.009335436,0.039721936,-0.85540307,-1.0604026,-0.3285655,0.37219435
P16662,-0.32081646,-0.29956627,-0.18280041,0.087085724,-0.07659064,-0.21863659,0.47133812,-0.45674828,-0.39968246,0.6364815,0.0010060072,0.31685257,0.35899484,0.060772724,0.68579257,0.30853623,-0.6412027,0.39374426,-0.6963251,0.27850452,-0.18767835,0.26594138,-0.58601654,0.06395425,-0.23747924,0.20147127,-0.12194683,0.23221627,0.37518662,0.19635567,-0.4080126,-0.23047182,0.3628773,0.19657959,0.38633105,0.0032662898,0.36309236,-0.47769848,0.14132681,0.7525629,-0.105901256,-0.18508632,0.15859777,0.4193061,0.3736939,0.37958765,0.0922861,0.42837352,0.01886962,0.26760083,0.13581747,-0.63615173,-0.5635782,-0.7677933,-0.051349353,0.39528787,0.76402926,-0.11168809,-0.39206672,-0.0376561,-0.46244133,-0.7025597,0.22539425,0.5180378
P18196,-0.17056915,0.62564623,-0.039370656,0.16507648,-0.3843461,0.078392945,0.10013859,-0.47989106,0.37812933,-0.059048317,0.6645691,0.52091,-0.40146747,0.45826754,-0.0888242,-0.67051065,-0.32861537,0.21621796,-0.21055247,0.7845514,0.2599634,0.057425946,0.27644718,-0.07755506,0.002301123,0.015292913,-0.375368,0.32853827,0.44424057,0.49734753,0.093468785,0.24627975,0.109178655,0.7452453,-0.28235957,-0.53089535,-0.517544,0.578304,0.37039652,0.41252923,-0.7873052,-0.32697132,-0.14037195,0.26810613,0.17207932,-0.6167449,-0.3826086,0.42895243,0.14898413,-0.19900353,0.257197,-0.2998645,-0.1332705,0.7186554,0.21966334,-0.22054765,0.80483246,0.051205818,0.16486743,0.59354573,-0.19028586,-0.42273328,-0.19443184,0.2201946
P00894,-0.33958343,0.7856389,0.23311819,0.23915954,-0.451153,-0.025496718,-0.019292757,-0.8778768,0.26707324,0.071116075,0.57073486,0.06619355,-0.15571062,0.52626616,0.4727895,-0.21856411,-0.025176466,-0.24488339,-0.009803832,0.4174984,-0.1001842,-0.08336875,0.19582939,-0.2965638,-0.045322757,0.46379504,-0.06935683,-0.49137035,0.42691883,0.09169415,-0.7075614,0.5281356,0.03556504,0.02078474,-0.04092039,-0.35168132,-0.8234085,0.51673096,0.087857045,-0.07170431,-0.28495672,-0.45193547,0.123671815,-0.18291724,0.15879884,-0.48361915,-0.18358883,0.49648413,0.90174085,-0.33844352,0.290388,-0.073017135,0.18430266,0.0581567,0.64478165,-0.095968686,0.5362741,-0.7324591,0.20848405,0.094027035,-0.8217153,-0.3710448,-0.9150434,0.23848414
P62328,-0.76349187,-0.61153954,0.17574145,0.04595548,-0.1369074,-0.10283867,0.1388098,-0.32036197,-0.7264569,0.75037634,-0.40345055,-0.14031282,0.6423238,-0.28959736,1.1111495,1.5104351,-0.12399465,-0.048984848,-0.47259232,-0.24105458,-0.6674699,0.1931511,-0.8666479,-0.45922628,0.05894084,0.636395,0.19598727,-0.65898436,-0.1656248,-0.38002768,-1.0685694,-0.1248358,0.39616832,-0.8032115,0.766659,0.22053373,0.35720122,-0.91435814,-0.07689393,-0.022115082,0.7972143,-0.07266392,0.90322757,-0.300435,0.13126087,0.6513204,0.70488507,-0.034039594,0.7796344,0.12395407,-0.09197104,-0.4444702,-0.31675467,-1.2251744,-0.118671745,0.67158526,-0.23096831,-0.6733117,-0.19127786,-0.548225,-0.85268915,-0.43385664,-0.41674736,0.32810026
Q04637,-1.108628,-0.37747365,-0.24403791,0.14516021,-0.0073374845,-0.028524619,0.48755553,-0.30178407,-0.66314113,0.6720401,-0.22429399,0.28057015,0.6560034,-0.12404583,0.9620209,1.0547639,-0.35825253,0.7719042,-0.787288,0.33791196,-0.51810336,0.42704856,-0.76132965,-0.30056137,0.084615335,0.37455073,-0.20103829,-0.25765702,0.24678752,0.22752666,-0.6239909,-0.0067705037,0.6129012,-0.033406515,0.87274426,-0.34402615,0.5417499,-0.6497767,0.25821832,0.3090547,0.3212461,-0.33320403,0.8903028,-0.14881676,0.582719,0.27165526,0.36484227,0.19650862,0.28648415,0.22765581,0.265161,-0.7164853,-0.8104537,-0.70530903,-0.31335822,0.6090162,0.22925283,-0.41713953,-0.012465298,0.05333603,-0.72004277,-1.0777742,0.030234173,0.3892288
P02745,-0.740227,-0.8833213,-0.14153744,0.10555502,0.14882633,-0.14785033,0.40819055,-0.09348479,-0.8971388,0.7200435,-0.505659,-0.004811108,0.8552462,-0.38496745,1.0031003,1.3979878,-0.29265904,0.32253978,-0.6254654,-0.27709708,-0.6379665,0.34056526,-0.9191731,-0.24927902,-0.023999322,0.32637236,0.16392499,-0.40134826,-0.056148026,-0.25742203,-0.69960237,-0.23659909,0.6090933,-0.54640716,0.89247775,0.0681698,0.6482672,-1.0327334,0.0031158552,0.18845665,0.8081297,0.0384032,0.8180216,-0.16139269,0.47099808,0.7085699,0.6613465,0.019001858,0.21984515,0.16347182,-0.08842723,-0.5603712,-0.47887143,-1.1823324,-0.24613635,0.5709663,-0.12090273,-0.37656593,-0.21713647,-0.52573276,-0.646869,-0.553522,-0.037345737,0.29405653
P39428,-0.70244896,-0.6889091,-0.39236802,0.17335059,0.14847226,-0.08633692,0.5954585,-0.090116404,-0.6621069,0.6147353,-0.152784,0.4210542,0.5946379,-0.1570255,0.6432622,0.6903119,-0.56535494,0.64207685,-0.8018455,0.28433007,-0.32055557,0.4140542,-0.58777416,0.06413947,-0.056621786,0.053745016,-0.23704733,0.21282409,0.20118919,0.25307578,-0.21625875,-0.3082007,0.639253,0.20299545,0.6213478,-0.19061163,0.63585585,-0.74736625,0.23581114,0.7017881,0.10951662,-0.15022455,0.3390779,0.19412255,0.53078043,0.38240653,0.20453659,0.28082216,-0.20379944,0.25016356,0.10326198,-0.7791058,-0.6419193,-0.6451716,-0.39179215,0.44124618,0.5656255,0.034871846,-0.15376186,-0.035847336,-0.3943671,-0.77019006,0.3789212,0.39133027
P0AGC3,0.27065447,0.24267825,-0.26297486,0.06348649,-0.09294543,-0.09637909,0.32957393,-0.31194943,0.3019073,0.08282224,0.5111134,0.5604929,-0.40001127,0.3266925,-0.2113308,-0.89883125,-0.59466237,0.2972692,-0.34919596,0.51541245,0.4639426,0.17075473,0.14492147,0.20836484,-0.09089024,-0.32624215,-0.35901886,0.6966636,0.43333697,0.53391814,0.3800278,-0.107515275,0.09364894,0.8050097,-0.38731542,-0.22584486,-0.14856213,0.31091845,0.25783533,0.80004185,-0.75339925,-0.108293176,-0.41451108,0.7264759,0.28605893,-0.2557989,-0.34493282,0.38938197,-0.46068642,0.023862652,0.08785647,-0.3353827,-0.2847366,0.4599536,0.15540528,-0.20494014,1.0325745,0.5268214,-0.21422783,0.5626923,0.15868492,-0.32999778,0.37529102,0.3116243
P00924,-0.07037875,0.96247995,0.15073547,0.1154556,-0.53351295,0.18667455,-0.12902576,-0.5596644,0.5899142,-0.18420714,0.8285673,0.41968983,-0.6004642,0.58656317,-0.1277329,-0.76951,-0.11701005,0.013101034,-0.007229358,0.81150866,0.29038733,-0.13060285,0.42834628,-0.26165992,-0.036444295,0.13971412,-0.32242012,0.19017397,0.45712847,0.35847062,0.002248142,0.47681943,-0.14707556,0.74543554,-0.43832046,-0.6229719,-0.8479428,0.8967402,0.2852918,0.15136266,-0.93864864,-0.41587448,-0.14997202,0.1415798,-0.05530454,-0.7983799,-0.42242607,0.39536873,0.42872703,-0.3102107,0.31135017,-0.011627268,-0.024940144,0.8881591,0.3675786,-0.31234092,0.6613399,-0.17623617,0.3249181,0.68278927,-0.27352422,-0.30109,-0.47560233,0.19833507
M1V4Y8,-0.72908354,0.07722957,0.100645244,0.28925464,-0.10493897,0.04596593,0.01596471,-0.24848367,-0.19011243,0.029498853,0.25531065,-0.12233071,0.29356736,0.052549697,0.52096623,0.6985477,0.2734595,-0.3057904,-0.05653996,-0.012612443,-0.42195284,-0.05127108,0.14427494,-0.2998392,0.21323645,0.30968997,0.077044085,-0.7457694,-0.036465246,-0.12501936,-0.59688324,0.37954327,0.30823186,-0.4021124,0.20416233,-0.28047362,-0.3612484,0.03648314,0.06492469,-0.24846274,0.36477983,-0.16761799,0.37620315,-0.6834673,0.18340415,-0.3142103,0.2157008,0.14053577,0.7250378,-0.33816004,0.038830847,-0.016997188,0.27360997,-0.087988004,0.1908354,-0.03234443,-0.009418964,-0.664589,0.44679552,-0.33587992,-0.77130616,-0.1006873,-0.86539763,-0.1406387
B1YAL1,0.14377247,0.5346792,-0.076427855,0.12497339,-0.15721838,0.10731153,0.03432156,-0.081249654,0.51744765,-0.33730495,0.7393227,0.44117197,-0.653235,0.38453594,-0.5372977,-0.9175346,-0.14358112,0.036671102,-0.017535105,0.608548,0.46158648,-0.06922464,0.63814723,0.071112245,0.0749328,-0.3188373,-0.36092377,0.5067882,0.27626538,0.42588592,0.63984704,0.2161853,-0.02286385,0.829709,-0.7136836,-0.53321064,-0.59662074,0.8136118,0.30760047,0.3483612,-0.8024246,-0.09039344,-0.42121708,0.18677047,0.0650392,-0.7383516,-0.4387134,0.24208641,-0.22267401,-0.28039896,0.05632308,0.0076762848,0.07477929,1.1689496,0.1683875,-0.49198717,0.61382043,0.36989158,0.31786624,0.6613718,0.25974476,0.012202067,-0.11024401,-0.1182317
P16219,-0.24835111,0.57599306,0.013973533,0.17847456,-0.39476654,-0.05602723,0.21159026,-0.77898276,0.18469307,0.2975725,0.50009453,0.44726926,-0.19144385,0.46633992,0.3877878,-0.44367748,-0.5084592,0.24111521,-0.3590582,0.69406587,0.07236637,0.10482948,-0.07460574,-0.034287803,-0.12192428,0.23001122,-0.29567152,0.18116325,0.56462544,0.44541907,-0.4454035,0.13829812,0.11809906,0.5154235,-0.03329519,-0.34503257,-0.34617403,0.2610564,0.24583173,0.5903443,-0.6509695,-0.46533263,-0.014433503,0.39612728,0.22146876,-0.2660185,-0.33796936,0.5611844,0.338819,-0.022842001,0.3258977,-0.42751557,-0.27616265,0.04008013,0.3468932,0.043898173,1.0342113,-0.20175661,-0.18060648,0.40239775,-0.5420308,-0.67760134,-0.15520465,0.48429966
P07359,-0.8403288,-0.66189,-0.2829142,0.08409536,0.27119318,0.11851472,0.22792749,0.38176975,-0.6591784,0.18945414,-0.37217045,0.1020772,0.6362297,-0.61142606,0.49476308,1.2443755,0.044247247,0.5359193,-0.45793116,-0.14093478,-0.43213302,0.2096222,-0.41409135,-0.46827045,0.3082818,0.06584565,-0.00625512,-0.19081219,-0.46517545,-0.060410157,-0.07927476,-0.1281413,0.4458057,-0.2776185,0.6201514,-0.25332233,0.5094672,-0.5778301,0.16485861,0.057414725,0.5310348,0.10775094,0.9323603,-0.4874789,0.30417842,0.28656805,0.55458367,-0.26707348,0.017277624,0.16895165,-0.14713073,-0.35538122,-0.5251708,-0.27229142,-0.5240301,0.34695056,-0.53404063,-0.127689,0.30881995,0.002607584,-0.1880729,-0.35852233,0.12278418,-0.1947235
Q14247,-0.8583342,-0.2768764,0.1435771,0.08918683,-0.17926629,-0.12877546,0.21631444,-0.54081744,-0.5889873,0.6415827,-0.1944956,-0.06028773,0.50760525,-0.056325592,1.1497853,1.2186791,-0.14701855,0.18104911,-0.51101273,0.008623507,-0.55184597,0.18440336,-0.7084348,-0.46317503,0.04264496,0.75777495,0.14644633,-0.70611954,0.16327319,-0.09578818,-0.9506177,0.08338524,0.37005925,-0.5211843,0.7177303,-0.045725636,0.2073144,-0.55490345,-0.050689973,0.07446541,0.6430498,-0.32048094,0.8976284,-0.3129314,0.26462695,0.34024733,0.47810513,0.14551367,0.83230376,0.102470204,0.15426382,-0.47320518,-0.3960881,-1.0095711,0.09797468,0.61012965,0.035680175,-0.86273986,-0.029575355,-0.35291466,-0.91277474,-0.7354029,-0.53775597,0.38142562
P34760,-0.19915302,1.005152,0.10996199,0.11912545,-0.5621595,0.22871894,-0.17399395,-0.49328962,0.6151404,-0.32378042,0.8421881,0.36858,-0.57973605,0.5255558,-0.15406203,-0.6519313,0.0559266,0.04198414,0.0538221,0.8023263,0.26515538,-0.17030631,0.5446885,-0.37602344,0.039150935,0.13560763,-0.3522449,0.055233743,0.33552685,0.3519546,0.031834994,0.60224867,-0.10689931,0.7098655,-0.43491042,-0.681653,-0.9136701,1.0087422,0.32854345,-0.012679368,-0.9045516,-0.43050382,-0.039084144,-0.042027332,-0.10159606,-0.9382591,-0.38691935,0.34615886,0.56206524,-0.32503414,0.32143712,0.06071755,-0.012570631,1.0353804,0.33357298,-0.33836854,0.46028537,-0.27934778,0.532381,0.6972486,-0.27068362,-0.24403799,-0.5916773,0.043244094
P0C0T5,0.015631497,0.32684708,-0.27508295,0.114538416,-0.17584501,-0.012146027,0.28006324,-0.3431145,0.32199016,-0.03332416,0.5229396,0.6404867,-0.3779761,0.31321195,-0.2585848,-0.8319201,-0.5520657,0.45262071,-0.36139205,0.66816896,0.40538204,0.17512995,0.2067473,0.13923961,-0.0041850545,-0.20584348,-0.43665475,0.6070799,0.41845772,0.6657192,0.36756247,0.0010234148,0.18655802,0.8644795,-0.2895849,-0.4032666,-0.20921963,0.39012164,0.3739995,0.7281273,-0.76951075,-0.21220322,-0.2399354,0.57155776,0.30518234,-0.47172546,-0.38922712,0.39951906,-0.30155635,-0.046351187,0.1731655,-0.42281413,-0.31948504,0.63772404,0.12620734,-0.17930907,0.9517968,0.43405312,-0.038702875,0.64281553,0.106598094,-0.46447924,0.27422217,0.23523289
P0A9Q7,-0.021916702,0.73631376,0.06340618,0.14189151,-0.418535,0.06323054,0.06817385,-0.62345463,0.4320812,0.063414715,0.6634998,0.5028982,-0.46755737,0.5606147,0.0037684664,-0.7981739,-0.41842505,0.14816666,-0.1927973,0.7747501,0.27512366,0.027834332,0.19571052,-0.08859404,-0.08027123,0.086593494,-0.3079298,0.33038384,0.5574554,0.45475847,-0.060237918,0.23797652,-0.006498538,0.73729724,-0.31453097,-0.4698247,-0.5571488,0.58283126,0.29554382,0.47318003,-0.83977836,-0.38503516,-0.20253396,0.39841604,0.13306911,-0.5194599,-0.42400983,0.48685735,0.19199692,-0.17758979,0.28995463,-0.25581783,-0.14489265,0.5377031,0.34389627,-0.17448694,0.94690317,-0.015431505,0.0005575791,0.6045111,-0.27693295,-0.48037115,-0.19840652,0.38283697
P06612,-0.3201406,0.84441435,0.097307056,0.14978544,-0.56601954,0.00055654626,0.09002307,-0.8722489,0.3129363,0.2369071,0.5920545,0.48111567,-0.28438,0.602139,0.3401261,-0.5255079,-0.4032364,0.29929736,-0.29729137,0.8586251,0.059826225,0.050894946,-0.010458788,-0.1869686,-0.08670068,0.32968387,-0.35728502,0.0848477,0.6456029,0.47536325,-0.4724193,0.3431259,0.034824736,0.57185996,-0.019311488,-0.5101626,-0.5570818,0.4758833,0.33663854,0.42081842,-0.8235046,-0.5837873,0.06368772,0.3261937,0.17878513,-0.48356187,-0.3925794,0.5959986,0.5324579,-0.10143224,0.42001787,-0.3977731,-0.25347477,0.24198385,0.39561543,0.015624389,0.96420646,-0.335944,-0.010558747,0.5459076,-0.61595297,-0.7683317,-0.34061694,0.48191422
Q9QWV4,-0.91247606,-0.22978055,0.01757536,0.25155786,0.0021147914,0.055013593,0.13596992,-0.17324032,-0.4856482,0.17680082,-0.021912806,-0.102729484,0.5417488,-0.15000007,0.7138207,1.1248512,0.14843786,-0.03017274,-0.28610533,-0.03236566,-0.5687802,0.061529435,-0.20350952,-0.40762863,0.21008974,0.4167303,0.10213411,-0.6934185,-0.09940159,-0.1442702,-0.59697556,0.26051196,0.4332507,-0.47644964,0.53046507,-0.221235,-0.0035080314,-0.29327646,0.100064866,-0.14837256,0.56549543,-0.12411466,0.6561991,-0.7026199,0.2556475,-0.030318819,0.40959612,0.028595498,0.645781,-0.1359621,0.043713987,-0.19848518,-0.052456405,-0.41140068,-0.07120577,0.23905742,-0.22089241,-0.7122157,0.40888834,-0.36779624,-0.79476994,-0.3177262,-0.6608598,-0.051465675
Q7L0Y3,-0.61881304,-0.07192642,-0.4190067,0.15394333,-0.018990155,0.1528834,0.22599135,0.20257787,-0.06542337,-0.20673987,0.37133855,0.5330266,0.016053703,-0.12562084,-0.17825532,0.10605298,-0.081793144,0.5205829,-0.35323194,0.56229436,0.039358124,0.14474869,0.24246642,-0.048562765,0.28344643,-0.22077793,-0.4219659,0.3327863,-0.036410492,0.40313125,0.4378825,0.13443506,0.39448443,0.55682653,0.02958078,-0.6357302,-0.0065610707,0.11286214,0.44310722,0.29335162,-0.39302197,-0.06575981,0.21447924,-0.1431362,0.25115773,-0.49429083,-0.017315693,0.059314534,-0.20895971,-0.07090218,0.049812227,-0.3598589,-0.26388374,0.769197,-0.36823866,-0.16577235,0.2641043,0.2973811,0.48938236,0.44432437,0.019620087,-0.2932548,0.11003575,-0.17449659
A0EKJ1,-0.17811525,0.8162883,0.2746793,0.22284004,-0.4258944,0.027374614,-0.090207994,-0.77722424,0.37993515,-0.039714642,0.65192866,-0.0027846545,-0.26412317,0.5313523,0.3049678,-0.33455086,0.056083225,-0.4648222,0.11557688,0.34067714,-0.025344301,-0.17591298,0.34022462,-0.27464837,-0.04894386,0.3784515,-0.060777545,-0.4359438,0.36003488,-0.0071704164,-0.5971563,0.5106887,-0.06986021,0.030765373,-0.18219037,-0.3246959,-0.9289327,0.62785786,0.031263806,-0.14300424,-0.34849334,-0.3441521,-0.042973347,-0.18337205,0.059196327,-0.5364219,-0.20907918,0.42722347,0.8332484,-0.43813205,0.21682355,0.0793404,0.34256285,0.22978784,0.66827655,-0.24021369,0.47554392,-0.642855,0.24048287,0.08901596,-0.72982574,-0.118235454,-0.9603049,0.14795148
P51965,-0.8654543,0.3199766,0.03325416,0.08804838,-0.40688354,-0.23680335,0.29934305,-0.975444,-0.27072445,0.6720688,0.14168349,0.21848647,0.21715756,0.37009078,1.1052241,0.47943944,-0.27661803,0.596763,-0.62155163,0.55433273,-0.4043452,0.18859993,-0.50840294,-0.22390668,-0.053336624,0.6670171,-0.20324905,-0.42002007,0.6278127,0.374075,-1.0225484,0.24671413,0.23722512,0.0056425594,0.48935202,-0.29167858,-0.054942153,-0.10507473,0.16979086,0.35425028,-0.019209677,-0.766591,0.67044336,0.07991422,0.39351854,-0.01271636,-0.019167475,0.52887124,0.86266667,0.23920475,0.52097523,-0.6125596,-0.55339056,-0.7214228,0.32449993,0.5726337,0.7539525,-0.8267288,-0.17906329,0.13591868,-0.9077648,-1.1608053,-0.3853319,0.5825303
Q9C0C9,-0.8043933,-0.33201104,-0.47194988,0.13741867,0.05620734,0.05841578,0.47507817,0.04292091,-0.30431348,0.22765478,0.09041722,0.6587038,0.32542294,-0.15502477,0.18689923,0.28895873,-0.4141016,0.8312597,-0.7477347,0.58769226,-0.08317079,0.36736706,-0.17653595,0.001125373,0.20529161,-0.12150076,-0.4880936,0.38258812,0.06766774,0.5156758,0.14780857,-0.085661694,0.5638861,0.54161704,0.3995373,-0.44425237,0.43662304,-0.35946527,0.44929543,0.6009554,-0.2543363,-0.23099424,0.37309575,0.12423568,0.4706163,-0.10356337,0.06476146,0.1941553,-0.24066706,0.18708374,0.1693021,-0.7414964,-0.6245232,0.10036723,-0.4903497,0.24865016,0.53629994,0.26967794,0.13215052,0.39452744,-0.17943189,-0.80079216,0.44551796,0.20694599
P80188,-0.4638799,-1.0246253,-0.17329274,0.054283187,0.19164847,-0.19625859,0.49208838,-0.05335191,-0.88813573,0.8119026,-0.510044,0.09972991,0.862765,-0.36347923,0.9144367,1.1808144,-0.5101433,0.31747258,-0.6830569,-0.27341974,-0.5420705,0.38235375,-1.0165354,-0.0748886,-0.20130281,0.18285587,0.1718539,-0.045487214,0.055708405,-0.26442942,-0.52254474,-0.46366292,0.5433797,-0.3964071,0.8420559,0.17654335,0.78793937,-1.1364461,0.010721505,0.44884145,0.6305658,0.13898225,0.58179027,0.13641706,0.45292065,0.8102817,0.6138398,0.055977,-0.12843005,0.25876337,-0.15020227,-0.6271829,-0.51296824,-1.245331,-0.33944052,0.54185003,0.076351285,-0.090886176,-0.42525703,-0.5050685,-0.4560917,-0.47877067,0.24443328,0.37609887
Q12349,-0.5180292,0.9292644,0.13985108,0.16261826,-0.4793984,0.2274594,-0.27658755,-0.4052666,0.44257063,-0.4849287,0.71227115,0.13425568,-0.34667552,0.26678297,-0.00454304,-0.15679468,0.49608183,0.059394456,0.1941928,0.5348652,0.07787494,-0.15379521,0.5767937,-0.6897818,0.2794355,0.21017113,-0.19897948,-0.44214156,-0.06426884,0.17703407,-0.08409637,0.8444987,-0.0716129,0.28148028,-0.23909193,-0.6330264,-0.85819733,1.0064342,0.30387834,-0.3753479,-0.4845208,-0.4582219,0.43884546,-0.57014096,-0.0878675,-0.9487559,-0.10492001,0.07189768,0.87314355,-0.30282074,0.21664104,0.1884894,0.034521457,1.0169424,0.29983395,-0.28845102,-0.09413874,-0.562105,0.7953444,0.4925419,-0.4178335,-0.19331805,-0.8564512,-0.25424808
P84022,-0.70791936,0.21338752,-0.041595966,0.09396514,-0.38850692,-0.256386,0.36464995,-0.84981376,-0.2932446,0.69068676,0.14337921,0.329936,0.23987177,0.34850994,0.98382616,0.33150375,-0.4041305,0.5628698,-0.663697,0.5502476,-0.35165834,0.205131,-0.5122007,-0.08704969,-0.14112386,0.49955007,-0.2633779,-0.20758037,0.59108543,0.36580622,-0.8696451,0.13813266,0.3097392,0.13655858,0.4538487,-0.24552651,0.036691144,-0.17253558,0.20688502,0.50868595,-0.15257463,-0.66682553,0.44447953,0.19391015,0.36288947,0.028415881,-0.08134531,0.6000206,0.6511117,0.25459945,0.43554404,-0.62575793,-0.5671722,-0.73356205,0.25947833,0.50371593,0.89882123,-0.62551963,-0.222314,0.11364339,-0.8457596,-1.0551283,-0.2196377,0.58509034
C0LGW6,-0.16368829,0.26484522,-0.091631256,0.19053324,-0.19201843,-0.033645127,0.21874021,-0.36704683,0.114934266,0.08867156,0.4820671,0.40194657,-0.18298219,0.28923213,0.052976433,-0.3769241,-0.3358686,0.085524745,-0.2731871,0.49225536,0.1323263,0.07693749,0.14195856,0.07524267,-0.038149912,-0.031393558,-0.29032248,0.2788327,0.33573186,0.32241517,-0.00976425,0.07009434,0.17981559,0.4703082,-0.17951757,-0.34091622,-0.29919645,0.23169461,0.22946125,0.50195205,-0.5055002,-0.20071788,-0.16507289,0.23468462,0.21710989,-0.3084082,-0.22786579,0.3787453,0.025314596,-0.12749061,0.122936994,-0.31438005,-0.09047896,0.31188452,0.1827597,-0.1589708,0.77375966,0.07026486,0.016337074,0.27476123,-0.25369596,-0.32501975,-0.09719145,0.18520747
Q9HAU5,-1.0259178,-0.0696419,-0.24798708,0.18540826,-0.14934425,-0.061308164,0.42769194,-0.42244133,-0.4568093,0.53130805,0.0664759,0.42171684,0.47154504,0.117548816,0.7544563,0.6166086,-0.3291141,0.69106483,-0.72468084,0.5102777,-0.42279238,0.35583216,-0.45592695,-0.11512476,0.08659391,0.2961718,-0.34324092,-0.17719789,0.34997448,0.3805067,-0.5697908,0.090060376,0.5556509,0.16287437,0.6414418,-0.4099229,0.27601492,-0.38526356,0.30701658,0.4065348,-0.020198563,-0.4944125,0.55711573,-0.05958935,0.5005274,-0.040006135,0.079758056,0.3995229,0.36279747,0.16281281,0.32843122,-0.72544724,-0.6025897,-0.43436515,-0.16961269,0.44398534,0.578327,-0.35582334,0.043537028,0.14169736,-0.74671704,-1.0371681,-0.04373662,0.39225125
P11415,-0.34484535,0.6444677,0.07611656,0.20404644,-0.44243142,-0.07646091,0.14818974,-0.8010382,0.16375096,0.21618101,0.51857346,0.33274487,-0.14117604,0.47884658,0.41172713,-0.29301828,-0.31973058,0.1282188,-0.27706096,0.6144011,-0.018922701,0.04347808,-0.016845776,-0.146582,-0.10238019,0.3285983,-0.21966729,-0.055700798,0.53955066,0.32332575,-0.5046418,0.30840045,0.11611138,0.3485957,0.0056393445,-0.38639718,-0.50208867,0.34877804,0.21944672,0.35251105,-0.5165013,-0.4774873,0.08348222,0.1503306,0.21084972,-0.37924796,-0.2639872,0.5402212,0.54726726,-0.12562177,0.32435587,-0.3359959,-0.15172021,0.046251714,0.40744612,-0.0004407242,0.81230146,-0.41212994,0.007589549,0.27679387,-0.6609483,-0.6174962,-0.43496186,0.37643832
P0DMC3,0.021944687,-0.6399304,-0.21010898,0.16050358,0.64412916,0.41310427,-0.05883774,1.1993029,-0.08385073,-0.4707615,0.0573276,0.08446243,-0.056891605,-0.5476353,-0.87617236,0.24453141,0.3733473,-0.36653093,0.23863143,-0.31379622,0.15096398,-0.10933466,0.5859317,-0.021753281,0.44130537,-0.76558805,-0.11413431,0.25323653,-0.78142136,-0.33838013,1.0525165,-0.2807572,0.18203676,0.05807871,-0.4355614,-0.27242997,-0.023627728,0.07338481,0.15156439,-0.17979592,0.14004855,0.6063137,-0.23574173,-0.48167184,-0.1298758,-0.18939045,0.28772813,-0.50066745,-0.7572994,-0.4255957,-0.5765463,0.20672533,0.34605896,1.057731,-0.628424,-0.49901274,-0.6150584,0.71622807,0.7193219,0.22634998,0.7452673,0.84735954,0.11502117,-0.7913185
Q9UJV3,-0.7072772,-0.15398745,-0.2205214,0.13488394,-0.15957092,-0.18455327,0.4873641,-0.51676863,-0.44724885,0.6601387,0.047004305,0.4315463,0.39658338,0.15029979,0.7726875,0.40201622,-0.5413632,0.6410556,-0.76784605,0.48088285,-0.3141123,0.31807593,-0.54918575,0.03361547,-0.10794808,0.2543364,-0.30145442,0.05068868,0.4426759,0.35525155,-0.5245104,-0.073198184,0.482521,0.2666664,0.5253601,-0.22002262,0.34841597,-0.4079918,0.26518548,0.68143576,-0.14495015,-0.45933336,0.32731393,0.25744158,0.4323387,0.15735222,0.0030033663,0.50147516,0.22193635,0.2662471,0.29188022,-0.7504095,-0.6432197,-0.65382594,-0.07918723,0.4637687,0.8256984,-0.27758086,-0.21775961,0.06932169,-0.6572704,-0.9700146,0.13297518,0.52752215
Q95VF2,-0.3967324,1.0301368,0.23875155,0.18701257,-0.58582926,0.06395553,-0.09022637,-0.9974268,0.43703392,0.056364365,0.64813256,0.24049872,-0.26255924,0.61893255,0.47839913,-0.39533085,-0.059420235,0.019474886,-0.03283102,0.6312469,-0.0032918453,-0.066937335,0.21848488,-0.45065698,-0.021044716,0.53254116,-0.17416048,-0.46124002,0.5206059,0.25271624,-0.76332444,0.6843235,-0.045725666,0.1956875,-0.063006036,-0.5640342,-0.93637073,0.6526993,0.14702588,-0.11077583,-0.5910983,-0.59421074,0.28129384,-0.081987545,0.17103475,-0.61409146,-0.2692506,0.53837794,0.9876183,-0.3098095,0.45085737,-0.09613246,0.017599825,0.27898628,0.68967533,-0.060587138,0.6098154,-0.74636656,0.25256056,0.37471777,-0.816487,-0.60735977,-0.8638018,0.31322595
P08909,-0.8077737,-0.32883897,-0.24379309,0.17627978,-0.03745125,-0.08866756,0.47557098,-0.34384546,-0.5396869,0.62546605,-0.04661785,0.36922067,0.5063721,0.0055098757,0.77604204,0.646772,-0.44603378,0.59694564,-0.74984396,0.36256504,-0.35885847,0.33810717,-0.576719,-0.050953053,-0.02541732,0.24053892,-0.23398657,-0.02888323,0.29691872,0.26601768,-0.50734377,-0.09902119,0.5399862,0.12634093,0.5879054,-0.27176982,0.41317368,-0.5357733,0.23202667,0.5565242,0.064168766,-0.34306955,0.47119117,0.08955798,0.47578594,0.23777254,0.15946004,0.35914147,0.17089768,0.19277689,0.23563242,-0.7116036,-0.61638576,-0.64818096,-0.17344259,0.45474327,0.60316616,-0.25156248,-0.13080388,0.010253347,-0.61902755,-0.89618504,0.11956419,0.42920086
P48601,-0.6623018,0.4650853,0.13102789,0.13199528,-0.41778895,-0.23732564,0.20322445,-1.0703547,-0.08662753,0.54080796,0.24468075,0.1483517,0.08946203,0.40881014,1.0497026,0.2922244,-0.24934125,0.3030285,-0.45354742,0.40658528,-0.30246687,0.09108131,-0.32440645,-0.2651234,-0.072124034,0.70793056,-0.07665546,-0.56916654,0.5731682,0.33756977,-1.10115,0.3292747,0.1620844,-0.10443829,0.2913516,-0.2526222,-0.31734085,0.04133272,0.04860589,0.2411241,0.026761344,-0.69587314,0.5606504,-0.0016319975,0.3340248,-0.06310758,-0.087677844,0.560825,0.9755262,0.09740406,0.46641734,-0.40421936,-0.31074908,-0.6488746,0.5648998,0.44072437,0.7489437,-0.92727125,-0.13968009,0.035563037,-0.95081484,-0.97220516,-0.61047876,0.52349174
D2Z028,0.013656616,0.79889303,0.0376606,0.097783044,-0.3544372,0.18639886,-0.099175885,-0.23434286,0.6003139,-0.36523846,0.81429493,0.40357682,-0.6865139,0.42933503,-0.40829408,-0.827841,-0.044788964,0.03201729,0.04332578,0.7231579,0.39693743,-0.15044709,0.62714076,-0.16420689,0.0664044,-0.11039542,-0.34214133,0.34940797,0.2828221,0.39862,0.4268983,0.38813633,-0.12844917,0.8240424,-0.6297349,-0.60417056,-0.7623289,0.97375005,0.32206,0.1935472,-0.88574445,-0.24589215,-0.25566542,0.07640394,-0.08482148,-0.8695287,-0.43681368,0.25576863,0.13185929,-0.2871619,0.15985659,0.06978974,0.0273331,1.1782789,0.2191035,-0.4414912,0.5176451,0.08308076,0.43651706,0.74559706,0.06324799,-0.083118215,-0.3207994,-0.055709437
Q42403,-0.63428605,0.7728983,0.08604679,0.21318437,-0.5169056,0.0011327071,0.074468195,-0.7967142,0.20509593,0.1387831,0.5458863,0.34078908,-0.062726274,0.5000001,0.48814645,-0.17665458,-0.12998384,0.26797614,-0.25372815,0.70674336,-0.08830781,0.07688439,0.048948787,-0.31516957,0.05250672,0.39884213,-0.27089733,-0.28882563,0.49261373,0.37977195,-0.5911335,0.521784,0.15760809,0.28808874,0.11410665,-0.5312951,-0.5722625,0.42028812,0.29983276,0.1356768,-0.5150601,-0.6051082,0.33598906,-0.049525373,0.26327753,-0.566462,-0.19688144,0.5273401,0.7546961,-0.14630896,0.41510633,-0.3573261,-0.1762394,0.19366626,0.3804552,0.02842429,0.65655065,-0.550073,0.20113382,0.3526943,-0.7631934,-0.7827417,-0.5804958,0.25652558
B7J1R2,0.0760797,0.95674205,0.12842934,0.07164886,-0.38713303,0.24169326,-0.17478853,-0.26401275,0.7121342,-0.3741053,0.9017764,0.3884212,-0.81300455,0.486415,-0.4376552,-0.9435368,0.0050412267,-0.06517703,0.092032775,0.7563113,0.4618709,-0.22800721,0.68206525,-0.20812646,0.04692019,-0.07921815,-0.33323503,0.36858347,0.33111238,0.367036,0.40438136,0.44357726,-0.27681825,0.8774098,-0.7172451,-0.61488044,-0.8650357,1.1017832,0.27527997,0.14985761,-0.99120814,-0.30010733,-0.32125768,0.10723713,-0.21010248,-0.91984355,-0.47466627,0.24269801,0.18596724,-0.31362253,0.19446605,0.18120955,0.042639244,1.2359167,0.2662881,-0.47687292,0.5490924,0.029197752,0.43522573,0.8410178,0.038623914,-0.07427037,-0.36826706,-0.014413293
P19174,-0.46602878,0.10021839,-0.257443,0.14749046,-0.17057584,-0.119801395,0.43660673,-0.492445,-0.1056343,0.4132323,0.24383791,0.62002015,0.058460645,0.2124053,0.36280575,-0.22364117,-0.6436189,0.63576424,-0.62775725,0.6481948,-0.0011499077,0.2875249,-0.20124492,0.15017143,-0.03188635,0.0309069,-0.43369943,0.3173811,0.42861623,0.6014711,-0.22700402,-0.07986475,0.41733015,0.57901585,0.2023702,-0.2525037,0.13690157,-0.12054503,0.3555318,0.83372205,-0.5131982,-0.44883814,0.042537004,0.4702009,0.3679537,-0.10236426,-0.24155003,0.53996104,0.012024107,0.18463579,0.2640835,-0.7130388,-0.5308848,-0.14572485,-0.009710026,0.22386527,1.0535115,0.055256948,-0.22214717,0.36272985,-0.4260648,-0.8651099,0.2834515,0.47851086
P17515,-0.5408914,-0.9640211,-0.06279062,0.1273117,0.31216022,-0.14905015,0.26592264,0.14554194,-0.85654503,0.488761,-0.5666494,-0.19263795,0.8479778,-0.56624275,0.7374235,1.4278965,-0.09217777,-0.042234354,-0.40612367,-0.5487088,-0.6646505,0.17756498,-0.6689606,-0.17474407,0.0731211,0.09088063,0.23448764,-0.4357131,-0.42663285,-0.53208923,-0.5785524,-0.3195223,0.5199345,-0.80282027,0.6430781,0.30750966,0.5652698,-0.9779608,0.0053636506,0.027899459,0.9617592,0.26119938,0.63240457,-0.346076,0.27558994,0.7083613,0.69398075,-0.19370146,0.18153483,0.123696744,-0.3156939,-0.36265254,-0.11395557,-1.026675,-0.30853882,0.42897266,-0.42539978,-0.28178245,-0.14562187,-0.6885866,-0.43407512,-0.028904827,-0.10422562,-0.021924367
Q9VU87,-0.6161432,0.3412635,-0.08091378,0.22543873,-0.2892544,-0.01730029,0.19046515,-0.4205897,0.002214782,0.06909642,0.42756492,0.3602972,0.051189125,0.27612886,0.2769755,0.02225075,-0.11289157,0.22902814,-0.3167584,0.5282779,-0.10448945,0.109426916,0.09885761,-0.14679605,0.085004345,0.16002175,-0.28440958,-0.11911927,0.282571,0.31936872,-0.25861555,0.31488633,0.32623678,0.27976057,0.11857896,-0.47732347,-0.30972552,0.22036326,0.30839226,0.24174653,-0.34760457,-0.38364208,0.21794564,-0.1393052,0.30654946,-0.46297824,-0.10834079,0.39432374,0.38377994,-0.15396708,0.22974756,-0.3533025,-0.14133063,0.22158559,0.13301875,-0.033764493,0.5231755,-0.26333666,0.280111,0.18717921,-0.57095623,-0.5393209,-0.36427394,0.09750746
P46273,-0.15000515,1.0381566,0.11871438,0.09511548,-0.5708564,0.25780123,-0.19167563,-0.49685076,0.651186,-0.30805594,0.8752078,0.42256168,-0.6429533,0.5426195,-0.19107628,-0.7307261,-0.0036943182,0.07104881,0.026350498,0.86230165,0.31535095,-0.17581108,0.5317736,-0.35078844,0.013840895,0.13315848,-0.37195736,0.16198133,0.3802868,0.39650294,0.07009727,0.5645224,-0.1573669,0.8096984,-0.46760184,-0.7026134,-0.8995411,1.0351038,0.3377538,0.051901877,-1.002668,-0.43807662,-0.08847805,0.05009862,-0.14055109,-0.9358814,-0.43213823,0.34824052,0.5029333,-0.31113374,0.33757144,0.052618857,-0.05737139,1.0854805,0.31254193,-0.33991417,0.52899855,-0.22688432,0.49272144,0.77549064,-0.22600646,-0.27296966,-0.51716614,0.09858912
O15394,-0.48125097,-0.43477008,-0.07846744,0.09747474,-0.069547504,-0.22795567,0.41738713,-0.47571,-0.5657442,0.7260818,-0.15296143,0.12136384,0.55912,0.033454113,0.9184116,0.73061687,-0.4810266,0.26013014,-0.67183405,0.057693858,-0.40497243,0.22229856,-0.72688216,-0.053056464,-0.22303012,0.36468902,0.004594043,-0.10472874,0.3408504,-0.010509759,-0.6681993,-0.1538382,0.37948936,-0.11656928,0.58584213,0.02040805,0.39793026,-0.62040526,0.04688985,0.5241423,0.24412169,-0.22142486,0.3919349,0.1954104,0.3842764,0.46480435,0.27597296,0.33796635,0.2446744,0.21000744,0.12960528,-0.5628953,-0.49051955,-1.0797367,0.016468491,0.4924615,0.50071084,-0.4161777,-0.35085303,-0.34754336,-0.67892915,-0.7100871,-0.005377859,0.52207154
P9WPW9,-0.15933461,0.8077657,0.123203255,0.173297,-0.49150088,0.032406334,0.027468354,-0.73235995,0.3663675,0.07729765,0.66011786,0.39981338,-0.36779386,0.56623524,0.14658496,-0.5957384,-0.28665456,0.073015034,-0.15375033,0.7280389,0.1437249,-0.022075547,0.16491821,-0.17621595,-0.09275633,0.2246648,-0.2676464,0.11061105,0.54292864,0.33504683,-0.26330784,0.3633103,-0.016025685,0.5533797,-0.21620071,-0.48818162,-0.66468394,0.58746284,0.26112923,0.30947354,-0.74998766,-0.4412555,-0.066785,0.21684027,0.117770135,-0.54469526,-0.36003765,0.493656,0.44897583,-0.2228408,0.31412968,-0.22169496,-0.09046608,0.423622,0.415049,-0.15031537,0.8169069,-0.25479066,0.09090174,0.47403413,-0.4789778,-0.48761705,-0.42026296,0.35065442
O33407,0.21649656,0.35574618,-0.17812078,0.11519753,-0.11626917,-0.010574701,0.19343832,-0.2086676,0.3872725,-0.13792977,0.6227549,0.5093881,-0.49925816,0.364118,-0.4095397,-0.91732836,-0.38443464,0.16140741,-0.18165796,0.5654488,0.471968,0.07223584,0.38150096,0.1653688,-0.029320281,-0.3209705,-0.34484166,0.6296581,0.37346357,0.47376126,0.55771565,0.047496863,0.042770706,0.8217022,-0.54328364,-0.3800891,-0.36412075,0.54529136,0.29198667,0.5832484,-0.7727376,-0.06813897,-0.42285126,0.45833552,0.21148369,-0.49973023,-0.37706682,0.31048068,-0.38398212,-0.14710835,0.054355145,-0.19010907,-0.09686975,0.8372178,0.15928684,-0.36306235,0.8167465,0.48335624,0.044958517,0.58074206,0.2354647,-0.16315433,0.13956474,0.0943052
Q9ALW2,0.021697491,1.0958391,0.19732967,0.06181313,-0.47466698,0.27455586,-0.26006562,-0.3799822,0.7221068,-0.37111214,0.93039095,0.34287307,-0.81480795,0.52695864,-0.37048605,-0.86810035,0.11496099,-0.116858415,0.13563508,0.7695801,0.4168073,-0.28526685,0.6818309,-0.30542636,0.045909937,0.032392457,-0.34708917,0.23211366,0.3151853,0.28109628,0.25219432,0.55566424,-0.34759492,0.8015862,-0.6790607,-0.6295625,-0.9630636,1.165983,0.25706333,0.028185561,-1.0373018,-0.3870972,-0.24433261,0.03421954,-0.28867778,-0.94179547,-0.44379607,0.22837731,0.39477798,-0.32336694,0.24072564,0.23029459,0.04424398,1.2153919,0.32429117,-0.44276083,0.47013265,-0.15676074,0.4951319,0.82285386,-0.10448508,-0.10135785,-0.5067488,0.0046141073
O15033,-0.33950466,-0.17840233,-0.33249408,0.20302546,0.036557604,-0.053784512,0.39405036,-0.041702136,-0.1286317,0.07824837,0.30137533,0.49260983,0.022543088,0.036314152,-0.03547955,-0.12305227,-0.33832708,0.2924971,-0.41356725,0.40705806,0.08508317,0.18835367,0.14218882,0.21623364,0.049328264,-0.20780316,-0.37681234,0.36965457,0.18967104,0.37247682,0.20959572,-0.07102477,0.422034,0.4645293,-0.04016658,-0.32847184,0.010443836,-0.072457194,0.2703465,0.60077226,-0.35336095,-0.09201753,-0.12457668,0.18360367,0.34284806,-0.20387487,-0.12142227,0.29424083,-0.28295138,-0.049772456,0.031227335,-0.44639745,-0.1902308,0.28358483,-0.106039554,-0.10332734,0.6778656,0.31031334,0.097371325,0.19757164,-0.105943084,-0.31398037,0.18296576,0.07464194
O00560,-0.7721592,0.025053315,-0.061750263,0.16591673,-0.21261866,-0.19251597,0.3396728,-0.6549272,-0.3821978,0.55382997,0.07221666,0.23470365,0.36231303,0.19127539,0.8837017,0.5388049,-0.28867722,0.41295156,-0.5959287,0.33109853,-0.38439703,0.2084786,-0.4316253,-0.12577315,-0.04409081,0.46023145,-0.13002092,-0.3737599,0.4037027,0.24034089,-0.7749251,0.14215614,0.42564347,-0.033840958,0.47663942,-0.2468664,0.07345167,-0.25606754,0.15151513,0.35535777,0.11725765,-0.5018312,0.5017489,-0.055467524,0.4271853,0.056235522,0.06487492,0.46317688,0.58199704,0.09855838,0.32420823,-0.5463609,-0.4322204,-0.6742093,0.18870014,0.42396587,0.61354625,-0.6098794,-0.06649897,-0.08581358,-0.8345758,-0.887756,-0.30047312,0.42723882
O94875,-0.74291444,-0.4785587,-0.053537518,0.090474576,-0.093064055,-0.1943241,0.41026482,-0.503335,-0.6865176,0.8110949,-0.2625156,0.09068601,0.632824,-0.0027628914,1.1295835,1.0447813,-0.3330155,0.41048893,-0.6913945,0.08111948,-0.51679367,0.2984781,-0.8289948,-0.21702823,-0.11732443,0.5228965,0.023985736,-0.37357554,0.3188402,-0.013121873,-0.84153324,-0.07044127,0.47391215,-0.27417165,0.76019,-0.06897741,0.4347058,-0.71001244,0.029807925,0.35616443,0.4483708,-0.31403887,0.71998644,0.020098872,0.4654698,0.50297546,0.41133615,0.28418162,0.44891626,0.2101817,0.2146258,-0.61812043,-0.5992586,-1.1667439,0.027463537,0.6365552,0.35812014,-0.59197176,-0.25517002,-0.33745122,-0.78471977,-0.87130857,-0.14762937,0.53003705
P09455,-0.6565752,0.4850069,0.097260885,0.18142773,-0.41593754,-0.1946466,0.21250835,-0.9405464,-0.05994159,0.41376138,0.3092758,0.20235965,0.09851663,0.4138116,0.86468095,0.17992842,-0.24017891,0.23894116,-0.41195688,0.46857873,-0.25741118,0.11290038,-0.24365589,-0.21457122,-0.060101237,0.5780622,-0.11726163,-0.45899272,0.5389654,0.31924108,-0.91238177,0.3384613,0.22223389,0.0062323324,0.28127852,-0.2791999,-0.3334478,0.09577721,0.12959544,0.26212025,-0.112982504,-0.6203193,0.4290707,-0.03763079,0.3095778,-0.18200481,-0.1011296,0.56565386,0.8473214,0.026694477,0.39800116,-0.4160869,-0.2605116,-0.4541818,0.45760968,0.2976969,0.7173761,-0.78147525,-0.049854495,0.06088522,-0.9165696,-0.871827,-0.5826566,0.41827688
P11541,-0.2363575,0.10436595,-0.16716091,0.19473277,-0.12299582,-0.12280087,0.36681134,-0.3884972,-0.009684797,0.24372336,0.34042984,0.48631325,-0.05227054,0.2511784,0.19016865,-0.34308797,-0.48786235,0.2510941,-0.4254402,0.490667,0.076617345,0.16655105,0.035580806,0.17804301,-0.070367575,-0.039037272,-0.3244632,0.27011508,0.39363655,0.4148738,-0.114056274,-0.01867574,0.352578,0.45251468,-0.06387955,-0.24508822,-0.10578765,0.01993771,0.24944967,0.67556196,-0.44713336,-0.2695442,-0.15442461,0.32578975,0.34840068,-0.16774657,-0.24281609,0.49667117,-0.050435696,-0.014020994,0.15789512,-0.45649838,-0.2244553,0.038167134,0.13847288,-0.008325962,0.92869484,0.08685769,-0.09709134,0.21829093,-0.32279247,-0.48025864,0.07003564,0.2697416
O29976,0.2426875,0.6904343,-0.053495795,0.063840315,-0.12200436,0.15110612,-0.07341233,0.010923134,0.62335974,-0.45498732,0.7860421,0.39146453,-0.78282166,0.28592864,-0.6733292,-1.0092167,-0.02793542,0.026962865,0.09393792,0.5938082,0.54447216,-0.18773244,0.75259495,-0.023605317,0.11285381,-0.3869084,-0.32167757,0.576611,0.17704639,0.38421428,0.78828895,0.2495072,-0.22396821,0.8547301,-0.8350917,-0.5286368,-0.68671876,1.0391747,0.31790203,0.29219016,-0.91136724,-0.06458579,-0.4313439,0.14795211,-0.1239022,-0.83872914,-0.470647,0.12499381,-0.24930815,-0.2407109,0.0076715946,0.163156,0.064398825,1.3518817,0.13419633,-0.57093346,0.47706085,0.38706726,0.411625,0.83825684,0.40123343,0.14572865,-0.073430195,-0.23176539
O23512,0.020347565,0.47068414,-0.15331204,0.14134306,-0.20278545,0.073601805,0.10887227,-0.18835832,0.43195105,-0.2856469,0.6863407,0.5056537,-0.52721536,0.3407242,-0.42685172,-0.8052665,-0.26178414,0.18805775,-0.118753836,0.6811475,0.41466957,0.012301581,0.49527568,0.04690738,0.038727116,-0.23054104,-0.35765463,0.51570493,0.31981453,0.5080941,0.5379331,0.18564361,0.07301753,0.83512455,-0.5260347,-0.5209259,-0.5088451,0.67738485,0.35570833,0.42258787,-0.77840775,-0.11718933,-0.29789495,0.24185938,0.14378813,-0.69589734,-0.39869562,0.29128113,-0.18724217,-0.22029407,0.10798386,-0.14973319,-0.056225803,1.0348626,0.122506455,-0.38794857,0.6609993,0.3461246,0.26899758,0.65042293,0.18533885,-0.146555,-0.043466903,-0.021838589
Q9Y2D1,-0.85844624,-0.68325114,-0.4945317,0.14684771,0.21842359,0.043085694,0.63800967,0.08182266,-0.5407724,0.535843,-0.16255407,0.5970048,0.5648087,-0.28426307,0.48767176,0.59946805,-0.6177204,0.9164218,-0.91107136,0.4885765,-0.189926,0.5172542,-0.5551049,-0.021370694,0.10872781,-0.11938274,-0.42539513,0.43976954,0.052841242,0.43872726,-0.016597938,-0.32027677,0.6502583,0.4376238,0.62675565,-0.2947423,0.7781727,-0.7465441,0.40035796,0.70844936,-0.011890457,-0.1571065,0.51147413,0.22784555,0.5609765,0.30480713,0.24484825,0.14276755,-0.3583962,0.33284336,0.12575492,-0.8649736,-0.8391417,-0.35898215,-0.6407206,0.48389623,0.51849407,0.28509378,-0.117000066,0.3201623,-0.20825577,-0.94113886,0.64959663,0.37589955
A0A166U5H3,-0.021688357,0.45224324,-0.15871033,0.14699174,-0.21971674,0.0634854,0.13530885,-0.22996873,0.40688094,-0.23573545,0.6635089,0.532141,-0.48526978,0.35250506,-0.3687369,-0.77488047,-0.29742682,0.22158861,-0.15528345,0.7011618,0.38691193,0.040970348,0.44323725,0.044942036,0.03450061,-0.19477499,-0.36974013,0.48940814,0.34077647,0.53004223,0.46589348,0.17520705,0.12093521,0.8214641,-0.46719998,-0.52206355,-0.47692722,0.6188432,0.3622736,0.44668698,-0.7680175,-0.14443712,-0.26505938,0.2587069,0.17974755,-0.66338056,-0.38831767,0.32792822,-0.16001102,-0.21157672,0.1346134,-0.20487136,-0.08639756,0.96154076,0.124716565,-0.34074792,0.7053973,0.3230093,0.24288431,0.6300624,0.12894137,-0.20655946,-0.038354304,0.023108965
P01700,-0.53636074,-0.77846295,0.13791937,-0.042749166,-0.09304066,-0.2065454,0.26132378,-0.3149053,-0.76462144,0.855811,-0.50571245,-0.0854581,0.7366586,-0.29198343,1.1168687,1.3962184,-0.25681672,0.10391044,-0.52190405,-0.3260784,-0.6267098,0.26075792,-1.0496087,-0.350885,-0.11427158,0.5404203,0.27566147,-0.51188374,-0.03455377,-0.42235875,-1.0177317,-0.19162825,0.4136908,-0.70351726,0.8405534,0.24679917,0.50664985,-1.0864973,-0.11988998,0.10019035,0.7915333,-0.015423667,0.92398083,-0.043857925,0.30001453,0.8238827,0.7848236,-0.016733011,0.49754587,0.16117674,-0.11439532,-0.46839088,-0.3782054,-1.4546441,-0.12136415,0.6651568,-0.1520697,-0.4541443,-0.44198972,-0.6138991,-0.7393681,-0.525045,-0.20893198,0.46192813
P13727,-0.41085473,-1.1055552,-0.16520365,0.05659502,0.36025903,-0.22216077,0.3923226,0.18103896,-0.86522484,0.5901266,-0.62202966,-0.09070112,0.8597321,-0.5910186,0.7176145,1.2905569,-0.2846715,0.12065369,-0.5083685,-0.5592126,-0.56474173,0.27698448,-0.7959756,-0.09463936,-0.0076224916,0.008526146,0.24781178,-0.22640528,-0.3177214,-0.43321645,-0.44767973,-0.46230567,0.54543394,-0.67811733,0.686959,0.33595774,0.72989345,-1.0770344,0.016947486,0.22583501,0.9060257,0.31557745,0.60698473,-0.11334052,0.3918061,0.79592025,0.6772714,-0.16214204,-0.10876384,0.20817806,-0.33601263,-0.45136422,-0.2532555,-1.1129522,-0.35467055,0.44204777,-0.29691356,-0.03137563,-0.32792032,-0.61177903,-0.27130264,-0.10410212,0.15468635,0.040845238
Q9VMB4,-0.13876513,0.48361787,-0.015652336,0.13427362,-0.2561823,0.08106378,0.004186213,-0.19943754,0.33389264,-0.21957469,0.6050871,0.32866207,-0.3743515,0.29402044,-0.19331934,-0.46874672,-0.043163016,0.004966002,-0.04353091,0.50832385,0.20428534,-0.06309522,0.4359339,-0.0992881,0.08821128,-0.074036196,-0.27510405,0.17236629,0.17884077,0.26362985,0.21670106,0.28898674,0.04722356,0.5111213,-0.37294117,-0.47298983,-0.5394741,0.60800225,0.2731399,0.21329266,-0.609754,-0.17973815,-0.113183,-0.021691632,0.060966183,-0.6162586,-0.24960765,0.24682513,0.1344992,-0.24258724,0.075350046,-0.05875899,0.043917727,0.7857987,0.17544001,-0.32867748,0.43892735,0.03344909,0.337324,0.4205155,-0.10560447,-0.09684205,-0.30081683,-0.09276436
P49407,-0.7217642,0.1259982,-0.04766862,0.10896075,-0.33663988,-0.25042385,0.37013775,-0.78964883,-0.33913013,0.66071653,0.112344384,0.2973328,0.29402128,0.3014468,0.9802763,0.4181834,-0.37528744,0.5106452,-0.6603504,0.46940356,-0.36995852,0.21923843,-0.51405793,-0.0943301,-0.12444635,0.49097392,-0.20869772,-0.2502555,0.5395711,0.32109398,-0.8439378,0.1241593,0.35498217,0.07726176,0.48153546,-0.22529638,0.070542976,-0.22971484,0.17433777,0.47650433,-0.060828045,-0.6047969,0.45842996,0.12514755,0.38790047,0.06515944,-0.02086576,0.56399363,0.6197602,0.22268786,0.39836153,-0.6121353,-0.54170287,-0.756251,0.22902806,0.492985,0.8105813,-0.626302,-0.19298682,0.024683997,-0.85040236,-1.0032057,-0.23602,0.54552317
O13034,-0.6005448,-0.17465302,-0.08784008,0.06473439,-0.24927662,-0.27304423,0.43033865,-0.68430895,-0.5086761,0.8003803,-0.046708733,0.23788193,0.44562143,0.18524784,1.0488615,0.61978,-0.46947885,0.5062732,-0.7525099,0.31968573,-0.40408343,0.24710101,-0.72460574,-0.087180495,-0.21988505,0.4576153,-0.12511069,-0.11412522,0.4965488,0.16518404,-0.77416337,-0.024187122,0.36501428,0.018233906,0.58139324,-0.10722627,0.30718082,-0.46498218,0.12104742,0.56125593,0.052235235,-0.4431344,0.46043974,0.24682456,0.40365314,0.32611322,0.14111184,0.4892489,0.44260737,0.29929107,0.32271633,-0.6531422,-0.6415996,-1.0381261,0.120996594,0.57069445,0.7480285,-0.52986777,-0.3293086,-0.1372709,-0.77513605,-0.9462715,-0.060376644,0.6268471
O74713,0.10363731,0.77067465,0.114535615,0.10229842,-0.31744516,0.13702184,-0.13173944,-0.22372349,0.59335333,-0.34101394,0.78566474,0.2905291,-0.6805844,0.4559079,-0.40779847,-0.8281608,0.03259392,-0.16438314,0.115747705,0.5832235,0.36421627,-0.20488818,0.66717005,-0.115802005,0.06304887,-0.12913339,-0.2884222,0.25746042,0.24353921,0.24679095,0.37185523,0.38787842,-0.17834073,0.6721465,-0.6802648,-0.49294823,-0.80321264,0.96017575,0.2539458,0.1421464,-0.80047137,-0.21888731,-0.33640224,0.04024279,-0.11147864,-0.80584764,-0.404923,0.24043444,0.17133228,-0.32232916,0.09108028,0.14512956,0.1710889,1.0647707,0.29623553,-0.47074345,0.48437798,0.041340247,0.3936603,0.61011505,0.026242808,0.04189825,-0.4099142,-0.10398516
O00910,-0.111839,0.50274634,-0.3884436,0.07028981,0.0069303103,0.18106773,-0.023975432,0.35013524,0.4135998,-0.6645061,0.68058777,0.5343653,-0.64467895,-0.00031203777,-0.79888207,-0.70613885,0.10930108,0.46962637,0.07273246,0.6447371,0.43997514,-0.15575293,0.89444095,-0.093887515,0.32904032,-0.4714374,-0.49174762,0.38586968,-0.07330201,0.50248253,1.0331632,0.32845566,0.09889973,0.8425437,-0.70679927,-0.7919495,-0.54501384,1.0360737,0.49186513,0.17956962,-0.7991014,-0.034836184,-0.22180888,-0.15961036,-0.07780893,-0.98297054,-0.4985594,0.08013946,-0.26918852,-0.2049377,-0.031456262,0.049322408,-0.034826394,1.7043294,-0.12531805,-0.53725064,0.19599141,0.41047406,0.940146,0.970121,0.52711785,0.20457074,-0.050491046,-0.57875925
Q74K78,0.0547854,0.9740424,0.16617689,0.08606312,-0.43770918,0.22453204,-0.1807886,-0.3473023,0.6806546,-0.33545208,0.9028674,0.35446125,-0.766712,0.53330946,-0.3595381,-0.87966627,0.019708343,-0.12714845,0.09960577,0.7414411,0.3993891,-0.2332609,0.63541096,-0.22046992,0.020041447,-0.0155423805,-0.3259489,0.28462538,0.35077032,0.30033365,0.28167027,0.47648904,-0.27088782,0.8004,-0.6633544,-0.59850025,-0.9051874,1.0578673,0.24875644,0.097982034,-0.9634596,-0.3279366,-0.3049052,0.082302056,-0.1975452,-0.88656753,-0.44679418,0.27273935,0.2899792,-0.33786696,0.2109567,0.17082049,0.08577362,1.1379985,0.31476977,-0.4545954,0.55153185,-0.060404196,0.4185468,0.753972,-0.07883565,-0.082617044,-0.4595719,0.03193958
P53675,-0.45711395,0.3910594,0.00874476,0.16873717,-0.36808762,-0.2173351,0.29939866,-0.8489572,-0.053394627,0.47558406,0.28437462,0.33561954,0.056792714,0.40724877,0.711674,-0.049346834,-0.42162102,0.27734187,-0.47216934,0.4917892,-0.1661256,0.10878971,-0.23505378,-0.045807585,-0.15259755,0.3911158,-0.21825488,-0.17595568,0.5609077,0.3512075,-0.76081127,0.19244751,0.27750695,0.18121587,0.17148465,-0.24390554,-0.23148967,0.048818618,0.18198156,0.47504163,-0.26762843,-0.5612924,0.20194474,0.17616487,0.3231785,-0.11149338,-0.20548657,0.6347515,0.5746629,0.067723535,0.3618497,-0.43797165,-0.31666455,-0.46072435,0.4175752,0.26565236,0.9260246,-0.5300748,-0.16920575,0.116305634,-0.7742233,-0.7997146,-0.32041794,0.46018952
P11473,-0.85428095,0.018796846,-0.1931626,0.17210983,-0.20537995,-0.124064706,0.42380318,-0.5445377,-0.37686875,0.5852355,0.11837315,0.4503013,0.34763443,0.20868364,0.74387693,0.35960364,-0.4205466,0.64957654,-0.70496917,0.56338286,-0.3386007,0.30174878,-0.4222584,-0.0038007125,-0.007343743,0.2820233,-0.3600415,-0.07695463,0.43843275,0.41107467,-0.59565943,0.0404236,0.48951033,0.2506044,0.50059104,-0.3326558,0.20968479,-0.29787233,0.29740736,0.55738425,-0.17000677,-0.56222254,0.38961002,0.13242096,0.43605632,-0.015108325,-0.05131168,0.5142323,0.3677222,0.18914428,0.34396896,-0.72974,-0.5777844,-0.4747212,-0.028245997,0.420716,0.81175894,-0.3409773,-0.10408721,0.16589698,-0.7250835,-1.0138367,0.004704885,0.46953
P07315,-0.5624013,-0.6076587,0.067604125,0.0074385125,-0.1015531,-0.22981618,0.34895235,-0.49392048,-0.7238346,0.86980313,-0.37555647,-0.06349328,0.67919564,-0.08348722,1.1797903,1.2000072,-0.33817473,0.21678722,-0.60646963,-0.12671548,-0.5668985,0.26053414,-0.98635364,-0.27535588,-0.1820503,0.5802063,0.1940638,-0.37548205,0.2436849,-0.24858996,-0.91948116,-0.16967489,0.381439,-0.4738774,0.8238883,0.14416842,0.47208852,-0.8735556,-0.09345221,0.2709756,0.5977439,-0.17920087,0.7845327,0.09737737,0.3774556,0.6991814,0.61083263,0.16671295,0.47188678,0.20666017,0.066324934,-0.5589638,-0.5122285,-1.405607,0.017909784,0.6667147,0.14463595,-0.5658941,-0.41450006,-0.51615655,-0.79028624,-0.7098711,-0.16929035,0.5971433
A4W2T1,0.010353878,0.9027481,0.13703394,0.1063512,-0.4773927,0.17608874,-0.090384424,-0.50897115,0.59378546,-0.162667,0.82768136,0.44876805,-0.64490736,0.5829405,-0.19181038,-0.85810065,-0.18923593,0.008434191,-0.031406097,0.8107595,0.3448909,-0.10738668,0.42566597,-0.1882487,-0.050462496,0.06921023,-0.31976056,0.30760524,0.4854541,0.38725924,0.104892775,0.39700496,-0.1559467,0.80807275,-0.49085376,-0.592093,-0.789753,0.8644257,0.27937207,0.24027163,-0.9507988,-0.36869794,-0.24396312,0.23253769,-0.04086942,-0.7525933,-0.44786063,0.3870853,0.27359122,-0.2954858,0.2780119,-0.026287097,-0.02280159,0.9066095,0.3393633,-0.33283073,0.7381629,-0.05062134,0.24454042,0.70966756,-0.18256167,-0.28713647,-0.37270275,0.2249167
O88844,-0.2364217,0.9088366,0.12156215,0.16677141,-0.5638172,0.10173079,0.0025364235,-0.7662515,0.44785887,0.056140065,0.69516474,0.4729588,-0.40078372,0.6292515,0.15659063,-0.65376705,-0.3102391,0.15512508,-0.16960597,0.8577503,0.14855862,-0.014777189,0.19459227,-0.21794392,-0.07182184,0.25630772,-0.34911007,0.10960397,0.6047713,0.43336952,-0.3357669,0.41200855,0.004564196,0.64659613,-0.18683195,-0.59882104,-0.71505284,0.6431832,0.32125232,0.29202116,-0.875293,-0.5203239,-0.040178217,0.25304353,0.11428544,-0.6335098,-0.4305741,0.55136096,0.5033479,-0.23544899,0.40130088,-0.25297183,-0.11670753,0.5150818,0.42238602,-0.13722593,0.8767807,-0.2782175,0.12752363,0.590935,-0.5087584,-0.5740298,-0.43243054,0.3776648
Q5SW96,-0.9247879,-0.12427817,-0.1412576,0.14982067,-0.18851154,-0.18232024,0.42255497,-0.60382223,-0.5301549,0.68632066,-0.018855736,0.28291914,0.48356676,0.16223475,0.99216795,0.72600794,-0.34362036,0.5926355,-0.7242394,0.39234662,-0.47343248,0.30696335,-0.60640156,-0.106022805,-0.042795587,0.4604765,-0.2023627,-0.30852035,0.44568723,0.2619971,-0.7870227,0.06481985,0.49187467,0.011532199,0.6601926,-0.27680153,0.2767523,-0.43401834,0.18340248,0.42092654,0.13329454,-0.52909607,0.5886749,-0.0055703446,0.47293833,0.14424096,0.12177929,0.444602,0.51831234,0.20002957,0.35405362,-0.6898559,-0.61460906,-0.7903665,0.028434727,0.54955316,0.62787294,-0.5794554,-0.1143539,-0.04357505,-0.8402232,-1.0442909,-0.15396848,0.5104756
P07014,-0.33273143,0.75309825,0.096924365,0.19308649,-0.4972352,-0.03560063,0.119417086,-0.8544856,0.24393363,0.2287359,0.56460375,0.39434138,-0.21704984,0.5496819,0.39771777,-0.4238022,-0.34416777,0.17666987,-0.2704633,0.7404567,0.021039113,0.047951154,0.007972205,-0.16484758,-0.09859279,0.3351806,-0.2832766,-0.005879525,0.5957039,0.3860784,-0.52206403,0.33143908,0.083443396,0.42929104,-0.02617655,-0.44102404,-0.56131285,0.41493663,0.26310757,0.3686645,-0.6598567,-0.532568,0.061543446,0.22365114,0.21254647,-0.42642188,-0.3334509,0.5829214,0.55896634,-0.13112566,0.37627688,-0.35280782,-0.18066502,0.14204293,0.4319125,0.000601314,0.9061376,-0.38372576,0.0013707429,0.4044852,-0.6525568,-0.66603166,-0.41679928,0.42522642
P22736,-0.9230583,-0.3483313,-0.33079308,0.14829051,-0.0040105693,-0.051313233,0.55761963,-0.28195134,-0.5242428,0.6662018,-0.06275885,0.5120156,0.52081925,-0.009049363,0.70203733,0.56480354,-0.58102655,0.83338904,-0.8806392,0.54281986,-0.33110613,0.44020712,-0.6082557,-0.013065033,0.018122118,0.13774607,-0.4065128,0.16377763,0.3163497,0.41464382,-0.37739915,-0.15696785,0.58809716,0.35233727,0.66238165,-0.3051079,0.5876367,-0.5743319,0.36165264,0.6667353,-0.08167268,-0.40346035,0.47964296,0.21813786,0.5092608,0.20006146,0.107033536,0.35584912,0.044401508,0.2996714,0.25460663,-0.8677665,-0.7862046,-0.5331632,-0.39061275,0.5349019,0.6831672,-0.09186693,-0.16235626,0.21840167,-0.5439061,-1.0878401,0.34847587,0.515011
F1RAX4,0.09777993,-0.70531124,-0.1705512,0.104532935,0.47315106,0.004056978,0.19131422,0.69298667,-0.19531125,-0.073022194,-0.030493751,-0.049742907,0.083018884,-0.3496553,-0.40344277,0.21659157,0.078629546,-0.51921,-0.012057781,-0.44607258,0.022833705,-0.12675536,0.3903805,0.21036187,0.14345704,-0.5311871,-0.06986794,0.18549387,-0.36578348,-0.35250762,0.48178685,-0.28374016,0.2311329,-0.13552025,-0.34218973,0.04453993,0.08437705,-0.18474081,0.001736261,0.14905159,0.28127486,0.45829824,-0.33570784,-0.1309821,0.033294607,0.08663954,0.17614052,-0.19641551,-0.5743566,-0.20648168,-0.5117875,0.112004906,0.35347012,0.20370223,-0.23395467,-0.30003333,-0.12203838,0.46867204,0.17231086,-0.19976574,0.37980646,0.6230408,0.061964467,-0.4704638
O75446,-0.8282274,-0.2131074,-0.42957544,0.1262938,-0.00081975386,0.030371033,0.4813599,-0.094629176,-0.2593823,0.31844616,0.11529257,0.68452644,0.2992839,-0.06254631,0.28508544,0.17740771,-0.47669572,0.8484928,-0.77671105,0.66545236,-0.08801918,0.39625472,-0.20546827,0.03084591,0.19031687,-0.07184604,-0.5171867,0.3198226,0.14142329,0.57586294,-0.01835845,-0.08927542,0.57329136,0.54892564,0.41833082,-0.3951064,0.4056654,-0.3436168,0.4595047,0.6527585,-0.32874238,-0.33457538,0.34838396,0.20096913,0.4805914,-0.105980255,-0.0022346154,0.30814412,-0.12354993,0.20671186,0.22943014,-0.79953134,-0.657583,0.009637058,-0.40465155,0.30246,0.70081854,0.21856675,0.040215813,0.44818175,-0.28668517,-0.8967239,0.43140793,0.30093873
P0ACE3,0.15475066,-0.35833788,-0.19447957,0.12129106,0.47246894,0.24332553,-0.14268059,0.901189,0.078373134,-0.5288708,0.21439357,-0.021787599,-0.23545372,-0.37574056,-0.8498658,0.015560474,0.4324909,-0.6146022,0.352227,-0.39655098,0.14356938,-0.3265878,0.8660829,0.09551771,0.36928156,-0.6479007,-0.035783626,0.06533727,-0.65983915,-0.3510145,0.8049216,-0.085635275,0.12198881,-0.02810071,-0.6238433,-0.2326213,-0.35470718,0.2927206,0.05159156,-0.24448463,0.10647004,0.5310992,-0.39665896,-0.45448905,-0.17352381,-0.33018395,0.031896077,-0.3471857,-0.4639708,-0.52509326,-0.55417514,0.38851455,0.6201915,0.98802394,-0.23697363,-0.6191881,-0.42997384,0.5123758,0.675255,0.08250988,0.5612669,0.96962416,-0.19700654,-0.7457777
O23530,-0.36009988,0.06386299,-0.16103326,0.08792921,-0.24265493,-0.21378152,0.44050258,-0.6544691,-0.21268012,0.58640623,0.18356723,0.4602497,0.15788263,0.21526107,0.6280962,0.009091329,-0.687116,0.5630165,-0.6937724,0.5435107,-0.096587345,0.26387918,-0.49595726,0.03763379,-0.19422403,0.20504752,-0.26358357,0.2853063,0.4947293,0.428057,-0.41051117,-0.09175145,0.3044851,0.4293406,0.30490676,-0.11670843,0.2122314,-0.20892105,0.2759543,0.83242875,-0.40238416,-0.39122644,0.13580824,0.5048872,0.32800233,0.14005695,-0.10120488,0.5307984,0.13219121,0.29656452,0.2636934,-0.6691486,-0.6235549,-0.5147215,0.023207117,0.35292858,0.9757766,-0.15028286,-0.37007132,0.20170246,-0.53336465,-0.88907063,0.2064513,0.5933791
P20827,-0.7561507,-0.9595804,-0.29105723,0.13394837,0.22117597,-0.1052154,0.55506986,-0.02551092,-0.90906864,0.7880097,-0.45598388,0.16931947,0.8611303,-0.35117716,0.9830564,1.2182534,-0.48752737,0.56477547,-0.7846998,-0.08866955,-0.5467221,0.46606737,-0.9363431,-0.1368462,-0.083199725,0.17219415,0.050222196,-0.08222692,0.08519594,-0.047072142,-0.49941483,-0.37628302,0.68095815,-0.24300446,0.88768417,-0.05294484,0.8078324,-1.0619595,0.09798052,0.46106148,0.59624636,0.0041756667,0.693869,0.037468903,0.58609223,0.70928603,0.5318255,0.11303506,-0.09603449,0.24987648,-0.018862009,-0.71309906,-0.666948,-1.0710975,-0.38116995,0.5656607,0.15655461,-0.15559308,-0.2829218,-0.33464146,-0.5169619,-0.70380354,0.26743913,0.36349714
Q43155,-0.005526185,0.41961977,-0.20069046,0.1363632,-0.1955962,0.06401044,0.16913274,-0.25087574,0.4064632,-0.19402805,0.63021994,0.5818076,-0.47537297,0.34788167,-0.3736979,-0.8231239,-0.37775576,0.30056852,-0.21389937,0.69066644,0.41502547,0.0714182,0.40526128,0.090833604,0.031721856,-0.21179818,-0.41066325,0.5357098,0.37182963,0.5896949,0.45123383,0.13000718,0.14494663,0.8649876,-0.45037344,-0.5293268,-0.40122008,0.5750618,0.3663526,0.5346805,-0.7884959,-0.16564967,-0.258578,0.36197948,0.22144365,-0.62816906,-0.41503164,0.34091708,-0.23098128,-0.18119094,0.15200195,-0.25458372,-0.14597301,0.916569,0.1405919,-0.306696,0.784379,0.38447106,0.15637201,0.64158195,0.14927667,-0.2759351,0.06811115,0.06563212
O53581,-0.08757178,0.37633786,-0.20463733,0.14236845,-0.18045141,0.062080923,0.141503,-0.17049302,0.33144993,-0.20838922,0.60798603,0.5494703,-0.4130218,0.2810836,-0.3412978,-0.68869895,-0.2699225,0.30470836,-0.20019351,0.6769506,0.3556444,0.07376139,0.4185918,0.06663652,0.0873692,-0.2083385,-0.40742975,0.4642571,0.2697699,0.5277305,0.4734266,0.14777982,0.1710191,0.78124255,-0.42021936,-0.52263564,-0.3885117,0.5384141,0.3813164,0.4585817,-0.7312821,-0.14904034,-0.19843754,0.2330783,0.21793206,-0.61745113,-0.34062043,0.30424196,-0.16834302,-0.17367075,0.12317239,-0.26575625,-0.13857172,0.9335736,0.07578421,-0.30465323,0.67182696,0.3492074,0.26372766,0.61942124,0.14289454,-0.2417635,0.022752896,-0.020447671
P18956,0.034322724,0.64291847,-0.017834507,0.123494096,-0.34654322,0.08176622,0.09015505,-0.48005673,0.46539852,-0.04904584,0.6820297,0.5324938,-0.5167318,0.49959686,-0.16655466,-0.8678801,-0.41730154,0.1814982,-0.18860781,0.76094574,0.3607304,0.04613608,0.2885757,-0.036473855,-0.05049238,-0.036953375,-0.33555025,0.45364293,0.49735412,0.5149379,0.17317483,0.18520789,0.0092307925,0.82951903,-0.39111468,-0.48149407,-0.5102332,0.6164393,0.3205721,0.50397193,-0.85338026,-0.29082137,-0.26309574,0.42117676,0.1445142,-0.57562184,-0.4357033,0.42280605,0.0071847,-0.17758735,0.23512134,-0.23620167,-0.14131223,0.7241521,0.2662618,-0.2465376,0.9000895,0.16257317,0.04461459,0.66379106,-0.07695679,-0.39181325,-0.08817774,0.2825597
P15202,-0.22669931,0.93382275,0.10202718,0.13670349,-0.55400264,0.19263554,-0.12946862,-0.49816605,0.55151594,-0.2723946,0.7951563,0.36987156,-0.5117309,0.52905375,-0.11048068,-0.603886,0.021149486,0.05258554,0.026290387,0.7587886,0.20902808,-0.13900492,0.50418943,-0.34445116,0.03261852,0.13903221,-0.35544527,0.014375504,0.34873164,0.33894265,-0.008377556,0.5859505,-0.039059468,0.6686383,-0.3764612,-0.6797938,-0.8649602,0.9159285,0.32250068,0.01126799,-0.82854015,-0.4390533,-0.021728434,-0.052343875,-0.03355291,-0.89976496,-0.37599203,0.3696686,0.5475838,-0.3287199,0.30862054,0.014923338,0.008890267,0.9370927,0.3463574,-0.31599846,0.4764079,-0.2826125,0.50020176,0.611667,-0.31951952,-0.28022698,-0.59645736,0.052563414
P09758,-0.4814361,-1.0958502,-0.266092,0.124850295,0.3458478,-0.14296761,0.5329685,0.18012606,-0.8351836,0.6651498,-0.4721955,0.124355406,0.7881227,-0.43106973,0.7114374,1.0499405,-0.4819576,0.31550175,-0.6716556,-0.25661594,-0.4562875,0.36471164,-0.75775903,0.012185842,-0.09037928,0.0019597113,0.08953597,0.037144728,-0.045560293,-0.14611116,-0.27241832,-0.4848581,0.6193151,-0.27769384,0.66585284,0.10451014,0.79133236,-1.0402446,0.07676644,0.49393544,0.641251,0.17501076,0.42886436,0.055731125,0.49461323,0.7049478,0.49046943,0.033804126,-0.32115418,0.20462926,-0.18379089,-0.57927376,-0.42155808,-0.98585916,-0.40110728,0.4280387,0.0997504,0.05328919,-0.29043296,-0.43588895,-0.2747541,-0.36906812,0.32032955,0.20364606
P03069,-0.19452916,0.73288375,-0.22218026,0.052566327,-0.24013387,0.23931582,-0.12351148,0.034675397,0.5439221,-0.57218087,0.7505419,0.49345502,-0.6590014,0.16004935,-0.57708526,-0.6971317,0.0983483,0.45333916,0.043879688,0.7854012,0.4271106,-0.14024685,0.7949066,-0.28010395,0.260428,-0.23311591,-0.47702712,0.32031128,-0.0019721529,0.5699765,0.73878217,0.4178691,-0.010701947,0.9132368,-0.6153507,-0.7788966,-0.6180035,1.13158,0.5118171,0.17737794,-0.8919954,-0.26069525,-0.04149068,-0.101721786,-0.14267649,-1.0314451,-0.50206375,0.128805,0.06441005,-0.1642818,0.11010651,0.019800678,-0.15944731,1.563252,-0.0050940933,-0.40617782,0.24253598,0.15956666,0.8176549,0.99910223,0.32516634,-0.07431395,-0.17406456,-0.37322193
A0JNT9,-0.6467563,-0.49352998,-0.32931638,0.12845257,0.014310278,-0.14670119,0.5855868,-0.3038098,-0.561058,0.69835806,-0.07987575,0.4855775,0.5097055,-0.008324876,0.7279602,0.47924852,-0.6578274,0.68871313,-0.8360233,0.4235445,-0.2783716,0.41484806,-0.63332427,0.10994531,-0.1326966,0.12811145,-0.29146564,0.23841614,0.3377516,0.33818713,-0.35334316,-0.2734487,0.5678125,0.2880255,0.57787246,-0.14872935,0.57452923,-0.65016294,0.25139132,0.7954453,-0.092347,-0.26462683,0.2783137,0.3380857,0.50699216,0.364285,0.10525428,0.43103918,-0.08361277,0.30748487,0.1948761,-0.8192783,-0.7246011,-0.7102462,-0.26617014,0.49052995,0.8076276,-0.023911715,-0.27826852,0.055095203,-0.48336774,-0.89825094,0.38162285,0.5292897
P10096,-0.24596983,1.1065427,0.19089222,0.13052745,-0.68373156,0.10210581,-0.093623236,-0.96567047,0.48427168,0.10596171,0.73270005,0.46131948,-0.4202004,0.6886101,0.2823802,-0.6282113,-0.26817095,0.21877691,-0.15355748,0.90816456,0.10243043,-0.06199357,0.12542579,-0.34190318,-0.12267676,0.44096026,-0.33230484,-0.0127180405,0.69508797,0.39858216,-0.53584373,0.5550894,-0.13506389,0.58115333,-0.1092922,-0.6623097,-0.87866086,0.7112519,0.28453463,0.15710765,-0.98052305,-0.6193377,0.07969628,0.2577318,0.075854704,-0.6638444,-0.43985513,0.5847767,0.74077725,-0.23849092,0.48518118,-0.21277729,-0.1561169,0.4693734,0.52781606,-0.0804516,0.8341731,-0.49022502,0.17594948,0.640546,-0.6432161,-0.68253964,-0.56072843,0.4775656
P04739,-0.27401283,0.78412366,0.060278222,0.15495564,-0.36675945,0.1840281,-0.17434186,-0.2504153,0.47210386,-0.42867348,0.73604715,0.16763218,-0.45873684,0.29981774,-0.18320793,-0.37380773,0.29102254,-0.11831706,0.15554523,0.49857834,0.18975951,-0.18736842,0.6293669,-0.3404163,0.20980315,0.026044428,-0.24565488,-0.1383257,0.037735794,0.17614758,0.10035159,0.57058734,-0.05080112,0.39218888,-0.41768977,-0.56441975,-0.82911235,0.9190833,0.26333362,-0.16690642,-0.58195084,-0.251516,0.04268141,-0.31829694,-0.07551344,-0.8410636,-0.21289876,0.16373813,0.52361524,-0.3713917,0.125444,0.15561633,0.1700308,1.0217334,0.29893193,-0.43060246,0.1681444,-0.2491302,0.6144463,0.488311,-0.22267947,0.010755664,-0.66687125,-0.24799891
A0A2P0XIG5,-0.16594413,1.1467981,0.19009088,0.10389516,-0.6635738,0.23464559,-0.21267143,-0.74627024,0.6172661,-0.15841484,0.87008095,0.4384949,-0.5847318,0.63928574,0.00029712543,-0.70234567,-0.06361052,0.0770203,-0.017541304,0.89073735,0.2348588,-0.1625233,0.38221365,-0.3966106,-0.06921482,0.302006,-0.3546304,0.06501216,0.5177219,0.34681517,-0.2229878,0.6189018,-0.21091369,0.70879847,-0.33247668,-0.7100309,-0.97704,0.9491054,0.282649,0.01771745,-1.0481606,-0.54149413,-0.023253419,0.11863268,-0.1045797,-0.853867,-0.43062833,0.43529853,0.67528033,-0.31454545,0.42320713,-0.00028235838,-0.08398543,0.86884487,0.43442753,-0.24604034,0.62477905,-0.40070403,0.40275043,0.72624147,-0.4508649,-0.4217269,-0.5958554,0.28711945
P11672,-0.43207285,-1.0181198,-0.12981845,0.041579634,0.18895794,-0.2164225,0.44943517,-0.061212875,-0.8800664,0.78641605,-0.5387768,0.03875844,0.86315167,-0.38143274,0.8982569,1.2162383,-0.4545405,0.23380598,-0.62472063,-0.3587213,-0.56721675,0.34346992,-0.9996853,-0.09102933,-0.18584242,0.19836032,0.21014433,-0.13552971,0.001812962,-0.3415951,-0.57323754,-0.436529,0.5235578,-0.49338505,0.83082163,0.23209494,0.7442704,-1.1358418,-0.018210404,0.36358187,0.7106034,0.15842535,0.6037774,0.08762511,0.4272332,0.81811684,0.6519238,0.018032754,-0.059541766,0.23154117,-0.18564172,-0.5735799,-0.43257597,-1.2828605,-0.2992752,0.535137,-0.016862504,-0.13029718,-0.42569798,-0.57459396,-0.4707442,-0.41095838,0.16811669,0.34896645
O14368,-0.3440741,0.86475724,0.43324363,0.16567789,-0.4460239,0.19691661,-0.42154396,-0.40226254,0.3604264,-0.38395968,0.6283996,-0.2277132,-0.29608735,0.24768111,0.16159722,0.032370236,0.57826436,-0.49471328,0.4059286,0.1732436,-0.14310025,-0.37997633,0.53273714,-0.6958755,0.22129178,0.3465614,0.118080586,-0.69077706,-0.075009495,-0.21775702,-0.3118112,0.7945711,-0.24695882,-0.14270218,-0.1955814,-0.37191647,-0.9777361,0.9088901,0.121045105,-0.58579546,-0.12953885,-0.30920628,0.3019732,-0.70054364,-0.2652353,-0.851585,-0.0128453,-0.01887579,1.0609003,-0.44990736,0.04832077,0.3901923,0.46083173,0.6846808,0.4274426,-0.372018,-0.29201692,-0.81048155,0.68030894,0.09559636,-0.59964997,0.21316317,-1.2015846,-0.30843443
Q9Y2X8,-0.7663343,0.46930888,0.067861065,0.090126336,-0.46421298,-0.2563344,0.26833963,-1.0772911,-0.13723344,0.6392077,0.22006766,0.23729818,0.111759275,0.44952044,1.0749657,0.29909524,-0.30190217,0.5395197,-0.57385314,0.5837538,-0.33127433,0.13103497,-0.42315614,-0.22183417,-0.09107672,0.67860436,-0.22220644,-0.40671015,0.68038654,0.4199814,-1.0755026,0.28677186,0.150787,0.037669163,0.37037173,-0.29986545,-0.2016175,0.021134587,0.15605086,0.3590408,-0.118553765,-0.8093308,0.6010375,0.14584938,0.35052854,-0.079030156,-0.12225745,0.5954689,0.9262227,0.2260672,0.5503386,-0.54958516,-0.48330438,-0.66742676,0.45181236,0.5326687,0.8538891,-0.85242695,-0.19872195,0.19590795,-0.9079734,-1.1406931,-0.4429611,0.5874285
O95997,-0.39259112,0.20817503,-0.37667403,0.12358719,-0.024665099,0.19283536,0.03403771,0.36174002,0.1815079,-0.54472023,0.54969937,0.5263783,-0.34963328,-0.08095666,-0.5591122,-0.2855658,0.13091111,0.45054448,-0.0775969,0.587123,0.23335762,-0.029922439,0.64697635,-0.08860693,0.3517202,-0.36200592,-0.43665618,0.27929962,-0.12852553,0.4047646,0.80082434,0.32258168,0.25289252,0.6637313,-0.39730608,-0.7688402,-0.32545722,0.63233435,0.51125133,0.12427372,-0.5467737,-0.02833505,0.028258517,-0.30717665,0.06547327,-0.80814797,-0.23521546,0.013353443,-0.21451552,-0.19546929,-0.030976318,-0.06488918,-0.055969324,1.3984324,-0.2604521,-0.4315306,0.10438837,0.33260065,0.8431981,0.6847198,0.2999946,0.031786278,-0.077038124,-0.51660335
P07550,-0.77973723,-0.31481194,-0.24807863,0.15662824,-0.07034849,-0.12341027,0.5049568,-0.39984542,-0.5348379,0.68110615,-0.035319984,0.40233532,0.4980483,0.04750956,0.8056883,0.57686806,-0.5215383,0.6476972,-0.7951345,0.42129928,-0.34489095,0.35860667,-0.6248127,-0.0033859983,-0.077818245,0.24714515,-0.26639113,0.04500786,0.368226,0.30256805,-0.5120512,-0.1316115,0.5260631,0.20368798,0.6047026,-0.2367878,0.45310742,-0.53857845,0.24643809,0.6481387,-0.024109067,-0.38224384,0.4184935,0.20262337,0.46465316,0.2593233,0.11581008,0.41711858,0.15971826,0.25134575,0.25496143,-0.7742225,-0.67210644,-0.6963032,-0.17985259,0.48824516,0.71126956,-0.24227495,-0.20542935,0.03765714,-0.62278944,-0.9602139,0.18010113,0.5000835
P04797,-0.2411648,1.1105187,0.19017716,0.12684394,-0.68685377,0.11216578,-0.102818996,-0.9516201,0.4937599,0.090405405,0.74109334,0.46627134,-0.4304517,0.6870011,0.2633326,-0.6367445,-0.26049268,0.22051007,-0.14835544,0.91501796,0.111490175,-0.06537002,0.1374038,-0.34702256,-0.11963433,0.43307725,-0.33597004,-0.0030158646,0.68799484,0.40073672,-0.51278734,0.5588047,-0.13934714,0.59822094,-0.11788573,-0.66883945,-0.8816926,0.72697735,0.29084608,0.15313958,-0.9929859,-0.6172526,0.07418977,0.25598973,0.06572465,-0.67868966,-0.4412767,0.5775506,0.7344912,-0.24113466,0.48413166,-0.20588984,-0.15684225,0.49803537,0.517955,-0.089225076,0.8240462,-0.4818055,0.19064501,0.651899,-0.628053,-0.6732759,-0.5571961,0.46968508
P11551,0.027231753,0.6848701,0.031852305,0.12355019,-0.34487656,0.105127305,0.0049417615,-0.37680188,0.49563643,-0.15697989,0.73297566,0.43957135,-0.56011766,0.47883895,-0.23661491,-0.81172734,-0.22410336,0.049361505,-0.07552837,0.71148676,0.3615452,-0.034064066,0.41663656,-0.073241934,0.0004907511,-0.059456617,-0.3170563,0.36841494,0.39224687,0.4082455,0.2443316,0.26599392,-0.0533522,0.75706685,-0.4941292,-0.49916792,-0.6250727,0.73821765,0.2974696,0.35566947,-0.8408577,-0.25373772,-0.26422828,0.24744159,0.055284735,-0.65664834,-0.3949019,0.34956935,0.0844611,-0.23612083,0.18054917,-0.10894029,-0.034023624,0.8682854,0.26533228,-0.332504,0.7298845,0.11789431,0.19176394,0.6372019,-0.04136896,-0.22592852,-0.22282286,0.11671394
P39633,0.021434382,0.84981257,0.14024264,0.13001272,-0.4246075,0.15495269,-0.09409554,-0.41177908,0.5732498,-0.2277368,0.8277814,0.35427272,-0.63623583,0.5519081,-0.250724,-0.80269426,-0.074689694,-0.12676588,0.039919794,0.69739085,0.32414383,-0.15224738,0.52232814,-0.15491164,-0.009920914,0.0020476729,-0.3093429,0.24443118,0.3884071,0.29095137,0.16785195,0.40967876,-0.152244,0.71201056,-0.55674475,-0.55276537,-0.8252337,0.88777447,0.24369827,0.16174625,-0.8539769,-0.31013218,-0.28949007,0.112876736,-0.06491384,-0.7716655,-0.41387603,0.3361748,0.27664742,-0.33971667,0.20250455,0.04963324,0.10237026,0.93538475,0.34810933,-0.4034787,0.6338668,-0.0527623,0.3104039,0.61279917,-0.16012321,-0.13396132,-0.4551624,0.09326929
O15123,-0.57694435,-0.9369183,-0.1512516,0.1324261,0.20926568,-0.15876105,0.42909735,-0.0326398,-0.8398519,0.6673482,-0.471623,-0.00045770407,0.8150921,-0.3233326,0.85491645,1.1994019,-0.34860438,0.19451877,-0.5886691,-0.32401735,-0.57853884,0.29372817,-0.78856695,-0.10453831,-0.0798548,0.22672534,0.13878603,-0.30036813,-0.011652443,-0.25708285,-0.563138,-0.29082385,0.6023723,-0.47310147,0.7539421,0.1110623,0.6274344,-0.9768102,0.011100866,0.27957934,0.7581237,0.054652754,0.56370324,-0.09179089,0.47155926,0.6596297,0.55572724,0.068815224,0.060232412,0.13163376,-0.111501105,-0.5125728,-0.35147545,-1.1367877,-0.21278186,0.48561588,-0.01566346,-0.27252376,-0.2334969,-0.59245086,-0.539828,-0.41797695,0.013271861,0.2515013
O95484,-0.61592054,-0.75181913,-0.0690182,0.056602985,-0.0035502724,-0.19550738,0.44179428,-0.33785126,-0.79242224,0.87193245,-0.3991356,0.05682431,0.77366143,-0.15106517,1.1305768,1.1802937,-0.41116232,0.33117554,-0.69581574,-0.10644655,-0.5457469,0.3478271,-1.0028007,-0.19634846,-0.18796478,0.4431387,0.13523309,-0.2620319,0.22376743,-0.17704076,-0.7894886,-0.23651978,0.49305588,-0.3842755,0.859811,0.06930819,0.6093823,-0.95940775,-0.027345486,0.36097872,0.5543455,-0.10556166,0.7194524,0.092767425,0.46889767,0.71898156,0.58138365,0.18815416,0.2435837,0.21754688,0.054153398,-0.6174046,-0.59507376,-1.3271675,-0.1121417,0.6309343,0.21423075,-0.41322356,-0.3817282,-0.47036612,-0.7135471,-0.7190676,0.0019000322,0.5233266
Q6GIL8,0.01454971,1.0761092,0.19069497,0.06323055,-0.48959503,0.26346567,-0.24163884,-0.41256648,0.70282525,-0.33718315,0.92138636,0.36218494,-0.7858354,0.5395047,-0.33077952,-0.86178577,0.068325855,-0.08699764,0.10846327,0.7918654,0.4024579,-0.25356317,0.6311977,-0.29490042,0.025875773,0.052204117,-0.34341973,0.24282451,0.34808677,0.30078602,0.2200536,0.5379772,-0.32172337,0.80616564,-0.63721687,-0.62788916,-0.9437464,1.1209842,0.26396146,0.053579167,-1.0393447,-0.38986078,-0.23233855,0.067031205,-0.25059322,-0.91862476,-0.43980268,0.25623214,0.3902761,-0.3162923,0.2528278,0.18669777,0.023023177,1.1699452,0.32521075,-0.42169607,0.50799924,-0.14655863,0.45951453,0.810562,-0.12273301,-0.13888332,-0.48921496,0.04778619
P31681,-0.07991086,1.1366428,0.2745338,0.1088807,-0.53615344,0.20077848,-0.3072679,-0.50860333,0.69561934,-0.45870134,0.9024514,0.041447878,-0.65176475,0.53473586,-0.19680725,-0.59435207,0.37496662,-0.46657974,0.3210967,0.48851916,0.21289892,-0.4007349,0.7438985,-0.424893,0.08080752,0.18931177,-0.24710892,-0.2650434,0.17898051,-0.010404214,-0.09285736,0.75684416,-0.32804143,0.36729544,-0.5172731,-0.51032394,-1.1819141,1.1545445,0.11492038,-0.3725134,-0.724554,-0.3741247,-0.13488647,-0.28489235,-0.2871636,-0.95766443,-0.29575098,0.22281003,0.8209842,-0.49103433,0.19605061,0.38638365,0.37157238,0.96482044,0.545182,-0.48061442,0.19465761,-0.531761,0.61968833,0.47845465,-0.44265306,0.09866412,-0.97804254,-0.09971438
P01298,-0.14185582,-1.2049458,-0.06826098,0.06432677,0.5676002,-0.26967293,0.3974329,0.37511304,-0.78896475,0.53956103,-0.6441905,-0.22105023,0.75399315,-0.61169297,0.5421759,1.0572898,-0.21598205,-0.16895011,-0.37778544,-0.74077415,-0.4772371,0.229628,-0.62550354,0.06802443,0.016361233,-0.1837067,0.3351934,-0.15323365,-0.3838897,-0.584611,-0.25628695,-0.5621672,0.45234808,-0.78973955,0.44057873,0.5278452,0.7068941,-1.0263705,-0.071957596,0.23680712,1.0179062,0.4353574,0.35890698,-0.124140434,0.3813015,0.8440866,0.6745157,-0.24039906,-0.34130508,0.15313627,-0.4791906,-0.29402596,-0.03580695,-1.10886,-0.28384748,0.30389905,-0.29093993,0.15509552,-0.41892052,-0.6830993,-0.0803221,0.19129023,0.18959084,-0.1105066
P47543,0.055311456,1.0873588,0.19808201,0.070278704,-0.40545622,0.26727644,-0.28116086,-0.26910463,0.7485686,-0.4697707,0.931757,0.25755036,-0.86462027,0.46903118,-0.48335233,-0.86833906,0.2103391,-0.23010886,0.21058545,0.6715431,0.43961954,-0.35527253,0.79964614,-0.2867119,0.10901824,-0.05579505,-0.3318203,0.22261854,0.21031642,0.21750593,0.3521802,0.55431956,-0.40166917,0.74651825,-0.7820816,-0.5816876,-0.9884261,1.2425789,0.23825982,-0.013052613,-0.9842345,-0.32417446,-0.30425432,-0.04595069,-0.36044505,-0.9680789,-0.44030407,0.14911929,0.3594109,-0.34257454,0.165036,0.32263094,0.14048289,1.2994037,0.3170649,-0.5147706,0.37819892,-0.13061441,0.53661495,0.8082194,-0.034700766,0.050608367,-0.52972215,-0.13216795
A6NIH7,-0.5905899,0.19269478,-0.19081466,0.20813999,-0.18678702,-0.007916455,0.30347764,-0.3468735,-0.02082793,0.16889179,0.36214286,0.53046525,0.046630554,0.2146473,0.25114256,-0.11808391,-0.3124842,0.42452028,-0.4588862,0.6186422,-0.017694682,0.22073796,0.051915348,0.013637945,0.10101484,0.043333694,-0.40087527,0.10890946,0.29707956,0.47535598,-0.18000796,0.11288966,0.41236636,0.43015632,0.10392996,-0.42766187,-0.11611719,0.045859233,0.33770576,0.4937461,-0.43152273,-0.38656518,0.14206211,0.10203429,0.36923662,-0.3416099,-0.1649876,0.43995836,0.15272617,-0.02998519,0.2507692,-0.53766793,-0.29769963,0.18740092,0.03263958,0.048774116,0.76514715,-0.008788168,0.110389754,0.3305177,-0.4218549,-0.6396612,-0.028875269,0.18473643
P16554,-0.8769301,0.19584253,-0.06402892,0.21873692,-0.14883633,0.09700555,0.0808773,-0.24450333,-0.14602612,0.04964397,0.2250026,0.21189827,0.26560777,0.02852144,0.45562792,0.47175074,0.12245416,0.26748174,-0.29129046,0.29517496,-0.2514988,0.099558294,0.046915084,-0.3620474,0.27648482,0.25078383,-0.12542233,-0.45314083,0.010037136,0.16755429,-0.3840278,0.41460508,0.34628865,-0.04333299,0.26721436,-0.49193162,-0.15138811,0.07920487,0.26095575,-0.041920424,0.046699055,-0.34331784,0.63082707,-0.5056593,0.3064858,-0.37787777,0.16384163,0.15312627,0.543008,-0.13673209,0.18282518,-0.23949695,-0.17628998,0.09915407,0.05857468,0.06294445,0.11550825,-0.4479851,0.40835714,0.07407202,-0.63879263,-0.56082267,-0.46479866,-0.062069193
P20676,-0.21280093,0.57983696,-0.26149654,0.09360618,-0.07292044,0.20789996,-0.07529114,0.29044262,0.43062177,-0.66373295,0.7085049,0.4304294,-0.6513135,0.02022653,-0.7281284,-0.58544606,0.24684826,0.32843387,0.12574896,0.5968163,0.37989056,-0.15805763,0.8884318,-0.26197106,0.3650339,-0.39232644,-0.44496185,0.20204003,-0.18017119,0.41127148,0.87814695,0.43078128,0.049118914,0.72670835,-0.6820226,-0.74888587,-0.61629605,1.0786558,0.45952126,0.047524855,-0.6808299,-0.13186894,-0.10272581,-0.32880935,-0.15224798,-0.97162575,-0.44073883,0.030303644,-0.04471647,-0.22265603,-0.04997222,0.1215508,0.01833773,1.649864,-0.103014514,-0.5080026,0.06023571,0.22737372,0.9624362,0.91965777,0.37839067,0.16829957,-0.24047792,-0.5740448
Q27089,0.2696828,0.7699785,0.10931027,0.07540715,-0.20991416,0.15650143,-0.15869662,-0.06265734,0.6655117,-0.4461824,0.8346117,0.26569134,-0.8125002,0.40680575,-0.6186434,-0.9737969,0.07222254,-0.24543571,0.18759137,0.53416634,0.4583137,-0.27099615,0.8051211,-0.04464078,0.09119704,-0.28622353,-0.2855303,0.41617846,0.17359993,0.23436674,0.62542796,0.32518736,-0.29425475,0.7409316,-0.86471075,-0.45508146,-0.82805306,1.0716299,0.23686624,0.15986162,-0.84854496,-0.11854617,-0.5062965,0.057761185,-0.21274355,-0.85169476,-0.45491663,0.15277565,-0.018208012,-0.32535535,0.0055647567,0.2560532,0.24814844,1.2471542,0.24106605,-0.5818507,0.45190722,0.19948664,0.42250445,0.691449,0.2293588,0.2224803,-0.3261396,-0.19281548
O95994,-0.6871946,-0.0643981,-0.2550934,0.1850349,-0.119516954,-0.10097776,0.4250598,-0.38645077,-0.3037037,0.40292338,0.18091995,0.4703955,0.2962135,0.10247565,0.5267734,0.24349444,-0.44608933,0.55708903,-0.641857,0.5118603,-0.19697037,0.30419475,-0.29711255,0.018447712,-0.0011808686,0.1513553,-0.31196773,0.092723995,0.3369814,0.40815234,-0.3292914,-0.024115358,0.4754103,0.32728395,0.39741692,-0.29948598,0.17702097,-0.26618597,0.2853327,0.5936769,-0.21726355,-0.37508267,0.25500906,0.15876532,0.42004374,-0.051676415,-0.031951554,0.43586648,0.14925039,0.12817682,0.2431354,-0.6820553,-0.4858053,-0.27234262,-0.099999696,0.26687112,0.7404702,-0.121153265,-0.039526418,0.16935965,-0.54027534,-0.8026075,0.09067145,0.37023276
Q8WUM4,-0.639922,0.34248278,-0.07418691,0.20602848,-0.3083573,-0.10162625,0.3058184,-0.63700217,-0.0658427,0.37160918,0.32002807,0.46031198,0.09331486,0.36953536,0.5311795,-0.055650726,-0.35452795,0.42226774,-0.49514627,0.6264495,-0.15092492,0.19562307,-0.1352549,-0.02691777,0.0042654313,0.23771387,-0.36086673,-0.07812293,0.46513274,0.44915307,-0.5318042,0.17630312,0.37536612,0.31719354,0.2117942,-0.37723246,-0.1481962,0.03718646,0.3017794,0.49414286,-0.38076508,-0.5751231,0.2242268,0.12859985,0.36228526,-0.25930178,-0.1967364,0.5775238,0.42460537,0.034428775,0.34757528,-0.562123,-0.35373753,-0.1545764,0.1940562,0.20473593,0.8778354,-0.31876224,-0.023657262,0.24734223,-0.6883547,-0.84378237,-0.17845136,0.35501143
P10987,-0.48926917,0.73014045,0.08432414,0.10181945,-0.56477433,-0.25088608,0.24337131,-1.2104069,0.11403246,0.5796754,0.3764146,0.3446993,-0.089602366,0.5729613,0.87698364,-0.12466808,-0.4630753,0.42120993,-0.48419425,0.6688134,-0.15654425,0.030832378,-0.3103096,-0.17327525,-0.20877407,0.64576626,-0.3036042,-0.22304322,0.78672165,0.47423196,-1.0641494,0.32316414,0.017400317,0.20438151,0.17185783,-0.35208994,-0.44373944,0.2215421,0.15528476,0.43622494,-0.45453906,-0.78142214,0.37094763,0.3348078,0.25763065,-0.16771698,-0.33846942,0.70700365,0.8773956,0.15041621,0.5331371,-0.43211508,-0.3972202,-0.49853528,0.59342206,0.4005612,1.0486826,-0.75790936,-0.24390274,0.35666686,-0.8766781,-1.0637538,-0.4344614,0.63637894
P0DOY2,-0.6281302,-0.74097323,0.04903865,-0.023486612,-0.08366686,-0.21332163,0.35747543,-0.36933756,-0.80695766,0.9085737,-0.47117007,-0.024065346,0.75136393,-0.24915534,1.1890271,1.360254,-0.29786158,0.29685304,-0.6004364,-0.1935653,-0.5841336,0.3237389,-1.1115631,-0.3642771,-0.14410679,0.56198955,0.22843121,-0.44847015,0.11669421,-0.3018243,-0.95768654,-0.18311448,0.46222278,-0.5787904,0.9112673,0.13186604,0.55674124,-1.0404053,-0.09906662,0.19022848,0.70669883,-0.089334786,0.98054004,0.034073748,0.38944033,0.80097836,0.7490707,0.062622525,0.43920165,0.2049955,-0.03225717,-0.5678658,-0.55226636,-1.4141216,-0.12342812,0.68759704,-0.041272298,-0.4748841,-0.41060457,-0.50417775,-0.7451748,-0.6990278,-0.13779378,0.51294214
P14373,-0.53385377,-0.9664076,-0.17305444,0.03760528,0.11399034,-0.20534198,0.50708365,-0.16282439,-0.94302607,0.9155627,-0.49277115,0.13855445,0.87977165,-0.32175136,1.0285835,1.2529407,-0.52125716,0.44554198,-0.74127734,-0.18948495,-0.5684509,0.42201382,-1.1484035,-0.13826422,-0.22824383,0.24742272,0.14883481,-0.052503776,0.13744298,-0.24084581,-0.603971,-0.42789412,0.54904115,-0.38321784,0.9165245,0.09772676,0.80799925,-1.1652145,0.020142548,0.4697236,0.5680916,0.07828426,0.69539136,0.1772064,0.4635122,0.84340674,0.64972854,0.08994899,-0.06222059,0.2959721,-0.09574551,-0.692117,-0.63129735,-1.2938833,-0.34549212,0.60088736,0.12798665,-0.15196018,-0.44431007,-0.46780896,-0.5494019,-0.62430775,0.24958178,0.47476226
P0AAR3,-0.22061029,0.8682925,0.09619304,0.16584776,-0.52593964,0.12127021,-0.048352227,-0.571661,0.46970317,-0.15933722,0.76183087,0.38112843,-0.4447835,0.5370325,-0.033764612,-0.5956411,-0.0972695,0.035857193,-0.041186213,0.77500635,0.19230394,-0.07707079,0.37441278,-0.2633866,-0.011439774,0.15608257,-0.31952125,0.08034311,0.4274172,0.33727732,-0.065694764,0.49036476,-0.019090526,0.6229302,-0.303502,-0.59587485,-0.7926643,0.782283,0.3121252,0.11620732,-0.80200326,-0.40313032,-0.059256576,0.039550886,0.032342188,-0.7770664,-0.350791,0.41618827,0.48246387,-0.30261236,0.29317194,-0.10123199,-0.009503897,0.77037275,0.34704316,-0.27746856,0.6094335,-0.23720996,0.35435534,0.5589322,-0.36595285,-0.33352518,-0.5310011,0.15695113
O76041,-0.40616956,-0.40468708,0.15226045,0.10720688,-0.02752338,-0.19637576,0.21628764,-0.43975613,-0.5050916,0.5989639,-0.19648777,-0.11173925,0.5298545,-0.02611003,0.8765937,0.90972304,-0.22479516,-0.13246796,-0.4131112,-0.22916265,-0.47353584,0.09352389,-0.5769035,-0.18952218,-0.12764275,0.49076596,0.1950746,-0.4965134,0.12005812,-0.24773772,-0.8025657,-0.0791375,0.32878157,-0.48399612,0.49793807,0.17414898,0.1700921,-0.5478117,-0.09956465,0.16155387,0.5729438,-0.13095877,0.44344854,-0.108661845,0.25613976,0.43781322,0.3984268,0.18746305,0.5491735,0.012159035,0.006733723,-0.34440303,-0.14486733,-1.0672514,0.12539278,0.4430736,0.11381208,-0.620523,-0.17715323,-0.5596572,-0.7285112,-0.3988667,-0.41275924,0.3734682
O95273,-0.4557243,-0.4054357,-0.48811656,0.19319071,0.14625424,-0.036711212,0.49816832,0.12088536,-0.23194556,0.1010746,0.20717743,0.59514284,0.13989882,-0.11634226,-0.06377974,-0.0030755326,-0.35286748,0.48255336,-0.5280805,0.44639915,0.10551958,0.29121807,0.08162453,0.26252776,0.11446051,-0.30746174,-0.4453475,0.472721,0.09199008,0.43304396,0.32229212,-0.16222474,0.5298042,0.51412404,0.063367106,-0.335264,0.23471102,-0.25565374,0.31194878,0.6738215,-0.32776964,-0.035970654,-0.037296377,0.20998031,0.4185927,-0.10600191,-0.031308196,0.24205478,-0.46405825,0.032012954,0.010407597,-0.5605067,-0.35043818,0.26871806,-0.3004993,-0.029852446,0.6751945,0.48070252,0.11409729,0.27011946,0.010899633,-0.38922313,0.41110307,0.064358026
O43586,-0.830616,-0.0024858564,-0.16230993,0.20352526,-0.18134722,-0.1328233,0.38203508,-0.5204052,-0.3750799,0.48286685,0.13380527,0.3596743,0.37598813,0.18537757,0.7370168,0.45858735,-0.31387833,0.49514538,-0.62136185,0.42660046,-0.35362136,0.26704738,-0.3595,-0.05631027,0.0044803284,0.32037503,-0.2548806,-0.22093375,0.38055032,0.32386157,-0.6033468,0.10143072,0.4901683,0.116132006,0.4855998,-0.33378103,0.1182359,-0.2695462,0.22615382,0.42910635,-0.02848694,-0.49304256,0.41643757,-0.029043518,0.443967,-0.04985567,0.011975668,0.46515265,0.42122945,0.09703301,0.30397508,-0.62235236,-0.4435415,-0.4700029,0.034857605,0.35432595,0.6570059,-0.42553943,0.0050650537,0.016478553,-0.75972795,-0.8883694,-0.16459154,0.3673988
P02042,-0.39130074,0.5753955,-0.023235887,0.15684092,-0.40961108,-0.05443762,0.22711906,-0.696809,0.19173817,0.26113635,0.4657752,0.54167366,-0.15226403,0.4531928,0.3238797,-0.4657085,-0.4980597,0.43213728,-0.41741174,0.8046339,0.06520814,0.16097164,-0.04999406,-0.06504228,-0.030517925,0.1956904,-0.3732065,0.17376181,0.5450241,0.5649035,-0.3177872,0.1771971,0.20113552,0.590854,0.046045355,-0.37650502,-0.2734869,0.2813067,0.38024113,0.6036364,-0.68549067,-0.5318086,0.066021755,0.36029008,0.26122028,-0.3943975,-0.3279275,0.57996446,0.322095,0.022071682,0.3453305,-0.5396409,-0.36210036,0.14573784,0.20704006,0.08564327,0.989331,-0.16199557,-0.06824837,0.5026257,-0.5089772,-0.81122684,-0.09820312,0.41922534
O14529,-0.8264171,-0.47973433,-0.37175712,0.1894642,0.062099252,-0.05521823,0.56409156,-0.17050444,-0.5522785,0.5776264,-0.055950925,0.51073873,0.5262194,-0.065964825,0.62814033,0.57266265,-0.5188507,0.70981234,-0.8078313,0.43996403,-0.29247898,0.43038362,-0.5103265,0.042309254,0.017507587,0.07187697,-0.34736085,0.16383356,0.22919646,0.3692842,-0.28277203,-0.20517904,0.6287838,0.2835203,0.5948715,-0.29089063,0.53866905,-0.6231086,0.29473418,0.6545813,-0.015134078,-0.27989146,0.38558778,0.151019,0.5265475,0.21518658,0.1256827,0.33312878,-0.06461402,0.22690265,0.19498733,-0.8050634,-0.6607683,-0.4928869,-0.34956226,0.43242395,0.65898883,-0.005561717,-0.09042627,0.11728667,-0.4636894,-0.8930955,0.32010594,0.4068471
P10613,0.0973133,0.54962367,-0.055482015,0.10430494,-0.22639905,0.07785504,0.048268013,-0.20819186,0.5014626,-0.23621064,0.68342394,0.4716454,-0.5839126,0.40514413,-0.40143746,-0.8874764,-0.23210466,0.118951276,-0.07961004,0.6572858,0.42742175,-0.020744085,0.5082044,0.010256439,0.032834407,-0.21691501,-0.33437097,0.47607675,0.3353151,0.45808345,0.48338076,0.20943066,-0.008611105,0.8161011,-0.5794008,-0.4881391,-0.5387546,0.74239165,0.32886404,0.41977066,-0.82220227,-0.1660914,-0.31884915,0.26329345,0.09694071,-0.6817136,-0.4127672,0.30065575,-0.13903588,-0.2122048,0.10113947,-0.07936093,-0.038521137,0.99066067,0.18401508,-0.3782332,0.6738031,0.29823345,0.22545546,0.65775067,0.155362,-0.14255509,-0.07455665,-0.0026212074
O14520,-0.31595773,-0.15622926,-0.19630797,0.16661409,-0.03928346,-0.12381213,0.38327447,-0.30681616,-0.2337509,0.33234462,0.18914765,0.336375,0.17826086,0.055939563,0.38134998,0.104206696,-0.45830053,0.24444693,-0.5048187,0.30567372,-0.07762897,0.19771785,-0.20401214,0.09470466,-0.09584133,0.07103437,-0.19058938,0.204771,0.27513218,0.24960893,-0.20485464,-0.12695028,0.35672268,0.25387648,0.1672866,-0.15070355,0.09335178,-0.22976694,0.16549455,0.6133674,-0.18376993,-0.14762296,0.018862717,0.24557263,0.34512782,0.076427355,-0.02305641,0.36773515,-0.021109339,0.057739064,0.0915494,-0.4926149,-0.29643348,-0.25961095,0.0015655486,0.117982395,0.6960578,0.001484327,-0.12996319,0.045822807,-0.35052586,-0.46084815,0.0860129,0.2899508
P04776,-0.044820465,0.23191866,-0.17586994,0.10937982,-0.18049033,-0.081323706,0.27454445,-0.3658881,0.15475215,0.06626116,0.4447993,0.5286584,-0.24444497,0.26876274,-0.07361542,-0.5368682,-0.49829325,0.3407356,-0.37365285,0.58894384,0.23267971,0.14132339,0.1004745,0.086867705,-0.067687854,-0.11359827,-0.31470957,0.5159757,0.37415317,0.48278683,0.23088025,0.0071701733,0.1821227,0.67792183,-0.1789725,-0.30083603,-0.16904947,0.24400438,0.32205218,0.68688965,-0.64300346,-0.18241031,-0.1767937,0.4341769,0.28485444,-0.30651587,-0.28045788,0.37557778,-0.19226916,-0.0073527284,0.12305461,-0.39675272,-0.2893073,0.39610004,0.053197447,-0.10203528,0.8161027,0.26415652,-0.045492366,0.4263249,-0.08406312,-0.43998402,0.16272336,0.26549008
Q66GS9,-0.50254273,-0.015388317,-0.18572482,0.26319307,-0.03441577,0.008135793,0.22447151,-0.022560662,-0.08173904,-0.08146087,0.37533224,0.2354863,0.07966788,0.07578086,0.03822096,0.1223817,0.016936757,-0.049196757,-0.17968076,0.22427596,-0.08720833,0.044473916,0.33909693,0.044343784,0.1503454,-0.0776583,-0.27610087,-0.093507394,0.06336839,0.15984504,-0.0029379092,0.18227778,0.37254757,0.14473721,-0.022657767,-0.41074318,-0.27493095,0.10081102,0.20739865,0.16763192,-0.12769061,-0.11113976,0.00015809387,-0.27396226,0.27632776,-0.42913377,-0.03835533,0.2205856,0.096370585,-0.2621506,0.0028229505,-0.17431964,0.13909644,0.3488412,0.05614041,-0.23675951,0.33270794,-0.025225744,0.38095674,-0.0015540868,-0.3239085,-0.10076472,-0.32798445,-0.18923587
P18509,-0.04019022,-1.2433554,-0.06364566,0.04447949,0.6366803,-0.28571397,0.41910622,0.45284292,-0.76761717,0.5395279,-0.64676124,-0.22200987,0.684592,-0.62551636,0.46392867,0.9533681,-0.23356691,-0.20992163,-0.3577659,-0.77223665,-0.41863889,0.22049531,-0.5852125,0.12771615,0.02373102,-0.25052285,0.3510651,-0.06483482,-0.38156497,-0.58776265,-0.1372191,-0.6172902,0.41677493,-0.7720207,0.35862508,0.570956,0.72247535,-1.0185127,-0.09669379,0.2964858,1.0168786,0.4896929,0.27078986,-0.08303806,0.37956032,0.8621963,0.6594639,-0.26653022,-0.4795585,0.15961759,-0.52751684,-0.25522265,-0.017684918,-1.0818026,-0.2901865,0.2609523,-0.26202017,0.2757356,-0.46010548,-0.64440787,0.019151703,0.25558215,0.25556874,-0.14830966
Q96LR5,-0.8558862,0.2961165,0.025717005,0.08193063,-0.41065207,-0.24630657,0.31217033,-0.9651661,-0.28816676,0.6932468,0.13630795,0.22467971,0.2266972,0.36985758,1.1150349,0.48976707,-0.2937028,0.6025449,-0.6421228,0.5628598,-0.40833765,0.19479954,-0.53746456,-0.21096422,-0.070139766,0.6590184,-0.21223745,-0.38630894,0.6367994,0.37006655,-1.0140684,0.22595531,0.2372689,0.020949703,0.50262094,-0.28219315,-0.029599942,-0.1241754,0.17553619,0.38325253,-0.03643585,-0.7595463,0.652722,0.10270106,0.38762727,0.0030520707,-0.016996883,0.53515714,0.84253126,0.25431526,0.5180557,-0.6266946,-0.5744541,-0.7484708,0.304705,0.58002645,0.7703365,-0.81081504,-0.192653,0.1318906,-0.9035101,-1.1562266,-0.3584028,0.59652096
A0A1P8YR90,-0.11362003,0.46154818,-0.32952356,0.101890825,0.04975069,0.20141032,-0.05776468,0.4512249,0.39739254,-0.68826705,0.6716385,0.4417488,-0.66355497,-0.03244894,-0.8436747,-0.64060545,0.23059672,0.27880007,0.1606124,0.51003045,0.40052694,-0.17824167,0.95167124,-0.112513885,0.3798779,-0.5242411,-0.45619392,0.26209122,-0.18821016,0.3753543,1.0222017,0.3549671,0.080338605,0.7098519,-0.742321,-0.71933603,-0.6014648,1.0381325,0.456281,0.06435569,-0.66834337,0.0018381812,-0.28155094,-0.31087643,-0.13910723,-0.95981765,-0.45590237,0.015240381,-0.23105891,-0.26017666,-0.10698961,0.14212695,0.11113602,1.7065696,-0.14005779,-0.6009708,0.079938844,0.3695622,0.98326993,0.882458,0.48825794,0.33859172,-0.18545154,-0.67513025
P06709,0.07187499,0.44445553,-0.17049117,0.093364544,-0.25061527,-0.015854847,0.25798196,-0.47935694,0.36061275,0.09859777,0.5338011,0.614975,-0.40605903,0.40135288,-0.101429895,-0.8666395,-0.6256966,0.38511464,-0.36335644,0.6761253,0.3841433,0.15649362,0.104440816,0.067895174,-0.060415063,-0.13197291,-0.37824392,0.57884526,0.49817625,0.6273459,0.17463502,0.011882807,0.09895253,0.84602654,-0.26952812,-0.34287873,-0.23087084,0.3920348,0.33604082,0.76115066,-0.8021941,-0.27747634,-0.2508303,0.6515225,0.24881081,-0.38892365,-0.40874436,0.45261085,-0.19444297,-0.002945263,0.21254784,-0.39110103,-0.3368341,0.46143645,0.19478562,-0.12625054,1.0563928,0.31404388,-0.17185959,0.6431333,-0.03934955,-0.53619105,0.2281667,0.3912304
Q09472,-1.0103226,-0.3511207,-0.14702952,0.11861864,-0.11030121,-0.15567587,0.46148652,-0.53595644,-0.68853647,0.786702,-0.20057862,0.21203461,0.6122239,0.057170413,1.125373,1.0190825,-0.31335843,0.6542461,-0.758501,0.31861886,-0.5638578,0.3652024,-0.781391,-0.19014102,-0.0387257,0.5388818,-0.13178763,-0.3955709,0.40939313,0.16274175,-0.84358764,0.027780455,0.5765857,-0.12945135,0.8374281,-0.2602018,0.43444496,-0.6300713,0.14960098,0.3577549,0.32115692,-0.45835322,0.78564376,-0.061835587,0.5569639,0.32734948,0.30427116,0.34666735,0.49357513,0.21462832,0.33743823,-0.7141971,-0.72863835,-0.9687388,-0.061500292,0.6698767,0.44121772,-0.6090736,-0.12672126,-0.12564647,-0.8409059,-1.0772731,-0.12398674,0.5355589
P24058,-0.17917192,0.6518037,0.034912787,0.19722949,-0.3959286,0.042479504,0.12306453,-0.62901294,0.33448467,0.09109157,0.61845106,0.47230873,-0.33933562,0.51980406,0.11306797,-0.628012,-0.37582034,0.13463256,-0.21489055,0.73371345,0.1793416,0.049160287,0.17762291,-0.06618776,-0.05161393,0.11945869,-0.32797045,0.21259646,0.5159986,0.43700773,-0.19779925,0.23302308,0.104681045,0.6087741,-0.22563565,-0.4634692,-0.5266538,0.47148576,0.28289333,0.45582575,-0.7294538,-0.41056854,-0.12201699,0.29921353,0.18519133,-0.48378325,-0.37702265,0.50941145,0.26849768,-0.17800932,0.30154464,-0.3128957,-0.124135286,0.4212935,0.3428761,-0.13338892,0.9265221,-0.08592135,0.019110627,0.49243426,-0.38480031,-0.4913868,-0.24932666,0.31712165
P20338,-0.6753317,0.43261418,0.087554514,0.13343625,-0.42069677,-0.23355907,0.2427732,-1.0192931,-0.121109426,0.5706128,0.22934243,0.20730981,0.1130967,0.39850256,0.99867505,0.26548266,-0.2904174,0.36409613,-0.5102249,0.47186494,-0.2911855,0.11760719,-0.36562923,-0.21160814,-0.09448969,0.63150024,-0.1382688,-0.43338665,0.585623,0.3475229,-1.025129,0.28270605,0.1921942,-0.013435636,0.31708142,-0.26070952,-0.23631404,0.011194678,0.11310938,0.32617876,-0.06246335,-0.6901298,0.52220106,0.06578048,0.32660905,-0.055820566,-0.097752504,0.5678605,0.87419367,0.13253486,0.45705298,-0.46577543,-0.38217506,-0.6370362,0.48259678,0.43263933,0.79946375,-0.82845366,-0.17567125,0.08118377,-0.91842425,-1.005792,-0.4940436,0.53407276
A2A825,-0.2956081,0.152224,-0.14301884,0.20342489,-0.1302364,-0.027198248,0.26186615,-0.25259057,0.06257625,0.06421732,0.41678548,0.42354405,-0.099701755,0.21880239,0.0347242,-0.27361584,-0.2889043,0.14778993,-0.3105052,0.47705877,0.101836264,0.11176416,0.18803015,0.08864272,0.02372564,-0.08234763,-0.32395554,0.2359942,0.2721519,0.3410253,0.029934878,0.07293548,0.27679402,0.4477038,-0.12918764,-0.3534218,-0.21036252,0.16685909,0.26938486,0.49653643,-0.45426726,-0.2037432,-0.09970651,0.1437212,0.26917663,-0.33130634,-0.19787505,0.34926432,-0.028368853,-0.11398707,0.10560949,-0.33668372,-0.10520741,0.33068553,0.08756973,-0.1366896,0.6995409,0.107618004,0.08011292,0.24355371,-0.23954107,-0.3339192,-0.050986104,0.094338045
P00359,-0.1114088,1.1677822,0.19167764,0.08542045,-0.59476715,0.28780863,-0.27572316,-0.56537265,0.6902349,-0.33465913,0.92496365,0.35959747,-0.70881176,0.5748005,-0.2014035,-0.72994965,0.11787511,-0.051875703,0.09791833,0.808596,0.3205067,-0.26413947,0.5911149,-0.4134185,0.0055893473,0.18575591,-0.36122626,0.07739051,0.35742795,0.28000474,0.0013404526,0.65657824,-0.28763288,0.7319786,-0.5230737,-0.6962135,-1.0262144,1.121012,0.25931904,-0.07157482,-1.0326685,-0.480341,-0.09337873,-0.010043293,-0.24525103,-0.9507518,-0.4199318,0.301435,0.62706023,-0.34142637,0.34525874,0.17465886,-0.002972018,1.1041825,0.3877983,-0.3578488,0.45319676,-0.35487688,0.5379378,0.7671386,-0.30869025,-0.22493666,-0.6308603,0.09871732
P00925,-0.06698233,0.9707049,0.15424792,0.11382449,-0.5331735,0.19040918,-0.13832176,-0.54999787,0.59581333,-0.19883895,0.83628386,0.40862113,-0.60981244,0.5836882,-0.13893956,-0.7665809,-0.09508216,-0.0020529926,0.0058092475,0.80342376,0.2930376,-0.14257191,0.44449028,-0.26735017,-0.03146558,0.1363003,-0.32172275,0.18268794,0.4452252,0.34603044,0.012331773,0.4875257,-0.15726233,0.7398177,-0.45130593,-0.6240866,-0.86225814,0.91360664,0.28000093,0.13282642,-0.9383689,-0.41292,-0.15246117,0.12528566,-0.0686446,-0.80894464,-0.41956255,0.3852139,0.4367127,-0.31617635,0.3063343,0.0071162917,-0.013607826,0.90539503,0.36905593,-0.32321906,0.6418976,-0.18207045,0.34095633,0.6822392,-0.26993406,-0.28147906,-0.4893808,0.18278416
A0QWG6,-0.20865682,0.80510634,0.118964314,0.16816892,-0.4942768,0.04346147,0.012208328,-0.6993504,0.36469597,0.05012146,0.6495246,0.39488652,-0.34570304,0.5446905,0.14636119,-0.55397797,-0.23351046,0.09817099,-0.14872764,0.72031236,0.1374243,-0.016755043,0.18071689,-0.20594007,-0.055733252,0.23059878,-0.27380532,0.05584233,0.4953804,0.33450988,-0.25119132,0.39300916,0.0019436032,0.5320144,-0.20026869,-0.5008095,-0.6556645,0.6056369,0.27585942,0.2733895,-0.7363467,-0.4504456,-0.009035587,0.15468282,0.11831635,-0.57320327,-0.33206117,0.47716805,0.48168907,-0.2196089,0.3146078,-0.2204802,-0.10304645,0.4503501,0.40099904,-0.14569494,0.75447696,-0.27473873,0.14516363,0.4739956,-0.4759245,-0.49308643,-0.43846005,0.291926
Q6NUS6,-0.2630877,-1.2074105,-0.3244986,0.08889949,0.4900088,-0.14851573,0.56496096,0.4554813,-0.73653144,0.57474864,-0.44114304,0.19431044,0.62205917,-0.51982903,0.39326644,0.8056739,-0.5085928,0.27672222,-0.6442021,-0.26725054,-0.2702865,0.32204464,-0.5678808,0.17256284,-0.05046205,-0.2613548,0.025222093,0.35104918,-0.12588345,-0.11324501,0.10242249,-0.63396317,0.54695857,-0.10122603,0.40168968,0.13440809,0.8551969,-0.98818433,0.087284535,0.65726095,0.525826,0.3211651,0.18063748,0.18493426,0.4055227,0.7009135,0.4041064,-0.048776306,-0.69051594,0.23142831,-0.3219334,-0.52466923,-0.3560258,-0.73675716,-0.53166574,0.30536425,0.16518773,0.38461357,-0.2979945,-0.29758573,0.07639824,-0.1828136,0.5526607,0.075873934
Q5A0M4,-0.29167,0.9653553,0.2071505,0.19971702,-0.5745404,0.053327706,-0.027385905,-0.92033106,0.4263659,0.088657275,0.6657303,0.31582373,-0.3151868,0.6549502,0.3475074,-0.51065606,-0.16331875,-0.014717154,-0.08117619,0.70325357,0.042408124,-0.063241355,0.19540383,-0.3121353,-0.084178984,0.40901425,-0.24422915,-0.21511646,0.5781856,0.27378735,-0.6206118,0.55068827,-0.020236276,0.3481787,-0.13207856,-0.55405974,-0.8592618,0.62981546,0.19724396,0.07366977,-0.6941263,-0.5591641,0.089234754,0.05105285,0.15334857,-0.58770335,-0.34421524,0.5688588,0.7690729,-0.3031953,0.41590926,-0.13303812,-0.0037240013,0.30569792,0.60655266,-0.10040253,0.75219584,-0.55604655,0.16985394,0.40507254,-0.7285258,-0.53908485,-0.7046522,0.34688726
O70361,-0.6578859,-0.34708318,-0.3729558,0.12781987,0.00062188134,-0.118172884,0.56746376,-0.31194955,-0.43275118,0.58591217,0.00047315657,0.5897741,0.38393617,0.0067038313,0.540065,0.25918835,-0.66668177,0.78719985,-0.82005167,0.53700334,-0.17477946,0.41620508,-0.47425678,0.13964418,-0.052812997,0.042041004,-0.395401,0.31633252,0.3169417,0.48060763,-0.2265622,-0.2273178,0.5673723,0.4532344,0.49002913,-0.19821608,0.51656824,-0.50302577,0.34045187,0.84503454,-0.2492202,-0.33823887,0.22938877,0.39083168,0.48099867,0.20217316,-0.0023308843,0.4358568,-0.11099887,0.30721325,0.21759373,-0.8515509,-0.725771,-0.46766573,-0.28792503,0.432865,0.869781,0.075406864,-0.23580736,0.21539731,-0.41520858,-0.9545681,0.4499269,0.51525456
Q04120,-0.16737813,0.99168384,0.10893822,0.116740674,-0.53309244,0.23285538,-0.17565921,-0.44220936,0.6295269,-0.35527274,0.8504448,0.3528532,-0.6131922,0.51273644,-0.20726004,-0.67596316,0.0744637,0.0043538213,0.07743445,0.78179014,0.28556603,-0.18998647,0.586738,-0.35660645,0.049281966,0.09528129,-0.34928268,0.0813601,0.3116136,0.3417947,0.0919397,0.58699775,-0.12262096,0.717706,-0.4848245,-0.67053926,-0.9186205,1.0328388,0.3190012,-0.011301547,-0.89756733,-0.40172333,-0.08063827,-0.050931647,-0.12475085,-0.947226,-0.39357343,0.3231497,0.51940596,-0.33404994,0.2942993,0.09593706,0.015763674,1.0787333,0.32223463,-0.3703603,0.44467694,-0.24203767,0.5421292,0.7051053,-0.22550786,-0.18629147,-0.5832809,0.00657369
O00214,-0.31406412,-0.12132278,-0.17810468,0.13405307,-0.102757245,-0.19264162,0.40009993,-0.4148387,-0.26396373,0.39810196,0.1643392,0.32688773,0.21492405,0.108674,0.462563,0.13576585,-0.50765324,0.2998327,-0.5552802,0.31621262,-0.12721315,0.19050516,-0.2988189,0.06548467,-0.16140133,0.13728157,-0.16975851,0.17765841,0.35099423,0.24402061,-0.26201722,-0.09957874,0.3501697,0.26904562,0.25455934,-0.110440835,0.12498075,-0.21982326,0.1901191,0.6567208,-0.19550167,-0.21371523,0.044721223,0.28504997,0.33213618,0.08743003,-0.036937498,0.41712612,0.055285845,0.12698132,0.122954085,-0.5289226,-0.3537532,-0.40111202,0.006502333,0.19522533,0.7006387,-0.11354603,-0.1584746,0.0010780096,-0.4348449,-0.5559729,0.055411562,0.3615089
P00375,-0.44328022,0.5576384,-0.067516945,0.16811521,-0.3947723,-0.042939555,0.25641394,-0.67210734,0.18275647,0.27285278,0.44542181,0.57974505,-0.13996197,0.43406245,0.28569353,-0.46204978,-0.54432195,0.48711124,-0.4583956,0.8044601,0.06620729,0.16786073,-0.04821638,-0.03244537,-0.009519938,0.1484679,-0.4235074,0.21996565,0.5564304,0.6154319,-0.3021486,0.14814575,0.22583553,0.64288753,0.06426286,-0.3976052,-0.22100091,0.25858393,0.4067564,0.6542317,-0.6958913,-0.5516621,0.0534852,0.4089814,0.24683179,-0.41232276,-0.36123088,0.5780824,0.27761665,0.040545255,0.34907106,-0.58654946,-0.3780837,0.15248774,0.1711166,0.091333136,1.0350347,-0.12670077,-0.10896205,0.5236703,-0.50253,-0.86855185,-0.0280115,0.44027203
Q9UQE7,-0.6203083,0.54944956,0.028779298,0.21873394,-0.41469577,-0.08504243,0.21062703,-0.7809291,0.049218077,0.31800166,0.40749013,0.38022876,0.0262945,0.4781336,0.5735532,-0.09405775,-0.2606207,0.2879371,-0.37574124,0.61645573,-0.1583195,0.12204835,-0.075825565,-0.13401759,-0.0050650276,0.35697228,-0.3064007,-0.24489824,0.5188212,0.38648495,-0.6751071,0.33180165,0.27439415,0.23875563,0.16132027,-0.43190974,-0.37306863,0.19480477,0.2517158,0.327852,-0.3868095,-0.624436,0.26517963,0.03613574,0.32241133,-0.35803562,-0.21443889,0.5941991,0.63284016,-0.05583465,0.39525768,-0.44613177,-0.2391392,-0.116944104,0.3658669,0.15534127,0.8227911,-0.50450397,0.033295974,0.23385575,-0.791749,-0.8228742,-0.42468327,0.3454357
O94788,-0.29909545,0.8528821,0.13120396,0.19556653,-0.5337855,0.028661635,0.031014055,-0.8292472,0.3355767,0.109675914,0.6448704,0.36618805,-0.28843215,0.57805127,0.30153626,-0.46574867,-0.24586704,0.09256983,-0.16564968,0.72730315,0.059874482,-0.010951323,0.120145865,-0.23216812,-0.073399454,0.33442092,-0.2675789,-0.04662775,0.5574597,0.33492506,-0.4665589,0.42978823,0.01816941,0.44613037,-0.106774636,-0.51910245,-0.70186704,0.5456661,0.24014121,0.23068102,-0.698615,-0.5118457,0.06054676,0.14035454,0.14940989,-0.54319924,-0.3339115,0.531071,0.61503077,-0.22157158,0.37381923,-0.24692437,-0.09750517,0.3164469,0.47236073,-0.09167371,0.7959017,-0.40402067,0.10765001,0.42965668,-0.628217,-0.5740336,-0.52494997,0.35761258
P11103,-0.8949169,0.15788388,-0.11480667,0.14127876,-0.29795882,-0.16676606,0.38315392,-0.6594683,-0.34188572,0.5651039,0.1525625,0.36617053,0.34093344,0.25309286,0.8153234,0.45203984,-0.3673945,0.63338494,-0.6900715,0.5559005,-0.3717702,0.27630866,-0.48727655,-0.1264783,-0.009723309,0.41679063,-0.29479623,-0.1969953,0.4984542,0.3791674,-0.66457474,0.15583831,0.40302786,0.20215778,0.5645318,-0.34223682,0.14530459,-0.20211051,0.28047466,0.45470685,-0.13348876,-0.600664,0.5160481,0.0586207,0.3998329,-0.07768224,-0.006694682,0.47752744,0.5247872,0.19363666,0.3754227,-0.7022968,-0.58319914,-0.5040626,0.0061387597,0.44187987,0.68593395,-0.5194934,-0.06758375,0.13894054,-0.81938756,-1.0918758,-0.1628516,0.47202003
Q6UWE0,-0.5452491,-0.6220926,-0.19236015,0.24204771,0.22026737,-0.10564244,0.3748402,0.05866249,-0.5619114,0.27712,-0.08975051,0.018138044,0.54103607,-0.19203892,0.44517627,0.8167826,-0.14750251,-0.0727377,-0.40455762,-0.19870393,-0.39338142,0.13368118,-0.19960937,0.02985847,0.03156543,0.0616865,-0.027596015,-0.26612896,-0.020776452,-0.10770202,-0.28517455,-0.12150886,0.53728,-0.2909979,0.36139277,-0.07716721,0.215682,-0.5150943,0.05716948,0.22457428,0.4963601,0.04986391,0.1791786,-0.2796197,0.39735714,0.1797043,0.28873116,0.12165397,0.031435814,-0.09850839,-0.10376276,-0.29942164,-0.0015568063,-0.5130629,-0.117635906,0.12502325,0.10394021,-0.17695461,0.12548697,-0.457865,-0.43134642,-0.13467868,-0.18846667,-0.014390502
P15260,-0.67583036,-0.9590762,-0.41906786,0.16909851,0.40378627,0.07850984,0.45025957,0.563167,-0.6910286,0.2574074,-0.29031616,0.20172459,0.60583687,-0.58896667,0.3350046,1.0330138,-0.16777928,0.46514466,-0.55248165,-0.09740105,-0.3153355,0.26593363,-0.3395924,-0.14895523,0.2282741,-0.24042165,-0.1191562,0.2006271,-0.31758648,0.009429753,0.20369723,-0.31020597,0.5589365,-0.010991119,0.48117188,-0.24250111,0.6708058,-0.72990996,0.20997894,0.36649147,0.46130183,0.18393916,0.5123378,-0.20051718,0.36365125,0.32125658,0.44802803,-0.2233944,-0.44771656,0.17344323,-0.20099956,-0.43111923,-0.39866227,-0.24453153,-0.63653415,0.19524911,-0.15670417,0.22164191,0.13885695,-0.08869317,-0.00036422908,-0.24465024,0.3741877,-0.14045928
A0A1D8PFS4,-0.15147388,0.92406756,0.12587662,0.14299352,-0.5479199,0.16356702,-0.075991064,-0.601652,0.5420835,-0.12272217,0.78142166,0.44869947,-0.5200906,0.59531,-0.047978465,-0.72279376,-0.17125195,0.074705645,-0.065013945,0.8354904,0.24107112,-0.080148816,0.37142485,-0.25644785,-0.039893154,0.16138664,-0.3413099,0.15303399,0.49886978,0.3925563,-0.08327314,0.47161165,-0.051714785,0.7265022,-0.35110164,-0.6359195,-0.80305666,0.8152216,0.32242715,0.17821023,-0.89800966,-0.4504365,-0.10650828,0.15230411,0.020268466,-0.7737804,-0.4245778,0.451754,0.4499986,-0.2997536,0.34444553,-0.10051863,-0.044723254,0.79408216,0.3685927,-0.2642687,0.7109074,-0.20696686,0.2969761,0.6467094,-0.33733255,-0.3886281,-0.47464916,0.23393005
O35244,-0.43436846,0.8425346,0.09745175,0.18873535,-0.5545084,0.018140044,0.08127038,-0.8243967,0.31538868,0.17452401,0.59087867,0.45159385,-0.22496,0.5904659,0.34159237,-0.46015197,-0.30756408,0.26661128,-0.26569912,0.82800364,0.026332721,0.04913743,0.0668165,-0.21900189,-0.034818124,0.32079855,-0.35392964,-0.029546726,0.60840946,0.45230085,-0.49210998,0.41430774,0.09213968,0.5095686,-0.011989586,-0.5484828,-0.59719527,0.4965739,0.34364194,0.3177513,-0.746441,-0.598958,0.124297515,0.19494927,0.2007222,-0.57019085,-0.35701486,0.5909928,0.59918624,-0.14619586,0.42247543,-0.3768773,-0.19450332,0.28448153,0.39427674,-0.012007099,0.8725938,-0.39561135,0.08719267,0.49538338,-0.64801025,-0.7538631,-0.4343946,0.37962243
P61866,-0.58299756,0.76535827,0.32141086,0.26565772,-0.41103157,0.038048286,-0.128346,-0.861864,0.19526038,0.089395255,0.52112305,-0.101004645,-0.009237453,0.42167142,0.75427353,0.14554757,0.103144966,-0.20320252,0.03658721,0.28222325,-0.28079987,-0.061805412,0.15078656,-0.51560926,0.11720951,0.6307466,0.11179882,-0.8911835,0.26929206,0.10439558,-0.91353554,0.6373059,0.03377817,-0.2591114,0.08484373,-0.34772438,-0.77273494,0.4626636,0.052551012,-0.27695817,0.0046280837,-0.49174353,0.43843228,-0.49082232,0.13978048,-0.5185198,-0.027215995,0.419674,1.2052578,-0.3103925,0.27548283,-0.025503572,0.23158804,-0.03178017,0.61128086,0.0034822896,0.30067676,-1.0177972,0.339938,-0.041033298,-0.9778694,-0.41557407,-1.1300211,0.12006453
O94953,-0.63527226,0.17630014,-0.25629157,0.10476604,-0.20158921,-0.084395066,0.44276577,-0.5222402,-0.07577193,0.4748244,0.21179895,0.6670511,0.09724951,0.21832648,0.40079078,-0.22210316,-0.6842282,0.80955815,-0.72610736,0.7510119,-0.032927558,0.3304622,-0.25675127,0.10960762,0.04145878,0.050798774,-0.53238904,0.2899918,0.4338247,0.70110536,-0.29053327,-0.07299085,0.41877437,0.6561505,0.31372666,-0.26037017,0.25128877,-0.10761143,0.45452777,0.87302125,-0.58156383,-0.58864576,0.15087512,0.526344,0.35605183,-0.14182392,-0.2568827,0.5493492,0.09403584,0.27049172,0.32207257,-0.82652265,-0.6680384,-0.1547242,-0.103303716,0.33679962,1.0852281,0.016722828,-0.269604,0.49534133,-0.4675945,-1.0744497,0.37349755,0.5408394
P13010,-0.3486568,0.28867617,-0.18791924,0.21461289,-0.22498237,0.018733643,0.24933773,-0.28948602,0.16202553,-0.058892734,0.53556293,0.5292462,-0.1874195,0.28702328,-0.07919167,-0.39470118,-0.28740266,0.2683074,-0.28813556,0.6573732,0.1562746,0.12628128,0.2813891,0.0437745,0.056106564,-0.07255984,-0.4110905,0.2767474,0.3177878,0.4890557,0.13626939,0.16337942,0.32193235,0.6118066,-0.15644726,-0.49001944,-0.33331788,0.31085548,0.355717,0.44957092,-0.5907391,-0.2545993,-0.088825874,0.13833004,0.28285778,-0.52910787,-0.2792796,0.39740163,0.009749643,-0.16817656,0.18284875,-0.38686448,-0.12150346,0.5952178,0.06519972,-0.17931116,0.71649593,0.14286269,0.22560483,0.40131247,-0.19633412,-0.38154134,-0.10197574,0.07874575
O60880,-0.8024634,-0.38426068,-0.2808997,0.19087584,-0.0067637153,-0.12093094,0.493473,-0.31504962,-0.57758087,0.58940077,-0.04613395,0.35780928,0.5370345,-0.0053523853,0.7473172,0.66286504,-0.4474542,0.5706566,-0.7441753,0.32399955,-0.37928843,0.34398967,-0.53789884,0.001938343,-0.041816983,0.21900448,-0.22690383,-0.034103382,0.30302054,0.25489613,-0.453893,-0.11294888,0.5755501,0.12370892,0.6117307,-0.24783078,0.42078727,-0.5522668,0.22623363,0.5629711,0.09572056,-0.32208195,0.40522474,0.07385933,0.48650587,0.20272465,0.13989532,0.3634929,0.13967164,0.18544026,0.20734876,-0.7182473,-0.56501204,-0.6461924,-0.18273091,0.4263327,0.58882886,-0.24285139,-0.09301252,-0.06046182,-0.6139271,-0.8498825,0.104771316,0.4061166
O70394,-0.3659617,-1.1097856,-0.3005485,0.0692926,0.3347314,-0.1452559,0.58219695,0.123676926,-0.8480771,0.7889922,-0.4418466,0.29889023,0.74432856,-0.4349309,0.6973737,0.9578327,-0.6867454,0.48895752,-0.8094678,-0.111770466,-0.36398405,0.42889056,-0.9315222,0.0568451,-0.19742325,-0.037993416,0.057958037,0.3955939,0.050173186,-0.06921734,-0.16226241,-0.64942265,0.530097,-0.0697656,0.67514,0.09629689,0.919074,-1.1171687,0.0993483,0.75352013,0.3998406,0.20458893,0.38458985,0.32684204,0.4251006,0.8279309,0.46526092,0.032712795,-0.52035874,0.3496272,-0.18030196,-0.71578217,-0.6259623,-0.9870349,-0.551531,0.49582773,0.28373146,0.22269048,-0.4486994,-0.26636964,-0.18772341,-0.51378953,0.59049207,0.3820696
O95154,-0.21614832,0.5157844,-0.0695416,0.18001585,-0.32668427,0.024923425,0.19618711,-0.52067286,0.29853234,0.06973967,0.55659384,0.5536229,-0.2920327,0.4287399,0.033359002,-0.62808025,-0.45382726,0.2867888,-0.3049758,0.74646676,0.2183059,0.1206259,0.17048451,-0.003223598,-0.015894432,0.024225548,-0.3760841,0.32685876,0.47043452,0.54278034,-0.034690853,0.14772673,0.1766459,0.70129055,-0.18138406,-0.44178897,-0.3639381,0.39480463,0.34675953,0.57274985,-0.72963196,-0.36928868,-0.10869924,0.35757035,0.2367675,-0.48524106,-0.37681213,0.48204064,0.09702033,-0.10595169,0.26448038,-0.40762514,-0.2130968,0.46540636,0.21108848,-0.10961249,0.9321212,0.063719064,0.0064767227,0.5284513,-0.265593,-0.5529275,-0.06282461,0.29339916
P08037,-0.50319266,-0.401523,-0.46855026,0.09749812,0.10291976,-0.04439733,0.54771864,-0.11871685,-0.29536992,0.38003042,0.026668921,0.6661539,0.26813686,-0.12264924,0.23958275,0.073478445,-0.6535998,0.8207689,-0.77356446,0.5296878,0.028023347,0.41974849,-0.3363796,0.15281639,0.031385984,-0.13782255,-0.4371109,0.53548807,0.16039829,0.53348976,0.08204128,-0.28577444,0.51481915,0.57959545,0.34525976,-0.21895744,0.5090386,-0.43115535,0.37103972,0.87967885,-0.3470224,-0.19956003,0.19735381,0.45695916,0.46410203,0.15568872,0.026804872,0.30318213,-0.36743358,0.2876746,0.14174172,-0.79592556,-0.7372018,-0.17544158,-0.3676115,0.3123394,0.7798457,0.36758947,-0.1816082,0.37033594,-0.1264555,-0.8205911,0.65417236,0.40512067
Q93062,-0.9039204,-0.40530613,-0.081579834,0.106141716,-0.11599141,-0.19062349,0.4248153,-0.5578947,-0.708702,0.8063939,-0.234868,0.12170913,0.6090756,0.031592123,1.1938388,1.1008583,-0.29114237,0.525641,-0.7219284,0.19157283,-0.5591659,0.32099882,-0.81323016,-0.2301375,-0.07043229,0.5964291,-0.012487978,-0.45349142,0.37836623,0.072638065,-0.8976325,0.0014473081,0.5222122,-0.2581242,0.8082011,-0.17190738,0.3907787,-0.6747091,0.054713167,0.31976736,0.4385783,-0.39458466,0.7883127,-0.059104025,0.5249383,0.42811048,0.37507573,0.32408673,0.5432453,0.1910065,0.3076357,-0.65881425,-0.65375584,-1.1085889,0.03990462,0.67171043,0.3993119,-0.6660013,-0.17825508,-0.2600901,-0.85257435,-0.97427726,-0.20072164,0.55657524
P07900,-0.57560396,0.7937547,0.15444578,0.1480721,-0.53217185,-0.17526406,0.15333152,-1.1793185,0.15954018,0.4512892,0.4110996,0.26397982,-0.09499806,0.5789986,0.82998794,-0.107987836,-0.3054157,0.32102343,-0.35961217,0.6242467,-0.1616022,0.032612607,-0.16880953,-0.25648946,-0.09614068,0.6641506,-0.21433441,-0.44086877,0.7060596,0.4170694,-1.043045,0.4496512,0.054316394,0.10720724,0.14040539,-0.4087621,-0.56330955,0.30040306,0.14438058,0.23114696,-0.37514022,-0.759895,0.44842213,0.13121152,0.2961893,-0.26759648,-0.2775143,0.65327173,0.9628399,0.008368626,0.51987505,-0.37110665,-0.25915626,-0.31442338,0.637448,0.30350894,0.86724514,-0.8431085,-0.111335374,0.28814417,-0.9086509,-1.0127412,-0.6253702,0.51198757
P07764,-0.33824983,0.89523494,0.13155344,0.1848221,-0.5630788,0.016148228,0.05551947,-0.89277315,0.35118443,0.1958822,0.6059963,0.4369366,-0.27748352,0.6251057,0.35203686,-0.5248119,-0.32857955,0.21149543,-0.23284782,0.8086068,0.049351037,0.016904326,0.060874216,-0.22249542,-0.079964146,0.36056685,-0.3209395,-0.033035193,0.6440704,0.4166485,-0.5466353,0.41978154,0.03922672,0.49430865,-0.06164197,-0.54389,-0.66332537,0.52585983,0.2942229,0.30260336,-0.75943357,-0.5967833,0.08975659,0.2279869,0.18408453,-0.5361456,-0.38100246,0.60566455,0.6296732,-0.17201738,0.43477187,-0.3248779,-0.17048858,0.24753113,0.48119852,-0.016859978,0.90844357,-0.42375636,0.048974402,0.50076264,-0.6576367,-0.7219082,-0.46918547,0.43077007
P15248,-0.11123784,-1.2715158,-0.19145377,0.087975666,0.7648533,-0.1423478,0.409456,0.87497157,-0.62753797,0.21338993,-0.48641187,-0.23411438,0.537096,-0.7769139,0.09866899,0.88922334,-0.0260183,-0.3228595,-0.2675262,-0.7690218,-0.24594547,0.09960137,-0.1431291,0.1609681,0.17589062,-0.5417907,0.20283289,0.092167184,-0.58344984,-0.5077486,0.2842737,-0.5980641,0.44578704,-0.5437215,0.055228226,0.39825383,0.68957955,-0.7894932,-0.05123914,0.19119231,0.98644805,0.6128878,0.08514107,-0.23845696,0.20074481,0.6033183,0.5829892,-0.39305025,-0.6817327,0.0612839,-0.63404286,-0.066346794,0.15145013,-0.50834924,-0.46841666,0.009970419,-0.40183276,0.43995583,-0.14085272,-0.49647945,0.3323878,0.5298398,0.27997047,-0.46879983
P02730,-0.6181464,-0.50667083,-0.25907463,0.14405973,0.008540805,-0.15478167,0.52788377,-0.3143243,-0.59894675,0.6824882,-0.096383825,0.33901486,0.54794145,-0.022110946,0.7938364,0.6480793,-0.56618637,0.5152482,-0.77362645,0.2672704,-0.34858477,0.34871662,-0.6660774,0.0413855,-0.14987189,0.21050769,-0.16880044,0.10566892,0.32360014,0.20073333,-0.44800606,-0.24043058,0.52178407,0.12259169,0.5970415,-0.13873492,0.5058748,-0.65969,0.16510977,0.67367125,0.06895744,-0.21264349,0.32639745,0.22693986,0.48261914,0.39481395,0.18286112,0.37301275,0.0077683358,0.23332562,0.15950248,-0.7141053,-0.61367255,-0.81046987,-0.19350195,0.4584167,0.65307367,-0.16067733,-0.25431973,-0.11610475,-0.5543569,-0.79010844,0.21672454,0.4878022
G7JEE5,-0.24706967,0.6706283,0.023162954,0.16757734,-0.42232487,0.04889489,0.07988918,-0.5695302,0.33642706,0.015474282,0.6124913,0.47206655,-0.31964716,0.46626475,0.06895962,-0.56603134,-0.30735973,0.21970195,-0.22035253,0.7562052,0.17407206,0.04666294,0.19584942,-0.1357742,-0.011266094,0.12560785,-0.3206352,0.18943885,0.4581309,0.44924176,-0.09923969,0.2974979,0.09179504,0.6275682,-0.1914947,-0.49523824,-0.519722,0.53123,0.34147722,0.39555076,-0.740522,-0.40710622,-0.02560348,0.21373904,0.1666551,-0.57193995,-0.3365794,0.4612926,0.30242237,-0.16129437,0.28800014,-0.30875343,-0.16766201,0.5233507,0.2709773,-0.14085904,0.78393275,-0.105876684,0.12939423,0.52358246,-0.34660184,-0.51846504,-0.2597757,0.24476296
P00519,-0.6720977,0.16536695,-0.089458376,0.08747323,-0.3593238,-0.24301834,0.4148185,-0.78555113,-0.2996791,0.7245292,0.14247164,0.39156696,0.25794354,0.31634966,0.908118,0.2574134,-0.5271772,0.64314586,-0.7333279,0.60161173,-0.2974108,0.24656725,-0.57866764,-0.03538446,-0.15706274,0.4062179,-0.32375348,-0.024204206,0.5972824,0.39872697,-0.74045825,0.056843262,0.31334028,0.28159982,0.46818075,-0.21625361,0.17512119,-0.20385244,0.27374128,0.6602332,-0.27876967,-0.6425644,0.37402123,0.33822036,0.33099854,0.06266719,-0.08943499,0.5921646,0.49899653,0.3175524,0.40104768,-0.712678,-0.65692097,-0.70810115,0.12304707,0.49973756,0.95961165,-0.4832592,-0.3006152,0.1730761,-0.7736083,-1.0925263,-0.022073552,0.62178904
O75462,-0.52567494,-1.0091568,-0.34372795,0.09535869,0.2645167,-0.11075154,0.63232553,0.023332806,-0.82083327,0.81869656,-0.36859035,0.37168133,0.7606939,-0.33849382,0.7918116,0.9183002,-0.71521115,0.6406598,-0.88504606,0.0689712,-0.35998166,0.494969,-0.9367184,0.018916517,-0.17981769,0.024050653,-0.041668527,0.36313355,0.13777009,0.05969119,-0.21778277,-0.5570842,0.59092104,0.054445352,0.7447467,-0.012630217,0.9139913,-1.0582509,0.15143014,0.7752721,0.29184732,0.06858198,0.44616154,0.3260883,0.50817925,0.75445837,0.4294519,0.14219424,-0.42148837,0.36111134,-0.043382227,-0.807361,-0.75961035,-0.96856904,-0.5325177,0.55061,0.42475373,0.14327528,-0.39588323,-0.15795171,-0.29927593,-0.7200317,0.5797935,0.46351403
O76021,-1.0560279,0.23364753,-0.2036281,0.18178426,-0.21868105,0.18919933,0.121824406,-0.18687226,-0.16691281,0.004172057,0.29884744,0.34104905,0.30595028,-0.0064524636,0.44336122,0.58180034,0.0747759,0.52575016,-0.41877845,0.50776714,-0.28891098,0.19594514,-0.054995194,-0.45652515,0.33812782,0.24507445,-0.2613169,-0.26207545,0.02123016,0.32197756,-0.26924255,0.42408538,0.35753688,0.13439271,0.4510559,-0.66100913,-0.06588876,0.022915946,0.36389598,-0.039899826,-0.12587631,-0.32433864,0.7400439,-0.4725188,0.3346678,-0.4668333,0.1874757,0.09595581,0.45612714,-0.060607187,0.2500827,-0.37717795,-0.36623156,0.29634064,-0.1777633,0.09251643,0.09208525,-0.32974786,0.495561,0.29772803,-0.6184923,-0.7312709,-0.32066783,0.006914256
P61978,-0.91021,-0.39130417,0.06904334,0.13462861,-0.12706183,-0.1270815,0.2774666,-0.48407516,-0.66338503,0.67314106,-0.23336472,-0.039303064,0.5660403,-0.06133876,1.1433749,1.2681276,-0.16751462,0.20310494,-0.5547295,0.0030500107,-0.5938716,0.23035021,-0.7193998,-0.3838674,0.049918737,0.697824,0.1165645,-0.70305514,0.16491866,-0.0716382,-0.967103,0.06807958,0.46536747,-0.5168391,0.7448601,-0.069520466,0.2644798,-0.65477514,-0.027210556,0.1061357,0.67637503,-0.2987021,0.85045636,-0.32288867,0.35900253,0.3977819,0.48937666,0.17654829,0.7459061,0.081191376,0.1653255,-0.49910772,-0.4098489,-1.0689232,0.07400224,0.6239868,0.10443691,-0.7975788,-0.058447026,-0.40566504,-0.9170211,-0.745068,-0.46765584,0.40277645
P12104,-0.51456416,0.6714611,0.24783234,0.23954798,-0.3824231,0.121218026,-0.16642427,-0.47735378,0.25064334,-0.21877193,0.5642736,-0.08853714,-0.08279741,0.28542355,0.36469612,0.10477978,0.35642946,-0.335666,0.17965493,0.26376155,-0.14962593,-0.17122534,0.37240192,-0.5064286,0.1778882,0.3611381,0.05266507,-0.650579,0.081575766,-0.026378874,-0.4779872,0.6467016,0.010958619,-0.10921845,-0.014015235,-0.3807009,-0.79596704,0.6022828,0.113072515,-0.36051017,-0.11581408,-0.30625054,0.30862483,-0.5652711,-0.0027001314,-0.6747377,0.017213926,0.2047275,0.9343676,-0.4036228,0.14311495,0.13468876,0.32041082,0.39194566,0.4173713,-0.25091755,0.030181997,-0.7347566,0.5344068,0.037422627,-0.7146896,-0.0650042,-1.0498874,-0.15525223
P00342,-0.23103902,0.79780495,0.10160194,0.18922268,-0.49387637,0.06474773,0.035411343,-0.68825394,0.37779945,0.030690901,0.66868293,0.41073665,-0.35323402,0.5655764,0.13371794,-0.5733254,-0.25461715,0.07868142,-0.14627628,0.75103235,0.13568172,-0.011512497,0.21609408,-0.18169571,-0.054678116,0.20662248,-0.3022386,0.087529436,0.5204675,0.36658838,-0.26074943,0.38329008,0.036965378,0.5640551,-0.2080535,-0.529142,-0.6718258,0.59428495,0.2832651,0.28160578,-0.7518802,-0.45288667,-0.04907199,0.17062983,0.13128737,-0.5926048,-0.3641719,0.49898413,0.4524122,-0.23983191,0.32780012,-0.22936222,-0.074169606,0.4820615,0.3947151,-0.16591442,0.79545957,-0.24582602,0.13852292,0.48404154,-0.4788332,-0.48248902,-0.43709156,0.29555368
P09874,-0.8746265,0.29470327,-0.08031571,0.14183185,-0.35304692,-0.14667082,0.33492452,-0.69362366,-0.24265762,0.50262344,0.2240512,0.3861519,0.26492158,0.30580738,0.74829865,0.3187586,-0.34581482,0.61623967,-0.6398092,0.61898506,-0.3306418,0.24596378,-0.40128455,-0.14483795,0.011404086,0.4105586,-0.31962729,-0.19175136,0.5130907,0.41631323,-0.641853,0.21602982,0.3549427,0.24845533,0.49984607,-0.3801687,0.043406963,-0.08536209,0.31412593,0.42970386,-0.2327541,-0.6320947,0.49203408,0.059462138,0.375371,-0.18609262,-0.0628644,0.49610385,0.55899704,0.1605085,0.3889402,-0.67446864,-0.5363856,-0.36880696,0.048236612,0.38099107,0.70809805,-0.5175887,-0.03346587,0.20750377,-0.8179108,-1.0908748,-0.2118145,0.44055867
Q15773,-0.9153278,-0.3757607,0.015474937,0.21345364,0.0073798634,-0.00013496447,0.21065842,-0.23475285,-0.6027483,0.36310068,-0.15802158,-0.093171924,0.61269337,-0.1746152,0.8785479,1.2641834,0.008263454,0.04582777,-0.411172,-0.07656169,-0.6155131,0.13466509,-0.43018907,-0.39321545,0.15102887,0.49391505,0.11851482,-0.6867826,-0.054280613,-0.16118294,-0.72632504,0.13730429,0.48192373,-0.5264148,0.6561989,-0.122326046,0.16353709,-0.5015356,0.051843453,-0.044625536,0.66752344,-0.13083296,0.7232245,-0.58375067,0.2936958,0.19302453,0.46933916,0.050530992,0.638832,-0.03631012,0.05747336,-0.31519455,-0.19120486,-0.7062584,-0.08493701,0.40711063,-0.16800071,-0.7388952,0.23765409,-0.423522,-0.8412141,-0.4399928,-0.55787367,0.097144
Q9C035,-0.5445907,-0.9125886,-0.17622362,0.04968079,0.07919863,-0.1943756,0.51761216,-0.2084248,-0.9082934,0.92278063,-0.443721,0.15314332,0.84634024,-0.2407848,1.037471,1.1777847,-0.53239113,0.47450835,-0.7593356,-0.10825704,-0.55405706,0.40703854,-1.1072049,-0.12208581,-0.2412692,0.27712587,0.09706423,-0.023262274,0.20893414,-0.1900915,-0.5828917,-0.39126515,0.54059947,-0.29078725,0.90176606,0.06308672,0.78376156,-1.0868645,0.04020106,0.51839507,0.48656896,-0.0061860792,0.648293,0.21823621,0.4711321,0.79354745,0.5847963,0.15431488,-0.032301724,0.3059402,-0.0287278,-0.7138905,-0.6688118,-1.2805281,-0.31641793,0.61173,0.21743637,-0.20008026,-0.419454,-0.43245494,-0.57674783,-0.6904769,0.23987496,0.5018145
P04792,-0.7687527,-0.64505833,0.112470955,0.050360046,-0.1169474,-0.15970276,0.27596283,-0.38178357,-0.75299615,0.78331274,-0.40839398,-0.098159194,0.66697747,-0.20925215,1.1592989,1.4207731,-0.217697,0.1095934,-0.54861194,-0.18458016,-0.62578845,0.25269705,-0.9367836,-0.40288374,-0.028125454,0.64892685,0.20586456,-0.6044525,0.04747675,-0.3022508,-0.9995177,-0.086889274,0.4364357,-0.65060836,0.84497654,0.13256362,0.43446916,-0.92458427,-0.09187802,0.09032603,0.7880978,-0.1391806,0.9222988,-0.1856687,0.2991354,0.6661112,0.6843312,0.04500781,0.6334166,0.13623077,-0.012074061,-0.5026561,-0.42662287,-1.2970209,-0.05342553,0.6786544,-0.09210907,-0.656028,-0.26877204,-0.5385502,-0.86027956,-0.62980944,-0.3374895,0.42539573
Q14152,-0.58915937,0.4497027,-0.005992898,0.16296701,-0.42025727,-0.19159654,0.30193156,-0.8830512,-0.068716675,0.51861143,0.29731637,0.38552824,0.06555298,0.44513282,0.76420003,-0.008441299,-0.40836984,0.41425586,-0.5107453,0.60579765,-0.20791559,0.14595555,-0.2809592,-0.07103615,-0.10819444,0.42137071,-0.30370605,-0.17726184,0.5976007,0.42714453,-0.80601704,0.2113738,0.2751226,0.22636472,0.24225745,-0.31506607,-0.21423128,0.049353257,0.2275222,0.48201746,-0.33147213,-0.66186076,0.2867495,0.19150153,0.32590577,-0.15757613,-0.22613487,0.65031946,0.63576746,0.113157496,0.42435893,-0.52370095,-0.40202552,-0.42973626,0.37418237,0.32080513,0.96762264,-0.5477187,-0.1591332,0.22487336,-0.8131816,-0.9387407,-0.2977726,0.50003225
P0ABI4,-0.043169305,0.4671794,-0.028040789,0.17595357,-0.2790056,-0.044419672,0.22651434,-0.5659975,0.2563877,0.18016121,0.5339059,0.48339885,-0.31505603,0.45339653,0.110782385,-0.67302275,-0.4932087,0.14850265,-0.28899807,0.6429324,0.21752335,0.09748052,0.10797023,0.06178285,-0.094864234,0.006323144,-0.31126705,0.3448405,0.513076,0.44158125,-0.10440527,0.08310018,0.13914841,0.6020834,-0.24566746,-0.31212348,-0.356811,0.32291082,0.2562257,0.62144923,-0.67405623,-0.32230946,-0.24263838,0.44080782,0.23663801,-0.31322968,-0.35936922,0.5141246,0.05067067,-0.086289495,0.22445026,-0.34943837,-0.16622047,0.27517462,0.29380658,-0.10577122,1.0228511,0.05727356,-0.12400965,0.43102488,-0.294963,-0.45749176,-0.05713072,0.3581795
P00805,0.14914024,0.66364133,0.019611105,0.11436349,-0.2780324,0.1063976,0.010097049,-0.28145322,0.54334635,-0.2255471,0.7674782,0.4372752,-0.650629,0.47940364,-0.38862348,-0.93939394,-0.21968195,0.0056160986,-0.03914983,0.681361,0.43412697,-0.058157966,0.51430184,-0.016019575,-0.011843909,-0.16791454,-0.3106231,0.47633162,0.3964706,0.41010362,0.4383308,0.24636777,-0.09271733,0.82998693,-0.6186832,-0.49729115,-0.6507754,0.8068101,0.28588766,0.35514122,-0.8484441,-0.19146441,-0.3892526,0.27253377,0.038519327,-0.70475376,-0.43713716,0.31327146,-0.0640469,-0.26522624,0.13154396,-0.03224507,0.030192975,0.99538225,0.24963693,-0.4208519,0.7180731,0.23149496,0.21169218,0.6728595,0.10020414,-0.13105653,-0.18149044,0.08031479
O95361,-0.61734176,-0.8083226,-0.35538566,0.105480336,0.13919586,-0.12486858,0.62532383,-0.13812268,-0.75399536,0.7838106,-0.26013148,0.3907043,0.6965573,-0.18470909,0.7912986,0.8213703,-0.67930007,0.6979224,-0.88353795,0.22289181,-0.36537158,0.46377012,-0.8597365,0.009235576,-0.16614343,0.10723445,-0.15809137,0.2928769,0.2439428,0.1530254,-0.26014358,-0.40426794,0.5914291,0.16034721,0.74707794,-0.08958916,0.804473,-0.89258814,0.20716718,0.7763851,0.14967461,-0.10002576,0.42492044,0.32338896,0.51538104,0.5949948,0.32903028,0.25148746,-0.24984334,0.36795527,0.0756174,-0.840111,-0.79126364,-0.9034564,-0.4640363,0.5676199,0.52081037,0.016256638,-0.31513363,-0.09543446,-0.40912414,-0.84987426,0.47917956,0.5045377
P18510,-0.27656096,-1.0528866,-0.12765813,0.044299252,0.24323912,-0.23632303,0.460608,-0.010540938,-0.8552098,0.7796238,-0.5226387,0.04130256,0.81194085,-0.35366833,0.7737205,1.073576,-0.5148331,0.15931132,-0.6068343,-0.3730373,-0.5293678,0.29572845,-0.93158484,0.035556376,-0.2364381,0.124118745,0.20377557,0.011624105,0.032567497,-0.35554785,-0.4248375,-0.5167895,0.48765615,-0.4201934,0.7366092,0.29741806,0.74023587,-1.1031667,-0.014152497,0.45379353,0.6475065,0.20809963,0.39662766,0.18101573,0.39743012,0.808705,0.5780287,0.04409735,-0.19390284,0.21756883,-0.22216508,-0.5603756,-0.35922226,-1.2632481,-0.31372848,0.48008993,0.06291427,-0.025955692,-0.45050925,-0.58904654,-0.3790567,-0.31553945,0.23274699,0.35503682
P05979,0.02936989,0.06910721,-0.40945297,0.12267402,-0.00606532,-0.077136844,0.3780568,-0.19519734,0.18962874,-0.030513205,0.42958188,0.6480205,-0.27055603,0.19656757,-0.32621393,-0.7400582,-0.5438561,0.46938476,-0.38796207,0.55542123,0.39578128,0.209921,0.22552615,0.30450016,-0.0048902966,-0.35635555,-0.45726073,0.667708,0.33710158,0.6228315,0.46226868,-0.099055,0.2774429,0.814861,-0.28562975,-0.33946306,-0.06860894,0.20969042,0.32960084,0.7964986,-0.6986493,-0.110005274,-0.29626417,0.58557427,0.3774659,-0.34029615,-0.31990805,0.36074272,-0.5172856,-0.01810544,0.08350849,-0.43614304,-0.3308731,0.55530703,0.041580725,-0.17846632,0.9368042,0.59916914,-0.063772924,0.5225507,0.1840726,-0.38240004,0.45278114,0.19477421
P01189,-0.3360527,-1.0034027,0.012009083,0.009647148,0.19369227,-0.24344711,0.29920572,-0.055750057,-0.861825,0.7288106,-0.6211035,-0.13680294,0.84398067,-0.43652245,0.8625258,1.3290061,-0.24695188,0.011730816,-0.45470792,-0.5529402,-0.6461039,0.25065017,-0.90690887,-0.14282304,-0.0818301,0.1835306,0.27632087,-0.38438618,-0.2376917,-0.57322896,-0.7039051,-0.3747354,0.46879315,-0.7878209,0.7379524,0.4007429,0.6177403,-1.1206691,-0.046454124,0.12720269,0.8979412,0.20343608,0.6563426,-0.08361491,0.34895208,0.8663312,0.75480014,-0.12433574,0.15019637,0.1873836,-0.26855516,-0.43484476,-0.20510004,-1.3412304,-0.21518356,0.5261996,-0.2601654,-0.21314892,-0.4154934,-0.7350676,-0.47964388,-0.17066808,-0.042224698,0.22858718
O14939,-0.36892694,-0.04093367,-0.32456645,0.11954278,-0.089964345,-0.12905145,0.47962904,-0.41694912,-0.13542102,0.40073678,0.19884777,0.6249694,0.07586266,0.13538656,0.29619735,-0.21591498,-0.69920546,0.6510804,-0.6631289,0.58555746,0.047342494,0.32370973,-0.22894302,0.18628666,-0.058725405,-0.0520078,-0.4143774,0.44104314,0.37792787,0.5897424,-0.10370281,-0.17141265,0.4178391,0.60507274,0.19390893,-0.19195774,0.23694134,-0.1938732,0.34064922,0.90516025,-0.50228125,-0.33905205,0.00026787072,0.5417791,0.39348933,-0.0071376264,-0.19601172,0.48308286,-0.16177271,0.2285964,0.20745629,-0.7118999,-0.57619625,-0.16402952,-0.07889821,0.22140253,1.0229182,0.18782781,-0.27416697,0.34139398,-0.30747998,-0.8096839,0.42431873,0.48933083
O64743,0.16027635,0.2838176,-0.16010623,0.11269165,-0.13231146,-0.073477685,0.24592482,-0.31217033,0.26395655,0.027261473,0.5252751,0.48883337,-0.37459394,0.3264506,-0.18776593,-0.75092953,-0.48548108,0.1782152,-0.27309763,0.52289647,0.35152197,0.10321143,0.20786957,0.14877474,-0.078537375,-0.22349027,-0.29060978,0.57507294,0.3916868,0.43104923,0.31749004,-0.020298962,0.09376139,0.69860035,-0.38651142,-0.2672009,-0.2669722,0.34470385,0.24753702,0.6670389,-0.6786477,-0.10690436,-0.36378267,0.5088527,0.23783754,-0.31747872,-0.32423574,0.373785,-0.2852926,-0.065730534,0.07254508,-0.28824666,-0.17065015,0.49507487,0.15348117,-0.21992707,0.8909774,0.37599862,-0.0881025,0.47190478,0.05044336,-0.26192638,0.16897881,0.23732784
P00958,0.015972547,0.72524685,-0.11398032,0.063942306,-0.2604477,0.198497,-0.053144485,-0.099855006,0.6361051,-0.45023695,0.784325,0.4969038,-0.72266203,0.31098643,-0.53976244,-0.9235553,-0.10351976,0.2610326,-0.0072358996,0.77366143,0.5047427,-0.10872011,0.6835427,-0.13092467,0.11804208,-0.22060761,-0.38609523,0.49016577,0.25801355,0.5762829,0.6473693,0.33275807,-0.06418163,0.96531194,-0.65459937,-0.6627666,-0.6583867,1.0260193,0.41339427,0.2980124,-0.94220644,-0.18774296,-0.23533782,0.14697567,-0.037781086,-0.94280463,-0.4976947,0.22454298,-0.08151152,-0.23144889,0.14675489,0.036315512,-0.09478681,1.3587658,0.12502022,-0.4566179,0.50246984,0.27373683,0.48768893,0.90940624,0.29873443,-0.08768946,-0.115129575,-0.16734143
P50362,-0.1338084,1.0741192,0.2077535,0.124508195,-0.6176016,0.17177668,-0.15930325,-0.77306354,0.55814123,-0.08258312,0.817062,0.3964205,-0.537458,0.64628786,0.057980094,-0.69648176,-0.11426499,0.0149492845,-0.021070674,0.83359456,0.20545758,-0.1302571,0.3252751,-0.3356217,-0.08328691,0.29910585,-0.30372143,0.048490714,0.53236496,0.30645368,-0.26732677,0.5584023,-0.18250614,0.62123585,-0.31088844,-0.6232676,-0.9285426,0.85432625,0.25107434,0.07694131,-0.9546781,-0.51252043,-0.04640954,0.13618341,-0.039665427,-0.7546716,-0.4071435,0.4530678,0.6346511,-0.30733597,0.38351312,-0.03879864,-0.05199143,0.714904,0.47154155,-0.22837013,0.6812724,-0.3712383,0.291435,0.63615125,-0.48554218,-0.41568804,-0.58862305,0.31045324
Q3Y454,0.01162079,1.1085039,0.20198433,0.064442165,-0.48635033,0.2740847,-0.26730585,-0.39754757,0.7192251,-0.3737967,0.931594,0.33305204,-0.807307,0.53142637,-0.358866,-0.8484093,0.13091478,-0.1268191,0.14168927,0.7634557,0.40477633,-0.2924862,0.6803335,-0.31853172,0.045465317,0.04716508,-0.3464322,0.20642452,0.30963624,0.26655585,0.22762538,0.5724659,-0.349741,0.7820117,-0.670184,-0.63082796,-0.9786058,1.1693995,0.25250268,0.0059069097,-1.0308325,-0.39449784,-0.23089957,0.017118163,-0.29290256,-0.94430625,-0.43697813,0.2286326,0.4279784,-0.32891512,0.2461726,0.23625997,0.05056866,1.2053199,0.3349236,-0.4390164,0.45569986,-0.18507127,0.5059424,0.8095336,-0.12906323,-0.100287855,-0.53265405,0.0058047976
P01270,-0.2376141,-1.1274942,-0.033889115,0.12483857,0.5460058,-0.23792356,0.33959514,0.38229284,-0.8164111,0.47168872,-0.6067141,-0.29635847,0.762527,-0.597657,0.52931696,1.1704082,-0.049870446,-0.27083147,-0.29449615,-0.75964177,-0.5445049,0.15320203,-0.5342124,0.0042624474,0.055222895,-0.1824941,0.3082801,-0.30546525,-0.45954818,-0.6791368,-0.300836,-0.4493748,0.4642509,-0.8770904,0.38077447,0.48073733,0.5982431,-0.9509158,-0.07513977,0.085511364,1.0650321,0.39477843,0.3703069,-0.2973708,0.29323056,0.78399336,0.6937434,-0.25927782,-0.169116,0.09475645,-0.47962785,-0.22657996,0.06587887,-1.0270902,-0.28037766,0.26863143,-0.4060732,-0.009628437,-0.25902963,-0.7519429,-0.1791638,0.26898655,0.012905419,-0.18418634
Q13200,-0.6100298,0.30643734,0.005833923,0.17254807,-0.34431922,-0.20388642,0.29338884,-0.8285568,-0.16179684,0.49886316,0.23667334,0.2775061,0.16685864,0.35043132,0.83764577,0.20404966,-0.32930288,0.32172656,-0.50290906,0.43877488,-0.26768988,0.14906076,-0.3125011,-0.11117964,-0.09894848,0.47483626,-0.17075093,-0.31738523,0.51477945,0.32280338,-0.83922917,0.20706709,0.31190497,0.06528087,0.29867244,-0.26396102,-0.17071229,-0.042274192,0.14363919,0.3880148,-0.113085955,-0.5721649,0.35654035,0.056129053,0.36539373,-0.0657216,-0.10485483,0.58232486,0.6635469,0.07025842,0.37977463,-0.4726813,-0.3466169,-0.54010177,0.37337005,0.3302194,0.80562615,-0.6294882,-0.116211616,0.039758593,-0.8423403,-0.85374093,-0.3840614,0.4550754
P36776,-0.5316247,0.0760534,-0.25925335,0.1370803,-0.17644225,-0.0769998,0.43757513,-0.4705703,-0.11625934,0.3877611,0.26592132,0.6165972,0.09636882,0.17621833,0.39001125,-0.1259982,-0.6025944,0.64064455,-0.64785045,0.68533015,-0.013904467,0.3242055,-0.2466034,0.08387056,-0.010569606,0.06506783,-0.43842012,0.322856,0.38311443,0.5795452,-0.23520187,-0.08970493,0.3996457,0.5584325,0.26833275,-0.27169225,0.15548097,-0.15236542,0.35030434,0.78506297,-0.5226655,-0.4121174,0.116233,0.4254365,0.38531795,-0.081044756,-0.17673844,0.48976073,0.021527212,0.18695764,0.27681598,-0.72702867,-0.5717944,-0.09671046,-0.07500522,0.24169204,0.9849931,0.07184824,-0.18512857,0.40518597,-0.41846663,-0.8511864,0.28620836,0.4656859
O96020,-0.82944334,0.13114771,-0.17140491,0.18418896,-0.24190469,-0.097544864,0.3766377,-0.56046015,-0.28988478,0.50041145,0.20476401,0.4556088,0.2746462,0.22892982,0.6577761,0.27733856,-0.3941822,0.60910743,-0.6538759,0.5974287,-0.2887099,0.27562916,-0.34962422,-0.036097012,0.020735074,0.26528808,-0.3682515,-0.04597083,0.43106437,0.43961883,-0.5432862,0.08426807,0.43205985,0.29115576,0.4397504,-0.3748624,0.10865775,-0.18812919,0.31699324,0.5319798,-0.2479521,-0.5513176,0.36888716,0.12072004,0.39942273,-0.11984314,-0.07935157,0.49000153,0.376963,0.14124063,0.34075794,-0.69562984,-0.52587014,-0.32177442,-0.014117089,0.33636534,0.7956512,-0.31982118,-0.05710239,0.21344504,-0.7134905,-0.981676,-0.043313466,0.43337905
P00346,-0.42955124,0.9400743,0.16102384,0.1669754,-0.59776264,-0.03839996,0.05315931,-1.0338413,0.29911265,0.2753027,0.56744033,0.3720101,-0.21841906,0.6221171,0.53311473,-0.3823154,-0.30267337,0.26005617,-0.2606035,0.77699715,-0.029608384,0.01994867,-0.029218433,-0.27330458,-0.0896523,0.5031407,-0.27895373,-0.18436451,0.6724044,0.40329644,-0.7396622,0.47677493,-0.0010822937,0.36099836,0.036971383,-0.5221374,-0.6794691,0.4802789,0.2442233,0.23852926,-0.6928423,-0.65915644,0.24514556,0.18642393,0.2085301,-0.47606748,-0.34257498,0.61693704,0.80145735,-0.1237797,0.472352,-0.34170252,-0.21244991,0.08371997,0.54855144,0.07552125,0.8701427,-0.5951372,0.012682788,0.4537217,-0.78321993,-0.8474714,-0.55791706,0.47485846
P06241,-0.6888943,0.24759933,-0.06942187,0.0982604,-0.38013032,-0.23009354,0.39150792,-0.81156635,-0.24763161,0.69024867,0.17809738,0.4001332,0.21243758,0.34711704,0.874664,0.20275478,-0.50501406,0.6328009,-0.70117444,0.63325036,-0.28489834,0.22845525,-0.52313626,-0.043901995,-0.13225752,0.4114435,-0.34086764,-0.05260272,0.605904,0.4277092,-0.7531135,0.09296679,0.30019173,0.2940895,0.43335912,-0.25116453,0.107580155,-0.13726729,0.28681412,0.633117,-0.31033218,-0.67489576,0.37614667,0.31412208,0.32273984,-0.0024134666,-0.12878075,0.6015139,0.5370204,0.28565866,0.41610518,-0.6944389,-0.6231136,-0.6315625,0.15467565,0.473426,0.9660628,-0.5014381,-0.27094018,0.21207279,-0.78815794,-1.0995685,-0.06718205,0.6035778
P16330,-0.3426568,-0.52763814,-0.4146734,0.14507307,0.15130731,-0.117003374,0.5484988,-0.040508892,-0.38234192,0.3606309,0.04207112,0.48053485,0.27778965,-0.120537445,0.21549127,0.20433727,-0.55662715,0.47510606,-0.645161,0.30732828,-0.016370982,0.30659276,-0.26741666,0.1993284,-0.06284417,-0.14859076,-0.280839,0.4780445,0.17524898,0.31448704,0.116515726,-0.30453283,0.48915783,0.40044242,0.23984167,-0.1399983,0.40998417,-0.45864347,0.22944719,0.80595285,-0.1766646,-0.018478375,0.004322581,0.36262047,0.4082853,0.22074653,0.045360543,0.26082188,-0.42236373,0.1711664,0.011978373,-0.6314947,-0.47426417,-0.24320136,-0.31036076,0.18157572,0.67404413,0.32453793,-0.14864829,0.10295054,-0.11483221,-0.50381064,0.45908713,0.29662713
P02753,-0.48951337,-0.78336424,-0.16099162,0.07258298,0.07120551,-0.18256077,0.49901026,-0.23619671,-0.74529,0.802632,-0.34009206,0.14848322,0.7397208,-0.1505818,0.9374368,0.94559026,-0.5444305,0.3574298,-0.72959435,-0.041905444,-0.45531553,0.3499645,-0.9031673,-0.05892601,-0.22427744,0.27144998,0.055368066,0.0133173205,0.23352952,-0.10602839,-0.54043865,-0.34791258,0.48725072,-0.17761892,0.75258595,0.09426956,0.67100793,-0.92086256,0.042919256,0.5588859,0.37493777,-0.052268382,0.4785319,0.23364666,0.45428732,0.67490983,0.45225188,0.21569356,-0.012780857,0.28099865,0.017417938,-0.6617014,-0.5983962,-1.1758612,-0.22667415,0.55989313,0.33583617,-0.19700728,-0.4113609,-0.3676024,-0.53278387,-0.65284264,0.21212411,0.47302908
O15372,-0.79485357,0.35295066,-0.055573627,0.20971422,-0.32931545,-0.108276814,0.2803711,-0.7103319,-0.1469509,0.40828657,0.28207552,0.37724182,0.19373108,0.3652224,0.7044977,0.17657837,-0.2560573,0.44026285,-0.49674383,0.5520938,-0.28239602,0.20135723,-0.19766487,-0.11461977,0.033936955,0.37464067,-0.29881603,-0.3048347,0.46254694,0.39403284,-0.72201425,0.26617524,0.38434985,0.15341848,0.32881895,-0.39995933,-0.16294491,-0.00789064,0.24554852,0.3423091,-0.20247166,-0.63205874,0.3953333,-0.0264939,0.40563554,-0.24168222,-0.12163732,0.5601114,0.6188375,0.031090692,0.39487818,-0.5433839,-0.35959563,-0.2916689,0.24168856,0.28807086,0.7685584,-0.51730466,0.024120271,0.16744062,-0.83147573,-0.92890203,-0.33347917,0.36928514
A0A3L7I2I8,-0.13491018,0.07286931,-0.23058169,0.18130486,0.008379456,0.039679207,0.17574584,0.118651226,0.14846529,-0.22655275,0.49593163,0.38523832,-0.274208,0.110718675,-0.38597995,-0.3839745,-0.09325304,0.03288878,-0.12025638,0.37443954,0.23478343,-0.005323181,0.50466853,0.17157376,0.13976465,-0.34178334,-0.35283816,0.35103956,0.08022581,0.26002625,0.4968829,0.09474921,0.21488485,0.5285479,-0.40735137,-0.43695077,-0.30218336,0.35749403,0.28294957,0.3497817,-0.47812206,0.019432433,-0.27845365,0.019332014,0.15091658,-0.49449605,-0.21220195,0.16220088,-0.27459598,-0.23006569,-0.06948019,-0.12116493,0.094010025,0.8263139,-0.023392837,-0.39383808,0.4565121,0.35992748,0.32748592,0.32519168,0.12501393,0.044774406,-0.03718958,-0.22241296
P27302,-0.07176989,0.83954203,0.08930938,0.12215413,-0.4928936,0.121373445,-0.0039686263,-0.63642716,0.49897805,-0.016888186,0.72417414,0.5092602,-0.5104546,0.5813874,-0.025260676,-0.79348505,-0.3549632,0.16626975,-0.15407196,0.8513187,0.27158892,-0.0072528925,0.24749988,-0.16858093,-0.06928201,0.14251149,-0.32724714,0.2925339,0.5540083,0.47325575,-0.064110816,0.32134637,-0.045796566,0.7811349,-0.30913225,-0.5572279,-0.6490107,0.690815,0.32649547,0.38089615,-0.91971797,-0.41476023,-0.15462518,0.34014693,0.08562303,-0.6297445,-0.44285944,0.47807392,0.28704125,-0.21798293,0.33233514,-0.21491422,-0.14051732,0.67629755,0.34207317,-0.19761822,0.8770551,-0.07429577,0.10960988,0.6763432,-0.28632843,-0.479455,-0.28019476,0.35559624
P04509,-0.10012156,0.18072009,-0.13668498,0.1723446,-0.110205784,-0.13403532,0.36931264,-0.43282643,0.07328972,0.31851757,0.33990967,0.49921536,-0.1765037,0.30743656,0.19884793,-0.55370283,-0.5660703,0.23545328,-0.4165541,0.52275175,0.16629566,0.15782359,0.03358332,0.23797503,-0.08494133,-0.08669354,-0.3482375,0.33749017,0.45345622,0.46530247,-0.14549682,-0.070182145,0.30137625,0.4771545,-0.19893783,-0.1899772,-0.11865905,0.043582164,0.22942364,0.75840616,-0.52649075,-0.27552882,-0.25998572,0.48207623,0.3343961,-0.09019189,-0.29888704,0.5573924,-0.10700477,0.020719048,0.17024365,-0.44150862,-0.24667543,0.011032224,0.2400366,-0.0068017244,1.1169488,0.15741952,-0.24497938,0.32072306,-0.2754351,-0.48803237,0.15295237,0.3244834
O14503,-0.97969925,-0.17337498,-0.27526233,0.1787261,-0.086419806,-0.054947827,0.47005796,-0.3645632,-0.48596415,0.58505166,0.01735244,0.4536865,0.47859293,0.069619514,0.7106898,0.57436085,-0.4212213,0.73378414,-0.7807089,0.53029126,-0.3883689,0.37159777,-0.48996526,-0.05596276,0.05675223,0.21691069,-0.3763538,-0.029935148,0.3350904,0.38820297,-0.4783068,-0.00881659,0.561506,0.2437981,0.6257248,-0.37921333,0.39191848,-0.44815126,0.339236,0.5125419,-0.051360194,-0.46219748,0.5067869,0.049998455,0.49593213,0.037804365,0.070594504,0.3781912,0.22727068,0.20578468,0.2939335,-0.77142316,-0.65669715,-0.452626,-0.2433086,0.4599462,0.63125527,-0.24739976,-0.0366494,0.16657537,-0.6592386,-1.0450977,0.1111041,0.4331656
